frame-000000.color.jpg 0.24588555316820618 0.6527474522590637 -0.6229533553123474 0.3541046977043152 -1.2953803539276123 -2.5587339401245117 4.884727954864502 0.1839969319264529 0.008810360915958881 4335
frame-000001.color.jpg 0.24407226918298025 0.6505370140075684 -0.6237016320228577 0.3580872714519501 -1.3427728414535522 -2.5433926582336426 4.88016939163208 0.1459254441525886 0.007506953086704016 4339
frame-000002.color.jpg 0.24063811630960752 0.6463879942893982 -0.6306918263435364 0.35567378997802734 -1.4155802726745605 -2.5747995376586914 4.837202548980713 0.16409788281092155 0.007139852736145258 4365
frame-000003.color.jpg 0.22511272048338452 0.6489421725273132 -0.6415711641311646 0.3414451479911804 -1.4494653940200806 -2.7986152172088623 4.6956257820129395 0.17839999210802412 0.005888720043003559 4477
frame-000004.color.jpg 0.213098409831608 0.6559860110282898 -0.6450154185295105 0.32897812128067017 -1.4091156721115112 -2.987076997756958 4.588231086730957 0.0784013469143029 0.003188601927831769 4425
frame-000005.color.jpg 0.18976572259307395 0.6642492413520813 -0.6552942991256714 0.3055347502231598 -1.3894481658935547 -3.3218507766723633 4.353503704071045 0.1334872027665326 0.002637255936861038 4325
frame-000006.color.jpg 0.16731738206744487 0.6738722324371338 -0.6605982184410095 0.2855015695095062 -1.342043399810791 -3.6173815727233887 4.1224260330200195 0.23437161810792 0.004888342693448067 4059
frame-000007.color.jpg 0.1568291424825525 0.6803103685379028 -0.6661701202392578 0.26229745149612427 -1.262613296508789 -3.8332457542419434 3.9439194202423096 0.21571854490738707 0.0039228093810379505 3890
frame-000008.color.jpg 0.1486274187562893 0.6830257177352905 -0.6702149510383606 0.24939458072185516 -1.2334753274917603 -3.960059642791748 3.8173182010650635 0.13385197755689357 0.003632579930126667 3555
frame-000009.color.jpg 0.14553138236413213 0.6849191784858704 -0.6682792901992798 0.25121527910232544 -1.22118079662323 -3.9710190296173096 3.8065080642700195 0.2866354252240642 0.0021201621275395155 3570
frame-000010.color.jpg 0.1498250237292137 0.6798507571220398 -0.6690055727958679 0.260359525680542 -1.2923297882080078 -3.888737201690674 3.8718631267547607 0.11336004934510661 0.0032395159360021353 3785
frame-000011.color.jpg 0.16603112233888273 0.673709511756897 -0.6614758372306824 0.2846030294895172 -1.3416160345077515 -3.634086847305298 4.093486785888672 0.2524375751843095 0.005632605869323015 4118
frame-000012.color.jpg 0.19471830819809333 0.6702972650527954 -0.6510003209114075 0.2983034551143646 -1.2604737281799316 -3.3495748043060303 4.363717555999756 0.1258777450411169 0.00646855728700757 4328
frame-000013.color.jpg 0.21618848221475417 0.664234459400177 -0.6418087482452393 0.3164435029029846 -1.2488676309585571 -3.0633652210235596 4.580825328826904 0.14499133574231002 0.007989108562469482 4440
frame-000014.color.jpg 0.2231050645132024 0.6613135933876038 -0.6376727819442749 0.32597851753234863 -1.264875888824463 -2.941903829574585 4.662652969360352 0.19498438510390267 0.00757863512262702 4415
frame-000015.color.jpg 0.23252725978930738 0.6595140695571899 -0.6319002509117126 0.3341769576072693 -1.25009286403656 -2.810532808303833 4.75506067276001 0.10088066674147185 0.006593356374651194 4411
frame-000016.color.jpg 0.2420104992219246 0.6598604321479797 -0.6240301728248596 0.34146952629089355 -1.2055792808532715 -2.686784505844116 4.844302654266357 0.13957198084230157 0.008270932361483574 4392
frame-000017.color.jpg 0.260960169861952 0.6586247682571411 -0.6134735941886902 0.34894606471061707 -1.1132090091705322 -2.4770684242248535 4.987456321716309 0.045211049828724245 0.007187302224338055 4345
frame-000018.color.jpg 0.2717528061199394 0.6558340191841125 -0.6058940887451172 0.3590606451034546 -1.09871506690979 -2.3060319423675537 5.075700283050537 0.038667418443894604 0.0086684450507164 4226
frame-000019.color.jpg 0.28460530297426095 0.6533994674682617 -0.598013162612915 0.36667314171791077 -1.060218095779419 -2.1210291385650635 5.167913436889648 0.3491417680113037 0.012405197136104107 4143
frame-000020.color.jpg 0.2850310797941241 0.6563843488693237 -0.5880160331726074 0.37703317403793335 -1.0424443483352661 -2.0397520065307617 5.210172653198242 0.29199101390486826 0.012511199340224266 4111
frame-000021.color.jpg 0.28710967468539267 0.6634733080863953 -0.5743375420570374 0.38406720757484436 -0.9417760372161865 -1.9693819284439087 5.260236740112305 0.15454898486655283 0.00995902344584465 4088
frame-000022.color.jpg 0.29854785543198104 0.6750433444976807 -0.553860604763031 0.38525837659835815 -0.6987411975860596 -1.8494185209274292 5.340831279754639 0.13404669130909183 0.012600718066096306 4151
frame-000023.color.jpg 0.30955861562685705 0.6903605461120605 -0.5357517600059509 0.37489446997642517 -0.3743605613708496 -1.8150622844696045 5.380974292755127 0.2440966068668281 0.012616254389286041 4247
frame-000024.color.jpg 0.32250736785056544 0.7081143856048584 -0.5171846151351929 0.3564871549606323 0.04235102981328964 -1.811246395111084 5.390986919403076 0.12595553182441838 0.010318443179130554 4453
frame-000025.color.jpg 0.3402553426007485 0.7256612181663513 -0.49266839027404785 0.33899855613708496 0.5045313239097595 -1.732114553451538 5.400890350341797 0.18797714462399848 0.010375292971730232 4473
frame-000026.color.jpg 0.34805383542959867 0.7351200580596924 -0.4764946401119232 0.3337811529636383 0.7406895756721497 -1.65929114818573 5.401580810546875 0.08964786703253713 0.007896117866039276 4478
frame-000027.color.jpg 0.3606265837255474 0.7427394390106201 -0.46239301562309265 0.3232325315475464 1.007252812385559 -1.5798211097717285 5.385539531707764 0.13716766087296453 0.009683297015726566 4427
frame-000028.color.jpg 0.36783313280244634 0.7510624527931213 -0.44915932416915894 0.31441986560821533 1.2285492420196533 -1.531113862991333 5.356603145599365 0.08954711507217283 0.00814010575413704 4436
frame-000029.color.jpg 0.38238560463297777 0.7641421556472778 -0.4253685772418976 0.2982104420661926 1.6189696788787842 -1.430403709411621 5.283429145812988 0.289062436896093 0.012871144339442253 4394
frame-000030.color.jpg 0.3905507818744964 0.7756991386413574 -0.40608465671539307 0.28435206413269043 1.9237163066864014 -1.3709361553192139 5.197964191436768 0.29269188202716145 0.012216603383421898 4417
frame-000031.color.jpg 0.39833635364624903 0.7850929498672485 -0.38891226053237915 0.27148550748825073 2.1957695484161377 -1.3097373247146606 5.105984210968018 0.45679051189002345 0.014649452641606331 4380
frame-000032.color.jpg 0.4022418622658106 0.7905737161636353 -0.38134765625 0.2603238523006439 2.3763139247894287 -1.3061808347702026 5.028874397277832 0.3527565122274007 0.01110930647701025 4366
frame-000033.color.jpg 0.4122324012592486 0.786882758140564 -0.3864597678184509 0.24805006384849548 2.496978759765625 -1.3193190097808838 4.970707893371582 0.4999288127490604 0.014673118479549885 4161
frame-000034.color.jpg 0.4186706834937936 0.7846179008483887 -0.3849364221096039 0.24680662155151367 2.5676333904266357 -1.2605745792388916 4.96470832824707 0.3360127036835111 0.010168418288230896 3998
frame-000035.color.jpg 0.4179272404694016 0.7807497978210449 -0.39190080761909485 0.24935993552207947 2.532189130783081 -1.2930102348327637 4.987748622894287 0.4241144333334329 0.011847334913909435 3929
frame-000036.color.jpg 0.4235538708103947 0.7700890302658081 -0.4068538546562195 0.2490682303905487 2.4664883613586426 -1.3272570371627808 5.030642986297607 0.3167098420371146 0.009584305807948112 3811
frame-000037.color.jpg 0.4143878941675491 0.7663900256156921 -0.418182373046875 0.25700661540031433 2.3341875076293945 -1.4109406471252441 5.089860916137695 0.14727930237191883 0.006712161935865879 3860
frame-000038.color.jpg 0.4089689985588251 0.7684329152107239 -0.4172936975955963 0.26100051403045654 2.3365046977996826 -1.4240412712097168 5.1012349128723145 0.17392389700456504 0.006434547249227762 3706
frame-000039.color.jpg 0.41509459722295605 0.7730475068092346 -0.4060923457145691 0.2553096413612366 2.488614797592163 -1.3629974126815796 5.0451130867004395 0.30704757896077955 0.010279787704348564 3633
frame-000040.color.jpg 0.4215071716058402 0.7918229699134827 -0.3736739754676819 0.23604191839694977 2.8853583335876465 -1.2722370624542236 4.845848083496094 0.27146896349162447 0.009062769822776318 3586
frame-000041.color.jpg 0.42347870954560973 0.8019058704376221 -0.35721802711486816 0.22362495958805084 3.086421012878418 -1.2378052473068237 4.712565898895264 0.13777327987284782 0.007115337532013655 3612
frame-000042.color.jpg 0.42543831857488573 0.8192476034164429 -0.3190686106681824 0.21454791724681854 3.373608350753784 -1.0317182540893555 4.522280693054199 0.17324465336790576 0.0063361660577356815 3810
frame-000043.color.jpg 0.42398070123412307 0.8272804021835327 -0.3071591258049011 0.20371755957603455 3.4942524433135986 -1.0301861763000488 4.397757053375244 0.25342261652867226 0.0073349084705114365 3887
frame-000044.color.jpg 0.42663037870352594 0.8293957710266113 -0.3013962507247925 0.19811506569385529 3.555504322052002 -1.0024490356445312 4.334717750549316 0.22577094251941945 0.00593747990205884 3909
frame-000045.color.jpg 0.43870937901375623 0.8319058418273926 -0.2824248671531677 0.18895182013511658 3.7184958457946777 -0.8456985950469971 4.21543550491333 0.24480782699458215 0.005535893142223358 3845
frame-000046.color.jpg 0.444992691444876 0.8381679058074951 -0.2623268663883209 0.17504504323005676 3.912534475326538 -0.7472367882728577 4.045473098754883 0.1540944971422693 0.004770793952047825 3864
frame-000047.color.jpg 0.4497786802023104 0.8437986969947815 -0.24374540150165558 0.16214527189731598 4.085801601409912 -0.6559545993804932 3.8791160583496094 0.20530001180324498 0.006506300065666437 3788
frame-000048.color.jpg 0.45345861996578907 0.8489746451377869 -0.2262476235628128 0.14976376295089722 4.239865303039551 -0.5760963559150696 3.7162160873413086 0.2805654681251856 0.008267177268862724 3813
frame-000049.color.jpg 0.4592969485373252 0.8507207632064819 -0.21400684118270874 0.13971911370754242 4.347644805908203 -0.5026657581329346 3.589385747909546 0.33588397062591224 0.009199767373502254 3831
frame-000050.color.jpg 0.46763103750484813 0.8528037071228027 -0.19451817870140076 0.1273171752691269 4.485165596008301 -0.3666329085826874 3.409982919692993 0.2569673779862031 0.006720005068928003 3853
frame-000051.color.jpg 0.47205876546868575 0.8530116677284241 -0.18501976132392883 0.12369028478860855 4.5248122215271 -0.2866863012313843 3.336291790008545 0.16433452485327868 0.005822563078254461 3811
frame-000052.color.jpg 0.46555919812792323 0.8585207462310791 -0.17979146540164948 0.11777856200933456 4.545178413391113 -0.31438231468200684 3.2559423446655273 0.08901828900970592 0.004952873568981886 3801
frame-000053.color.jpg 0.45475054998250547 0.8590719699859619 -0.19228649139404297 0.13499362766742706 4.381381988525391 -0.3716127276420593 3.423011302947998 0.14975931471108136 0.0027637046296149492 3814
frame-000054.color.jpg 0.446734852627756 0.8554168343544006 -0.2133481502532959 0.15222524106502533 4.196346282958984 -0.4747995138168335 3.620026111602783 0.19449869462089128 0.006880295462906361 3757
frame-000055.color.jpg 0.4482357839283183 0.8467742800712585 -0.2333938330411911 0.16608847677707672 4.027556419372559 -0.535044252872467 3.7879767417907715 0.18996076762914507 0.005411034915596247 3851
frame-000056.color.jpg 0.43963781055723083 0.8339981436729431 -0.2703720033168793 0.1951017826795578 3.68473482131958 -0.6729989051818848 4.093935966491699 0.18371921536758312 0.005941946525126696 3856
frame-000057.color.jpg 0.4344815787042761 0.8297467827796936 -0.2824549674987793 0.20728065073490143 3.548610210418701 -0.7098236680030823 4.200987339019775 0.12658285535121494 0.0041404287330806255 3939
frame-000058.color.jpg 0.43322203233025514 0.8248782157897949 -0.29080089926719666 0.21755312383174896 3.4479050636291504 -0.7123216986656189 4.284276962280273 0.14850522794644358 0.004168752580881119 3815
frame-000059.color.jpg 0.425647707908325 0.8223081827163696 -0.3003770112991333 0.22892536222934723 3.3266725540161133 -0.7669351100921631 4.366075038909912 0.05609214815625619 0.0021049983333796263 3793
frame-000060.color.jpg 0.41071630097054485 0.8255599141120911 -0.3089146614074707 0.2330980896949768 3.246159315109253 -0.9111762642860413 4.390846252441406 0.21272380044102737 0.0035978099331259727 3739
frame-000061.color.jpg 0.3972626563803411 0.8410395383834839 -0.29479607939720154 0.21892936527729034 3.412616729736328 -1.0266519784927368 4.220438003540039 0.15980807044490397 0.002231636783108115 3550
frame-000062.color.jpg 0.4077536253318574 0.8453915119171143 -0.27919861674308777 0.20272749662399292 3.611029863357544 -0.9568738341331482 4.076235294342041 0.299292913014435 0.0048933555372059345 3614
frame-000063.color.jpg 0.4079759918406451 0.8497458696365356 -0.2732185423374176 0.19193536043167114 3.706908702850342 -0.988892138004303 3.9896655082702637 0.1205100434467067 0.001606637379154563 3696
frame-000064.color.jpg 0.40928227303757786 0.8579276204109192 -0.25601890683174133 0.17579104006290436 3.889674186706543 -0.9603752493858337 3.835428237915039 0.3280258913466655 0.005750600714236498 3790
frame-000065.color.jpg 0.40796456390206637 0.8636929392814636 -0.24333041906356812 0.16849282383918762 3.99202823638916 -0.9246102571487427 3.7471823692321777 0.2821979900585244 0.00512967724353075 3944
frame-000066.color.jpg 0.39662651548849187 0.8757451176643372 -0.2300957441329956 0.15104278922080994 4.129195690155029 -1.0056477785110474 3.583643913269043 0.22830915820887254 0.0038068140856921673 4152
frame-000067.color.jpg 0.39294040770347866 0.8796799778938293 -0.22251690924167633 0.1491551697254181 4.171316146850586 -0.9849511384963989 3.5472171306610107 0.11104406159762355 0.0010081807849928737 4221
frame-000068.color.jpg 0.37976173378822187 0.8884991407394409 -0.21602024137973785 0.1403055638074875 4.2340545654296875 -1.0602588653564453 3.453134775161743 0.11754558126436249 0.0010561671806499362 4230
frame-000069.color.jpg 0.3704724669994896 0.8940222859382629 -0.2179681807756424 0.12634916603565216 4.276812553405762 -1.2087976932525635 3.3520138263702393 0.2648501633403383 0.0024595502763986588 4234
frame-000070.color.jpg 0.36222104364402496 0.8998135328292847 -0.21292494237422943 0.11744944751262665 4.339606285095215 -1.2829614877700806 3.2783546447753906 0.13292639354286429 0.003662074450403452 4369
frame-000071.color.jpg 0.35053470614114285 0.9068779945373535 -0.20634326338768005 0.11009129136800766 4.410325527191162 -1.3367669582366943 3.187687635421753 0.20859899317236114 0.00467817485332489 4496
frame-000072.color.jpg 0.3417027763062748 0.9129677414894104 -0.19890961050987244 0.10081709176301956 4.500515937805176 -1.3755019903182983 3.076200485229492 0.26380573136670815 0.0062425159849226475 4364
frame-000073.color.jpg 0.3375889989730902 0.9153599143028259 -0.19579315185546875 0.09906986355781555 4.529163360595703 -1.384960651397705 3.0434253215789795 0.375661524928612 0.006666725967079401 4289
frame-000074.color.jpg 0.33024854457411856 0.9191847443580627 -0.1899084746837616 0.09984970092773438 4.5734076499938965 -1.3741023540496826 3.0201573371887207 0.32519883336051486 0.006005143281072378 4281
frame-000075.color.jpg 0.32906231355764876 0.9193682670593262 -0.1910395473241806 0.09991931170225143 4.583690643310547 -1.3916267156600952 3.0248641967773438 0.36410420452271575 0.005635398905724287 4312
frame-000076.color.jpg 0.33483693468685843 0.914933443069458 -0.20082785189151764 0.10222099721431732 4.5588812828063965 -1.4389305114746094 3.0886034965515137 0.3934350378507339 0.006804082076996565 4407
frame-000077.color.jpg 0.33708097090026 0.9132260084152222 -0.20421040058135986 0.10340622812509537 4.559971332550049 -1.448834776878357 3.1189162731170654 0.39888187358998106 0.007380139548331499 4270
frame-000078.color.jpg 0.3353845897262036 0.9120729565620422 -0.2072901874780655 0.11256479471921921 4.538949489593506 -1.4410455226898193 3.215172529220581 0.4789432699676078 0.009099474176764488 4141
frame-000079.color.jpg 0.33622741550070634 0.9070318937301636 -0.22059887647628784 0.12482116371393204 4.433684825897217 -1.4941343069076538 3.3687803745269775 0.41751639055392126 0.00861031748354435 4129
frame-000080.color.jpg 0.3386232675816312 0.8967417478561401 -0.2450869232416153 0.1453302800655365 4.216992378234863 -1.589778184890747 3.6285903453826904 0.3324053766259659 0.006856088060885668 4100
frame-000081.color.jpg 0.33361879449827014 0.8902313709259033 -0.26646649837493896 0.15868909657001495 4.0326337814331055 -1.72260320186615 3.7946548461914062 0.38745101840543583 0.008528251200914383 3925
frame-000082.color.jpg 0.336121992781644 0.8799487948417664 -0.2866811156272888 0.174716979265213 3.82808518409729 -1.785717248916626 3.9901058673858643 0.36306945754388525 0.00893263891339302 3831
frame-000083.color.jpg 0.34622451632328577 0.8688943386077881 -0.302471399307251 0.1834724396467209 3.706693410873413 -1.7924716472625732 4.1280293464660645 0.28209884559385345 0.00749216228723526 3600
frame-000084.color.jpg 0.356098909996638 0.855917751789093 -0.31915754079818726 0.19681710004806519 3.528966188430786 -1.7699265480041504 4.311802387237549 0.29057390973464925 0.009618938900530338 3598
frame-000085.color.jpg 0.35599731573058285 0.8503685593605042 -0.32846319675445557 0.20555108785629272 3.4157867431640625 -1.7857218980789185 4.414425849914551 0.3685722688178148 0.011386705562472343 3480
frame-000086.color.jpg 0.35389988242554266 0.8470179438591003 -0.33375537395477295 0.21429625153541565 3.3270456790924072 -1.7906616926193237 4.49503755569458 0.24039632520354726 0.00975855253636837 3357
frame-000087.color.jpg 0.34842327265117795 0.8479645848274231 -0.33323076367378235 0.2202601283788681 3.295727491378784 -1.7937734127044678 4.536411762237549 0.2838464135260247 0.011710595339536667 3301
frame-000088.color.jpg 0.3411868089538871 0.8471312522888184 -0.33900293707847595 0.22591425478458405 3.209749698638916 -1.853293538093567 4.580887794494629 0.3003743774199713 0.012817547656595707 3355
frame-000089.color.jpg 0.33850728469570535 0.8423197269439697 -0.35170748829841614 0.22849945724010468 3.0957539081573486 -1.9474507570266724 4.625972270965576 0.2473453756733741 0.011160188354551792 3362
frame-000090.color.jpg 0.34775308300515295 0.8446038365364075 -0.34145665168762207 0.22162935137748718 3.237119674682617 -1.8553755283355713 4.570211410522461 0.21229235126497942 0.00997888669371605 3330
frame-000091.color.jpg 0.3714493148524794 0.8551202416419983 -0.3045213222503662 0.19509360194206238 3.6946828365325928 -1.5714329481124878 4.316805362701416 0.21980355832001006 0.010795600712299347 3218
frame-000092.color.jpg 0.3939069341291717 0.8609457015991211 -0.27297359704971313 0.17057384550571442 4.045995712280273 -1.3083785772323608 4.053771495819092 0.22769006559363436 0.010451095178723335 3503
frame-000093.color.jpg 0.4081132309472533 0.8647303581237793 -0.24763505160808563 0.15608307719230652 4.266414642333984 -1.0946866273880005 3.8609561920166016 0.1260101333171388 0.00360659952275455 3707
frame-000094.color.jpg 0.41679865619468115 0.8676440715789795 -0.2286682426929474 0.14554549753665924 4.41874361038208 -0.9423295259475708 3.7086453437805176 0.09843701315344772 0.0038852612487971783 3779
frame-000095.color.jpg 0.4409617981394071 0.8722655177116394 -0.18236632645130157 0.10699593275785446 4.806474208831787 -0.6186656355857849 3.2024807929992676 0.062023200284953624 0.0032000259961932898 3873
frame-000096.color.jpg 0.44957594861467354 0.8732783198356628 -0.16803377866744995 0.08385170996189117 4.969315528869629 -0.5761446356773376 2.939358949661255 0.2711778533586791 0.0043219090439379215 3827
frame-000097.color.jpg 0.463143473025493 0.8738211989402771 -0.135469451546669 0.059856340289115906 5.177542209625244 -0.3477545380592346 2.578737735748291 0.20444781230215367 0.0035403443034738302 3749
frame-000098.color.jpg 0.4743462633380871 0.8710616827011108 -0.11844900995492935 0.04708462581038475 5.2817230224609375 -0.21628247201442719 2.381326913833618 0.18595419467027144 0.0037307883612811565 3648
frame-000099.color.jpg 0.483717672473467 0.8687954545021057 -0.10296938568353653 0.024676095694303513 5.401093006134033 -0.15522152185440063 2.100490093231201 0.12142913077689653 0.007547369226813316 3655
frame-000100.color.jpg 0.4889361900693087 0.8670458197593689 -0.0938628613948822 0.01904839649796486 5.443902492523193 -0.07756872475147247 2.002366542816162 0.2298385869744265 0.007590444292873144 3621
frame-000101.color.jpg 0.5000463280323741 0.8632492423057556 -0.0687880590558052 0.0047486042603850365 5.543701648712158 0.1223934218287468 1.7319003343582153 0.056063953615610056 0.006078371778130531 3592
frame-000102.color.jpg 0.5070770358031449 0.8602716326713562 -0.05206003040075302 -0.009761214256286621 5.622590065002441 0.21661928296089172 1.4994326829910278 0.20015031597331984 0.007765508722513914 3651
frame-000103.color.jpg 0.5103466715090266 0.8583495616912842 -0.049462851136922836 -0.018322378396987915 5.653906345367432 0.2103671431541443 1.4065173864364624 0.14763739371545526 0.004149395041167736 3601
frame-000104.color.jpg 0.5157444829502256 0.8552219271659851 -0.0453261062502861 -0.02341933734714985 5.674997329711914 0.23648156225681305 1.333988070487976 0.27070387558287723 0.003923541400581598 3572
frame-000105.color.jpg 0.5239196666762549 0.8507960438728333 -0.02425476163625717 -0.032647691667079926 5.72646951675415 0.4075292646884918 1.1208856105804443 0.2765720219361231 0.004912175703793764 3758
frame-000106.color.jpg 0.5241490234192933 0.8506069183349609 -0.014538903720676899 -0.039042193442583084 5.752303600311279 0.46503007411956787 1.0040464401245117 0.34904499810458633 0.007065758574754 3914
frame-000107.color.jpg 0.5233407756363062 0.8509736657142639 -0.004975795745849609 -0.04397069290280342 5.769524097442627 0.525295078754425 0.9027680158615112 0.45875162995546337 0.00979400984942913 3977
frame-000108.color.jpg 0.5217944618951876 0.8516708612442017 0.0001976552593987435 -0.048859529197216034 5.784581184387207 0.5353477597236633 0.8265439867973328 0.3242702477985105 0.006900961976498365 3973
frame-000109.color.jpg 0.5177432220539218 0.8530288338661194 0.01786113902926445 -0.06296610087156296 5.821175575256348 0.6047044396400452 0.5894185900688171 0.1787179961108264 0.004849166609346867 4083
frame-000110.color.jpg 0.5151595569653068 0.8538888692855835 0.027478670701384544 -0.0687701404094696 5.833659648895264 0.6590498089790344 0.4799982011318207 0.20350569976394148 0.00532589852809906 4161
frame-000111.color.jpg 0.5052428915860304 0.8565929532051086 0.05548219010233879 -0.08888080716133118 5.863223075866699 0.7802690267562866 0.1274295300245285 0.20139419747484227 0.005651927553117275 4271
frame-000112.color.jpg 0.5000303265089359 0.858004093170166 0.0687999501824379 -0.09521061182022095 5.869020462036133 0.8586477637290955 -0.0023273101542145014 0.1370313639144684 0.004302266985177994 4142
frame-000113.color.jpg 0.48217871762751785 0.8644048571586609 0.09039486944675446 -0.1101665124297142 5.869326591491699 0.9559842944145203 -0.24871616065502167 0.18763398097905823 0.005562999285757542 4093
frame-000114.color.jpg 0.47354849049440834 0.8664053678512573 0.09941671043634415 -0.12332841008901596 5.858667850494385 0.9541515707969666 -0.42805179953575134 0.10651871442694631 0.004161105025559664 4065
frame-000115.color.jpg 0.4675676024028509 0.8687558174133301 0.10170932114124298 -0.12766772508621216 5.857614517211914 0.9417998194694519 -0.4783370792865753 0.18910475282707206 0.0027174444403499365 4030
frame-000116.color.jpg 0.459674092856579 0.872611939907074 0.10381761193275452 -0.12833599746227264 5.852428436279297 0.943917453289032 -0.4858255684375763 0.21877945683133126 0.0017648086650297046 3970
frame-000117.color.jpg 0.4307910947326116 0.8868004083633423 0.11331365257501602 -0.12314262986183167 5.845215797424316 1.0214979648590088 -0.4487293064594269 0.17689901801727415 0.0037346116732805967 4250
frame-000118.color.jpg 0.4260458191808477 0.8890275955200195 0.11390750855207443 -0.12304489314556122 5.845260143280029 1.0193490982055664 -0.4425351023674011 0.2383854214623603 0.0030884554143995047 4269
frame-000119.color.jpg 0.418818126053065 0.8926649689674377 0.11579826474189758 -0.11971374601125717 5.843830108642578 1.041246771812439 -0.4071665108203888 0.19629157925737997 0.002781038172543049 4259
frame-000120.color.jpg 0.4117970491591535 0.8960745334625244 0.11894816160202026 -0.11543384194374084 5.840478420257568 1.0810240507125854 -0.3648068308830261 0.19413454682055176 0.0010226663434877992 4226
frame-000121.color.jpg 0.40437227618333377 0.9013491868972778 0.11190865933895111 -0.1073741689324379 5.881016254425049 1.0252223014831543 -0.22965432703495026 0.2564986028935581 0.0025413718540221453 4317
frame-000122.color.jpg 0.39505537125946355 0.9071601629257202 0.10265765339136124 -0.10223975032567978 5.918605804443359 0.9319586157798767 -0.11433719098567963 0.14643505363790824 0.003917540889233351 4338
frame-000123.color.jpg 0.3827012714131392 0.9136548638343811 0.08993081748485565 -0.10337841510772705 5.970555305480957 0.7626246809959412 -0.0455005019903183 0.12769013306933716 0.003925377037376165 4278
frame-000124.color.jpg 0.3786280050971131 0.915671706199646 0.08866837620735168 -0.10160700231790543 5.982159614562988 0.7487452626228333 -0.01338296476751566 0.1277749234645805 0.0035566058941185474 4273
frame-000125.color.jpg 0.3761742843355783 0.9172685146331787 0.08627522736787796 -0.0983256995677948 5.9943413734436035 0.7292934656143188 0.03902618587017059 0.08642313062011181 0.00538509851321578 4254
frame-000126.color.jpg 0.36602943890829454 0.9226181507110596 0.0772387683391571 -0.09398024529218674 6.013327598571777 0.6240484714508057 0.1350426971912384 0.08699461201435825 0.005509508773684502 4192
frame-000127.color.jpg 0.35172355873594663 0.9285644292831421 0.0760394036769867 -0.09097695350646973 6.033237457275391 0.5852835774421692 0.18884006142616272 0.15607462501155153 0.0050162384286522865 4126
frame-000128.color.jpg 0.34767182565146976 0.9300947785377502 0.07783956825733185 -0.08938124030828476 6.0413336753845215 0.6016147136688232 0.2026185840368271 0.23653318621724392 0.003919857554137707 3986
frame-000129.color.jpg 0.34442376144134884 0.9309689998626709 0.07727523148059845 -0.09326103329658508 6.056384563446045 0.5710458755493164 0.16590243577957153 0.250743368105029 0.003442836459726095 3958
frame-000130.color.jpg 0.3318283250143287 0.9348766803741455 0.08722137659788132 -0.09103812277317047 6.075685501098633 0.6608728170394897 0.1591162085533142 0.14672908527754935 0.0016898324247449636 3885
frame-000131.color.jpg 0.3239295716139688 0.9381915926933289 0.08062667399644852 -0.09146328270435333 6.093602657318115 0.5622446537017822 0.1828710287809372 0.14586006376758423 0.0006008858908899128 3671
frame-000132.color.jpg 0.3203724151029143 0.939664900302887 0.0783456340432167 -0.09084898978471756 6.096735000610352 0.52772456407547 0.20190711319446564 0.18359166958896106 0.0011625568149611354 3673
frame-000133.color.jpg 0.3126485847921403 0.9424247145652771 0.07578618824481964 -0.09134001284837723 6.100010395050049 0.48124173283576965 0.20776334404945374 0.21207103712761516 0.003803611733019352 3567
frame-000134.color.jpg 0.30696245817721834 0.9439891576766968 0.0762374997138977 -0.09405504167079926 6.099837779998779 0.45844414830207825 0.17729578912258148 0.13829229420848943 0.0031908005475997925 3499
frame-000135.color.jpg 0.3014274434299567 0.9458078145980835 0.07335879653692245 -0.09595570713281631 6.10499382019043 0.4070214331150055 0.1665748953819275 0.1989983885615413 0.0015075671253725886 3428
frame-000136.color.jpg 0.30161373421731896 0.9460486173629761 0.0718972459435463 -0.09408414363861084 6.106321334838867 0.3954698145389557 0.19213399291038513 0.1569583741169145 0.0011673220433294773 3434
frame-000137.color.jpg 0.3114078489121274 0.9430845975875854 0.06757084280252457 -0.09513566642999649 6.108027935028076 0.3641471564769745 0.1957278549671173 0.08689936956205492 0.0024099834263324738 3461
frame-000138.color.jpg 0.3277141745079275 0.9373132586479187 0.06738080829381943 -0.09750406444072723 6.113379001617432 0.39731118083000183 0.16903245449066162 0.15148220324879064 0.002502723829820752 3774
frame-000139.color.jpg 0.34639696219527927 0.9297900795936584 0.0706687793135643 -0.10249585658311844 6.117703914642334 0.4727691411972046 0.09576316922903061 0.28934570298366347 0.0043449862860143185 3933
frame-000140.color.jpg 0.3571005909871365 0.9251000285148621 0.07207712531089783 -0.10711678117513657 6.125990390777588 0.5028252005577087 0.031230740249156952 0.14396213829218016 0.0023336804006248713 4060
frame-000141.color.jpg 0.37107739942461343 0.9187153577804565 0.08096066862344742 -0.10820791870355606 6.136698246002197 0.6339782476425171 -0.026604318991303444 0.2302848171067252 0.004320535343140364 4292
frame-000142.color.jpg 0.3758853203755297 0.9159119129180908 0.08857541531324387 -0.10940766334533691 6.138208389282227 0.7275611162185669 -0.07786782830953598 0.2885800814663873 0.0059316023252904415 4298
frame-000143.color.jpg 0.39276445950746225 0.9047164916992188 0.1117435097694397 -0.12139789760112762 6.129278182983398 0.9706813097000122 -0.3257126808166504 0.23280216870269801 0.007242132909595966 4529
frame-000144.color.jpg 0.39362356414403044 0.9030058979988098 0.11771060526371002 -0.12563872337341309 6.122365951538086 1.0230940580368042 -0.3979076147079468 0.24386584785850218 0.006961110047996044 4546
frame-000145.color.jpg 0.3981250915200572 0.9001490473747253 0.12267152965068817 -0.1272001713514328 6.113744258880615 1.080553650856018 -0.4404119551181793 0.2629266379957599 0.00882341992110014 4524
frame-000146.color.jpg 0.44707152307162434 0.8763483166694641 0.1088629812002182 -0.142441526055336 6.1089067459106445 0.947519063949585 -0.5927788615226746 0.2310843227655869 0.009125075303018093 4411
frame-000147.color.jpg 0.45604969281730956 0.874301552772522 0.10070199519395828 -0.13219140470027924 6.118744373321533 0.9288972020149231 -0.4514782428741455 0.11136889578959583 0.009145157411694527 4312
frame-000148.color.jpg 0.4568727623422583 0.8754360675811768 0.09423500299453735 -0.12648612260818481 6.125465393066406 0.8986998200416565 -0.3578985333442688 0.11648647505618738 0.008657993748784065 4273
frame-000149.color.jpg 0.46184227812576056 0.8758225440979004 0.08672668039798737 -0.1100684255361557 6.1156768798828125 0.9288495182991028 -0.16547758877277374 0.20495440689928499 0.009289015084505081 4144
frame-000150.color.jpg 0.46944129249288935 0.8739415407180786 0.07529014348983765 -0.10090823471546173 6.09519624710083 0.9100288152694702 -0.0771605372428894 0.2499441025700053 0.006182510405778885 4036
frame-000151.color.jpg 0.4721911747850289 0.8732345104217529 0.07300626486539841 -0.09574554115533829 6.083967685699463 0.9259276390075684 -0.031487271189689636 0.2691951508282449 0.00564188789576292 4138
frame-000152.color.jpg 0.4757484537929924 0.8723288774490356 0.06831054389476776 -0.0896628126502037 6.075325965881348 0.9228070378303528 0.03623516485095024 0.17372704881825113 0.00614116620272398 4176
frame-000153.color.jpg 0.480160363985477 0.8710919618606567 0.06247573345899582 -0.08210642635822296 6.067812442779541 0.9185724258422852 0.125589981675148 0.26371104253325356 0.006696885917335749 4166
frame-000154.color.jpg 0.48457694951441416 0.8699938654899597 0.05181671306490898 -0.0749053880572319 6.067462921142578 0.8521917462348938 0.24411596357822418 0.14631793990602632 0.005393923260271549 4130
frame-000155.color.jpg 0.482283881230379 0.8721921443939209 0.04577527567744255 -0.06773379445075989 6.067365646362305 0.831244170665741 0.3562752306461334 0.22392665804138379 0.004401310812681913 4048
frame-000156.color.jpg 0.4742114040778203 0.879073977470398 0.01735137216746807 -0.04529381915926933 6.0938401222229 0.6478508710861206 0.7669798135757446 0.24829410495734475 0.003510640701279044 4129
frame-000157.color.jpg 0.47453683145169906 0.8793090581893921 -1.2815089576179162e-05 -0.040378637611866 6.113646507263184 0.4916042983531952 0.9196518063545227 0.19753916933817833 0.0024927270133048296 4085
frame-000158.color.jpg 0.4693065574618689 0.8820689916610718 -0.020055726170539856 -0.0361025407910347 6.158298015594482 0.29272380471229553 1.0882885456085205 0.14855409314747825 0.003506558481603861 4028
frame-000159.color.jpg 0.46987573848782366 0.8816741108894348 -0.02429724484682083 -0.03573695570230484 6.175130367279053 0.2509700655937195 1.1168166399002075 0.10353285454259292 0.003518070559948683 3982
frame-000160.color.jpg 0.4753119917759187 0.879048228263855 -0.02833399921655655 -0.023446854203939438 6.208579063415527 0.30039939284324646 1.26799476146698 0.10670961287816287 0.005332264583557844 4086
frame-000161.color.jpg 0.4789724491317586 0.8771088719367981 -0.028207413852214813 -0.021672818809747696 6.250197887420654 0.3305020332336426 1.289949655532837 0.060053257668466906 0.00340028153732419 4239
frame-000162.color.jpg 0.4828339187199931 0.8749167919158936 -0.027710305526852608 -0.02498028799891472 6.277209281921387 0.3306727111339569 1.2503629922866821 0.07942503485637178 0.0034439596347510815 4256
frame-000163.color.jpg 0.4896354601134595 0.8710424304008484 -0.010822921060025692 -0.03774915263056755 6.357709884643555 0.4491429030895233 1.006173849105835 0.1395074675711567 0.004442206118255854 4374
frame-000164.color.jpg 0.48931299909608056 0.8711501955986023 -0.0044440943747758865 -0.04062345623970032 6.376246929168701 0.5033974647521973 0.9397249817848206 0.08105433512821733 0.0017549536423757672 4399
frame-000165.color.jpg 0.4965822154709818 0.8665398359298706 0.007901806384325027 -0.049521978944540024 6.430953502655029 0.5990867018699646 0.7569356560707092 0.14325997616920433 0.00411574263125658 4338
frame-000166.color.jpg 0.49882177052788 0.864861786365509 0.012117967009544373 -0.05517296865582466 6.451772689819336 0.6146009564399719 0.6670101881027222 0.06662445326886791 0.0027331612072885036 4337
frame-000167.color.jpg 0.5033782392207741 0.8609546422958374 0.028686542063951492 -0.06741344183683395 6.4903154373168945 0.7268764972686768 0.41409969329833984 0.1679471479754733 0.006070952396839857 4306
frame-000168.color.jpg 0.5013521985132953 0.8613961935043335 0.03450321406126022 -0.0738377794623375 6.500429630279541 0.744396448135376 0.30358123779296875 0.12543030094941496 0.0059922137297689915 4302
frame-000169.color.jpg 0.5058543559174054 0.8576518893241882 0.04614352434873581 -0.08009596914052963 6.505599021911621 0.8360587358474731 0.14158318936824799 0.2620898064203011 0.008149734698235989 4327
frame-000170.color.jpg 0.5053945213836388 0.8573654294013977 0.051055658608675 -0.08303191512823105 6.511134147644043 0.8723520636558533 0.0751509964466095 0.3802981828384193 0.010598365217447281 4313
frame-000171.color.jpg 0.5080366823382902 0.8548392057418823 0.055178139358758926 -0.09002301096916199 6.51317024230957 0.8732360601425171 -0.036805182695388794 0.43950450371991123 0.011393725872039795 4300
frame-000172.color.jpg 0.51136552955198 0.851245641708374 0.06412000954151154 -0.09886771440505981 6.50990629196167 0.9207090735435486 -0.20649155974388123 0.49645438089563954 0.012476159259676933 4241
frame-000173.color.jpg 0.5125474548161877 0.8499671816825867 0.06826196610927582 -0.10095161199569702 6.500955581665039 0.9513561129570007 -0.2618204951286316 0.33736366707657206 0.009383701719343662 4190
frame-000174.color.jpg 0.5243461647024372 0.8387191295623779 0.09001775085926056 -0.1162247508764267 6.451519012451172 1.1070408821105957 -0.6251988410949707 0.5387396017995125 0.013945257291197777 4005
frame-000175.color.jpg 0.5285449989209677 0.8349552750587463 0.09561368077993393 -0.11978281289339066 6.432346343994141 1.146355152130127 -0.7165342569351196 0.5899305356074358 0.014840083196759224 3880
frame-000176.color.jpg 0.5277425712942517 0.8287709951400757 0.12809664011001587 -0.13497300446033478 6.307151794433594 1.396391749382019 -1.131197214126587 0.6284457055328733 0.01588544063270092 3834
frame-000177.color.jpg 0.5223981901856434 0.8279877305030823 0.14337000250816345 -0.14484992623329163 6.222667694091797 1.5007802248001099 -1.3546072244644165 0.5430425676157676 0.014009320177137852 3899
frame-000178.color.jpg 0.5155091521577562 0.8292874693870544 0.15275625884532928 -0.1523095667362213 6.158496856689453 1.560754656791687 -1.5048798322677612 0.41702050814800773 0.010616902261972427 3975
frame-000179.color.jpg 0.5130751267318003 0.8311135172843933 0.1532871425151825 -0.15002474188804626 6.15830659866333 1.5820237398147583 -1.4856157302856445 0.5285253740608757 0.013183122500777245 3997
frame-000180.color.jpg 0.507052479166042 0.8328536152839661 0.1607193797826767 -0.15304197371006012 6.11712646484375 1.6460670232772827 -1.5658270120620728 0.46985319531681996 0.011924558319151402 4127
frame-000181.color.jpg 0.5054682732492951 0.8310068845748901 0.17064882814884186 -0.15750674903392792 6.0615644454956055 1.724367380142212 -1.682724952697754 0.47684191958077105 0.011893626302480698 4129
frame-000182.color.jpg 0.5017487385105108 0.8300038576126099 0.18272797763347626 -0.16109715402126312 5.995730876922607 1.8344347476959229 -1.7978912591934204 0.3962537448634071 0.010408811271190643 4155
frame-000183.color.jpg 0.4940460629434724 0.8247777819633484 0.21148966252803802 -0.17587587237358093 5.816434860229492 2.0471296310424805 -2.123227834701538 0.49377993494875644 0.012767900712788105 4169
frame-000184.color.jpg 0.4919749817618908 0.8210101127624512 0.22300700843334198 -0.18485386669635773 5.729613304138184 2.109304428100586 -2.281719207763672 0.4420787913459185 0.012018229812383652 4042
frame-000185.color.jpg 0.48723432021248136 0.8151869177818298 0.24193568527698517 -0.19884726405143738 5.5792670249938965 2.210813522338867 -2.520961046218872 0.19052104324428445 0.008115271106362343 4058
frame-000186.color.jpg 0.4794994620503441 0.8150343298912048 0.2510995864868164 -0.20675648748874664 5.505163192749023 2.260298728942871 -2.6297338008880615 0.18699394422906043 0.006897558458149433 4071
frame-000187.color.jpg 0.4695250753284703 0.8111815452575684 0.2688803970813751 -0.22188711166381836 5.351627826690674 2.351855516433716 -2.842228412628174 0.29972908462596376 0.0066772885620594025 3960
frame-000188.color.jpg 0.46726535693256765 0.8104875087738037 0.27161601185798645 -0.2258269190788269 5.332369804382324 2.357510566711426 -2.8845489025115967 0.2670331825125243 0.008499585092067719 3970
frame-000189.color.jpg 0.46716343688828216 0.8065340518951416 0.2771659791469574 -0.2333240658044815 5.272989749908447 2.363323450088501 -2.987562656402588 0.29666321014270075 0.008655847050249577 3982
frame-000190.color.jpg 0.46415247755327466 0.7982266545295715 0.29388993978500366 -0.2470327764749527 5.123523712158203 2.4358088970184326 -3.190211534500122 0.3531502886413078 0.010279873386025429 4021
frame-000191.color.jpg 0.46790003036428535 0.7925057411193848 0.2925914525985718 -0.2596043050289154 5.1260857582092285 2.3108999729156494 -3.266350030899048 0.34407320735819885 0.009406753815710545 3969
frame-000192.color.jpg 0.4691289642110732 0.7914496660232544 0.29216641187667847 -0.26108258962631226 5.130597114562988 2.290832042694092 -3.2744243144989014 0.33963120983973694 0.01131908968091011 3983
frame-000193.color.jpg 0.4704296814450479 0.7869945168495178 0.2976135015487671 -0.2660106420516968 5.094038486480713 2.291973352432251 -3.321005344390869 0.3016448192860201 0.010815262794494629 4013
frame-000194.color.jpg 0.4696239041678669 0.7852587103843689 0.3016310930252075 -0.2680312395095825 5.062289714813232 2.311793088912964 -3.3450722694396973 0.2758938588567349 0.009878612123429775 3976
frame-000195.color.jpg 0.46914149215788076 0.7855353355407715 0.3028087615966797 -0.26673492789268494 5.065195083618164 2.331066608428955 -3.3243515491485596 0.22924457396004694 0.009715371765196323 3988
frame-000196.color.jpg 0.46803129747334815 0.7840750813484192 0.3088502883911133 -0.2660531997680664 5.0572190284729 2.355073928833008 -3.2599704265594482 0.10242547010276494 0.006940016523003578 4010
frame-000197.color.jpg 0.46684045586003425 0.7840902209281921 0.3099929094314575 -0.2667711079120636 5.057167053222656 2.355220317840576 -3.2549612522125244 0.12553555523174192 0.007200560998171568 3969
frame-000198.color.jpg 0.46439721805640627 0.7843329310417175 0.31149494647979736 -0.26856663823127747 5.043522357940674 2.362072467803955 -3.2664098739624023 0.09353262383436783 0.0063117980025708675 3965
frame-000199.color.jpg 0.4631998908984835 0.7827135324478149 0.3173321783542633 -0.26852479577064514 5.003486633300781 2.4161136150360107 -3.2798209190368652 0.08763454204265027 0.0064240992069244385 4032
frame-000200.color.jpg 0.45966445881409923 0.7740787267684937 0.3324171006679535 -0.28108662366867065 4.828096866607666 2.4737658500671387 -3.467221975326538 0.20737115994734556 0.007320619188249111 4013
frame-000201.color.jpg 0.45129342797126065 0.7655259966850281 0.35754725337028503 -0.2871656119823456 4.575569152832031 2.6790947914123535 -3.617327928543091 0.19908664741222257 0.007328268606215715 4107
frame-000202.color.jpg 0.4484151204613726 0.7604931592941284 0.3669840693473816 -0.2930813729763031 4.462009429931641 2.728346347808838 -3.705754518508911 0.2391563257040726 0.009849987924098969 4150
frame-000203.color.jpg 0.43698311019479347 0.7576830983161926 0.3804367482662201 -0.3003831207752228 4.3002166748046875 2.816981554031372 -3.782848358154297 0.2371263988188301 0.00870734453201294 4341
frame-000204.color.jpg 0.4282234514540665 0.7602831721305847 0.3853796422481537 -0.300127774477005 4.260258674621582 2.884039878845215 -3.7622716426849365 0.11341988020141033 0.007889638654887676 4386
frame-000205.color.jpg 0.4242177765767358 0.760944128036499 0.3882201910018921 -0.3004801571369171 4.233599662780762 2.914776086807251 -3.75724196434021 0.08598992053591846 0.006572464015334845 4414
frame-000206.color.jpg 0.41398578084035176 0.7627245187759399 0.3966285288333893 -0.29925358295440674 4.164121150970459 3.018780469894409 -3.7339413166046143 0.09621814882833239 0.005333056207746267 4453
frame-000207.color.jpg 0.4055005185140894 0.7624543905258179 0.4040842056274414 -0.30157670378685 4.076667785644531 3.0850954055786133 -3.752394676208496 0.1336639472515199 0.006703786551952362 4476
frame-000208.color.jpg 0.3922129524256405 0.7687831521034241 0.4041433036327362 -0.30300095677375793 4.068941593170166 3.0998737812042236 -3.7118308544158936 0.04002114326109262 0.004910965915769339 4546
frame-000209.color.jpg 0.3881790657538067 0.7718209028244019 0.40658217668533325 -0.29715394973754883 4.07560396194458 3.1610989570617676 -3.640148639678955 0.021857984388582698 0.003708740696310997 4594
frame-000210.color.jpg 0.37844870519349255 0.7753313183784485 0.41142743825912476 -0.29387998580932617 4.049710750579834 3.2418599128723145 -3.5808169841766357 0.060352478651051644 0.003289897693321109 4579
frame-000211.color.jpg 0.3687683135596152 0.7780260443687439 0.41572389006614685 -0.29301711916923523 4.019062519073486 3.3002846240997314 -3.5413832664489746 0.11686440329678595 0.0020737776067107916 4608
frame-000212.color.jpg 0.35504878838889653 0.776552140712738 0.43116265535354614 -0.2915579080581665 3.874721050262451 3.4602270126342773 -3.5154621601104736 0.20036929557337013 0.004742334596812725 4688
frame-000213.color.jpg 0.35217457389414286 0.775052547454834 0.43644315004348755 -0.29117682576179504 3.8216288089752197 3.505960702896118 -3.5119211673736572 0.19036913823631776 0.0045079682022333145 4653
frame-000214.color.jpg 0.3460962367411234 0.7708132266998291 0.44594332575798035 -0.295294851064682 3.7028326988220215 3.5590991973876953 -3.5433225631713867 0.12106314202713228 0.0034503231290727854 4684
frame-000215.color.jpg 0.3399216100839424 0.7719575762748718 0.45143216848373413 -0.29110777378082275 3.6726579666137695 3.638211488723755 -3.488269805908203 0.0905125062824586 0.0018974053673446178 4667
frame-000216.color.jpg 0.33392928111719006 0.7767672538757324 0.45073315501213074 -0.28629270195961 3.715445041656494 3.6684463024139404 -3.4112026691436768 0.034302487337220106 0.0031469911336898804 4642
frame-000217.color.jpg 0.3192532084375233 0.7843871712684631 0.4466663897037506 -0.2886230945587158 3.793348789215088 3.6596672534942627 -3.365891933441162 0.10564566417258794 0.005625662859529257 4661
frame-000218.color.jpg 0.30932328371811624 0.7876905202865601 0.4504161775112152 -0.2845839858055115 3.797719955444336 3.7303061485290527 -3.2944798469543457 0.15952190953106424 0.005796839017421007 4677
frame-000219.color.jpg 0.3065453715979089 0.7887620329856873 0.4532444179058075 -0.2800963521003723 3.7975525856018066 3.77961802482605 -3.2428348064422607 0.16122137265435446 0.004464948549866676 4630
frame-000220.color.jpg 0.3051397110279846 0.7783305644989014 0.4709133207798004 -0.281659334897995 3.6302378177642822 3.920058250427246 -3.310526132583618 0.1778943313258184 0.0031684262212365866 4539
frame-000221.color.jpg 0.30925855278481973 0.7567413449287415 0.49406805634498596 -0.29597029089927673 3.3168106079101562 4.034123420715332 -3.5431113243103027 0.2900408881751238 0.004828491248190403 4555
frame-000222.color.jpg 0.3128701736401723 0.7469773292541504 0.4983026385307312 -0.30956676602363586 3.212099075317383 3.992192268371582 -3.7150721549987793 0.21518695075067645 0.004785751923918724 4533
frame-000223.color.jpg 0.3159062682695699 0.7382988333702087 0.5048359036445618 -0.31663650274276733 3.1003286838531494 4.001768112182617 -3.8200039863586426 0.3394934587979995 0.008771768771111965 4527
frame-000224.color.jpg 0.3261531797449114 0.7280192971229553 0.5071056485176086 -0.3262757360935211 3.016402006149292 3.935933828353882 -3.9748024940490723 0.16457196730842918 0.004365789238363504 4528
frame-000225.color.jpg 0.332263490019519 0.7201564908027649 0.5120729804039001 -0.3297829329967499 2.9347472190856934 3.937000036239624 -4.054582118988037 0.21170226027328734 0.00633279699832201 4575
frame-000226.color.jpg 0.3400556911766667 0.709143340587616 0.5172771215438843 -0.3374940752983093 2.826709508895874 3.9078245162963867 -4.1874003410339355 0.2748633540657092 0.008276174776256084 4526
frame-000227.color.jpg 0.3402722691078268 0.691225528717041 0.5350617170333862 -0.3465989828109741 2.5370945930480957 3.9728972911834717 -4.3244805335998535 0.2625512177152472 0.01002107560634613 4414
frame-000228.color.jpg 0.337299254331314 0.6656437516212463 0.5596106648445129 -0.3605324923992157 2.093707799911499 4.042939186096191 -4.498342990875244 0.3506734646131055 0.01127622276544571 4484
frame-000229.color.jpg 0.3384746425498497 0.6339386701583862 0.5828428268432617 -0.37927672266960144 1.5778143405914307 4.022495269775391 -4.719213485717773 0.3298679880297326 0.010858723893761635 4543
frame-000230.color.jpg 0.3377350935539598 0.623803436756134 0.5891969799995422 -0.3868476152420044 1.3959516286849976 4.004083633422852 -4.790648937225342 0.26043647375433493 0.011201884597539902 4582
frame-000231.color.jpg 0.33563209802038085 0.6069114804267883 0.599821150302887 -0.399029016494751 1.0973927974700928 3.9674112796783447 -4.8943305015563965 0.2061256909604496 0.010670351795852184 4629
frame-000232.color.jpg 0.3349682429409121 0.595632791519165 0.6114459037780762 -0.3989381194114685 0.889812707901001 4.008886337280273 -4.900468826293945 0.20933828110873567 0.010778051801025867 4622
frame-000233.color.jpg 0.32974102745641554 0.5706929564476013 0.631254255771637 -0.40877681970596313 0.4325210750102997 4.009112358093262 -4.96127462387085 0.2058163047353892 0.012934406287968159 4615
frame-000234.color.jpg 0.3200386989985519 0.5503334999084473 0.6489673852920532 -0.41659292578697205 0.036290157586336136 4.029042720794678 -4.967108249664307 0.16090929170622306 0.012726961635053158 4555
frame-000235.color.jpg 0.30873917974796977 0.5249838829040527 0.6654191613197327 -0.43161237239837646 -0.4135473370552063 3.976048469543457 -4.992909908294678 0.08149795724883098 0.010916678234934807 4484
frame-000236.color.jpg 0.2954506487246898 0.49225184321403503 0.6857430934906006 -0.4473850727081299 -0.9597580432891846 3.8891890048980713 -4.978009223937988 0.16192204067344937 0.010094905272126198 4491
frame-000237.color.jpg 0.27147872162485187 0.4398677945137024 0.7159510254859924 -0.46928635239601135 -1.804923415184021 3.746647596359253 -4.841980457305908 0.21490668621108114 0.01048310101032257 4558
frame-000238.color.jpg 0.26339060600281194 0.42715007066726685 0.7228339314460754 -0.47505712509155273 -2.014962911605835 3.7033393383026123 -4.7765116691589355 0.26246173156494945 0.009938903152942657 4583
frame-000239.color.jpg 0.25509593975769684 0.4166492819786072 0.728741466999054 -0.4798595905303955 -2.1832284927368164 3.677896499633789 -4.712071418762207 0.08146037786818269 0.00599720049649477 4561
frame-000240.color.jpg 0.24799189892349685 0.40671005845069885 0.7358126044273376 -0.4813176691532135 -2.342745780944824 3.6722426414489746 -4.644289016723633 0.23443911958682676 0.008575614541769028 4534
frame-000241.color.jpg 0.25220948631329754 0.40798285603523254 0.7397202849388123 -0.4719684422016144 -2.3166394233703613 3.7212202548980713 -4.640214443206787 0.2543278300371105 0.008077898994088173 4474
frame-000242.color.jpg 0.25191358749000603 0.426211953163147 0.7357586026191711 -0.4621064364910126 -2.0918986797332764 3.885960102081299 -4.661282539367676 0.13717659881582372 0.006283516995608807 4485
frame-000243.color.jpg 0.2417814745348309 0.43607836961746216 0.7339518666267395 -0.4611853361129761 -2.014296293258667 4.01163387298584 -4.634088039398193 0.38991869104736737 0.01133867260068655 4434
frame-000244.color.jpg 0.23476269584462195 0.4498249292373657 0.7379920482635498 -0.44487258791923523 -1.8811712265014648 4.239963054656982 -4.533607482910156 0.12435541326899743 0.006850391160696745 4434
frame-000245.color.jpg 0.21924905813118725 0.43722671270370483 0.7557409405708313 -0.4354516267776489 -2.1596882343292236 4.3559441566467285 -4.31664514541626 0.3410744341474459 0.009585181251168251 4353
frame-000246.color.jpg 0.20519012528557518 0.3983972370624542 0.7827460765838623 -0.4318395256996155 -2.7597272396087646 4.276714324951172 -4.062887191772461 0.4606638694796554 0.010707603767514229 4232
frame-000247.color.jpg 0.19657874138537337 0.34728920459747314 0.8010107278823853 -0.44623854756355286 -3.424048900604248 3.9411122798919678 -3.904845952987671 0.5430394193254471 0.01179960835725069 4309
frame-000248.color.jpg 0.18813399640322795 0.3182852566242218 0.807440996170044 -0.4597163498401642 -3.781665802001953 3.727076530456543 -3.7972123622894287 0.46253800935488343 0.009229293093085289 4375
frame-000249.color.jpg 0.18176582308925052 0.306087464094162 0.8075802326202393 -0.47019755840301514 -3.9358739852905273 3.623223304748535 -3.7434465885162354 0.4724573116595931 0.010401132516562939 4342
frame-000250.color.jpg 0.17866401168016205 0.27631574869155884 0.8106759786605835 -0.48428627848625183 -4.252559185028076 3.3421573638916016 -3.650235891342163 0.39066006005700465 0.009620563127100468 4355
frame-000251.color.jpg 0.183190717593288 0.2615170478820801 0.8071317076683044 -0.4965766668319702 -4.373762607574463 3.143584966659546 -3.681535482406616 0.3332183292197561 0.00826880894601345 4376
frame-000252.color.jpg 0.18632302603216735 0.25462305545806885 0.798579752445221 -0.5125633478164673 -4.417234897613525 2.9813385009765625 -3.756915807723999 0.24089866427266055 0.005678190849721432 4316
frame-000253.color.jpg 0.19860893162906232 0.2506844103336334 0.7880107760429382 -0.5260711312294006 -4.393561840057373 2.8105738162994385 -3.9220941066741943 0.3443409721180045 0.006839144043624401 4423
frame-000254.color.jpg 0.20395533109923403 0.24871861934661865 0.7824047207832336 -0.5332767963409424 -4.385252475738525 2.7203023433685303 -3.996671199798584 0.29296637025443134 0.005730883218348026 4422
frame-000255.color.jpg 0.2207124408153644 0.24327145516872406 0.7732214331626892 -0.542432963848114 -4.3535284996032715 2.5121610164642334 -4.168246269226074 0.22714079565440368 0.005256307311356068 4291
frame-000256.color.jpg 0.24049533211566465 0.2453836053609848 0.7598819732666016 -0.5518408417701721 -4.234540939331055 2.333181619644165 -4.396681308746338 0.18993312670734766 0.004723267629742622 4215
frame-000257.color.jpg 0.2546448787483906 0.2489795982837677 0.7496546506881714 -0.5578379034996033 -4.1234941482543945 2.2207934856414795 -4.564601421356201 0.2888202053043956 0.0069540939293801785 4009
frame-000258.color.jpg 0.26129089054032584 0.250232458114624 0.7443225979804993 -0.5613328218460083 -4.07236909866333 2.155947208404541 -4.6442060470581055 0.25374683707083634 0.005941392388194799 3964
frame-000259.color.jpg 0.268597384979537 0.25267624855041504 0.739052414894104 -0.5637478828430176 -4.008089065551758 2.101644277572632 -4.729524612426758 0.1874040490639521 0.004768341779708862 3872
frame-000260.color.jpg 0.28080443250090475 0.2539401650428772 0.7280199527740479 -0.5715331435203552 -3.914184093475342 1.9605522155761719 -4.871203899383545 0.2595967073319671 0.006709389854222536 3737
frame-000261.color.jpg 0.28230244109959385 0.2535354197025299 0.7224465012550354 -0.5780104994773865 -3.901238441467285 1.8934211730957031 -4.905902862548828 0.15771765903290982 0.0033663655631244183 3770
frame-000262.color.jpg 0.2834484746681462 0.2529897689819336 0.7184833288192749 -0.5826103687286377 -3.897221326828003 1.847411870956421 -4.927549362182617 0.09825910139980344 0.0020490705501288176 3686
frame-000263.color.jpg 0.2855383732598066 0.2489597052335739 0.7101016640663147 -0.5935002565383911 -3.910233736038208 1.7239271402359009 -4.960029125213623 0.06399161544702633 0.003022586926817894 3584
frame-000264.color.jpg 0.29002498807353333 0.24466684460639954 0.7025139927864075 -0.6020777821540833 -3.909177303314209 1.5936323404312134 -5.005039215087891 0.027533736519204415 0.0029430256690829992 3566
frame-000265.color.jpg 0.2923618477662418 0.24096621572971344 0.6995408535003662 -0.6058897972106934 -3.9220333099365234 1.522619366645813 -5.013284683227539 0.08656835218125392 0.004350805189460516 3606
frame-000266.color.jpg 0.2910633379935576 0.23867644369602203 0.6971570253372192 -0.6101539134979248 -3.9433846473693848 1.4848408699035645 -5.005430221557617 0.14879425700612617 0.0039261505007743835 3512
frame-000267.color.jpg 0.29067098848480416 0.23792870342731476 0.6977553963661194 -0.6099488735198975 -3.956210136413574 1.4870496988296509 -4.994548320770264 0.08996689823175756 0.0021149348467588425 3542
frame-000268.color.jpg 0.28548661927764973 0.23797613382339478 0.7073677778244019 -0.6012449860572815 -4.002405643463135 1.5897835493087769 -4.920375823974609 0.23873328086235493 0.004487506113946438 3644
frame-000269.color.jpg 0.28107146134797945 0.23430892825126648 0.7113130688667297 -0.600109875202179 -4.0640764236450195 1.6088639497756958 -4.857959270477295 0.14722232632124477 0.0025238050147891045 3683
frame-000270.color.jpg 0.2759680919004592 0.23111218214035034 0.7152795195579529 -0.5990024209022522 -4.127960205078125 1.6380294561386108 -4.790711402893066 0.017002898830047186 0.002293907105922699 3714
frame-000271.color.jpg 0.25991890187594385 0.2116275131702423 0.7274065017700195 -0.5987785458564758 -4.380667686462402 1.6218522787094116 -4.543436050415039 0.1123498216781794 0.003038914641365409 3863
frame-000272.color.jpg 0.25563453507923195 0.20538626611232758 0.7309625148773193 -0.5984658598899841 -4.453161716461182 1.6109983921051025 -4.470314979553223 0.1819546119831265 0.005042264703661203 3913
frame-000273.color.jpg 0.23394521154895875 0.18043911457061768 0.7409725189208984 -0.603051483631134 -4.75284481048584 1.556343674659729 -4.1421918869018555 0.2677051290525507 0.004761019721627235 4046
frame-000274.color.jpg 0.2286970717077217 0.1731460988521576 0.7448145747184753 -0.6024693846702576 -4.8322625160217285 1.5412402153015137 -4.045705318450928 0.2808019100643444 0.003734938334673643 3971
frame-000275.color.jpg 0.19784430630694286 0.14097876846790314 0.768170952796936 -0.5923647284507751 -5.185612201690674 1.5637760162353516 -3.519615650177002 0.3115005954953634 0.003435770282521844 3905
frame-000276.color.jpg 0.185878647030099 0.13455858826637268 0.7778361439704895 -0.5850762128829956 -5.26953125 1.6199311017990112 -3.3402271270751953 0.5848083206167494 0.008450647816061974 3915
frame-000277.color.jpg 0.17690424121652135 0.13227687776088715 0.779836893081665 -0.5857149958610535 -5.306797981262207 1.661428451538086 -3.245753526687622 0.44670613778689633 0.00469702435657382 3848
frame-000278.color.jpg 0.1735370404363933 0.13047680258750916 0.7835802435874939 -0.5821192264556885 -5.323277950286865 1.689709186553955 -3.1866729259490967 0.5286857767846652 0.010181575082242489 3883
frame-000279.color.jpg 0.16793073248614537 0.1255696415901184 0.7919008135795593 -0.5735194683074951 -5.378508567810059 1.726076364517212 -3.068629264831543 0.40421256943291156 0.007570595946162939 4011
frame-000280.color.jpg 0.15655387391972295 0.1165505200624466 0.805090606212616 -0.5601212978363037 -5.465271949768066 1.77537202835083 -2.8510634899139404 0.39001924957463996 0.00824367068707943 3937
frame-000281.color.jpg 0.15276764828088438 0.11356279253959656 0.8113283514976501 -0.5527312755584717 -5.493703842163086 1.7997814416885376 -2.764894962310791 0.5039983248339186 0.010937788523733616 4030
frame-000282.color.jpg 0.15068419354953327 0.11165983974933624 0.8158249855041504 -0.547042965888977 -5.51034688949585 1.817110300064087 -2.709068536758423 0.5806511900114445 0.014044800773262978 3949
frame-000283.color.jpg 0.14887320493745407 0.10926677286624908 0.8250130414962769 -0.5340889692306519 -5.530638217926025 1.8488383293151855 -2.625164270401001 0.6079147438571967 0.015178830362856388 4027
frame-000284.color.jpg 0.1438066413656887 0.09703686833381653 0.8494710922241211 -0.49829941987991333 -5.625093460083008 1.857410192489624 -2.37044620513916 0.5730946529118832 0.01454846654087305 4078
frame-000285.color.jpg 0.14268418058593946 0.09621847420930862 0.8529240489006042 -0.49285274744033813 -5.632865905761719 1.8696982860565186 -2.3347630500793457 0.5294135654572418 0.014363494701683521 4103
frame-000286.color.jpg 0.13624157120422906 0.09354346990585327 0.8572947978973389 -0.4875791370868683 -5.667163848876953 1.892686128616333 -2.23111891746521 0.5173534257345563 0.014257258735597134 4141
frame-000287.color.jpg 0.13469243534552375 0.09316400438547134 0.8608639240264893 -0.4817589521408081 -5.67313814163208 1.9147241115570068 -2.1910898685455322 0.46514383324494907 0.013726828619837761 4128
frame-000288.color.jpg 0.1292375118193375 0.0932493731379509 0.8675428628921509 -0.47113868594169617 -5.687385082244873 1.9773015975952148 -2.0908849239349365 0.6052785042809833 0.016448013484477997 4090
frame-000289.color.jpg 0.11697541887872462 0.08255039900541306 0.8828023672103882 -0.4473947286605835 -5.764601230621338 1.9727216958999634 -1.8201862573623657 0.3891856730112075 0.012148729525506496 3925
frame-000290.color.jpg 0.10985126041378952 0.0758344829082489 0.8966841697692871 -0.4220655858516693 -5.791312217712402 1.9881435632705688 -1.6249803304672241 0.7209965296946914 0.0173704382032156 3723
frame-000291.color.jpg 0.10098815274884845 0.06841181218624115 0.9029727578163147 -0.412021279335022 -5.826817035675049 1.9663352966308594 -1.460403323173523 0.148746859228546 0.0031624683178961277 3682
frame-000292.color.jpg 0.08181353764747101 0.03907129913568497 0.9159524440765381 -0.39091047644615173 -5.903101444244385 1.7777076959609985 -1.045495629310608 0.06203347224913509 0.004849394783377647 3692
frame-000293.color.jpg 0.08058724154546237 0.03187086805701256 0.9175401926040649 -0.3880848288536072 -5.916676998138428 1.7123825550079346 -0.9935035109519958 0.14269461793282712 0.003325458848848939 3735
frame-000294.color.jpg 0.07582848827843873 0.022612150758504868 0.9180876612663269 -0.38839903473854065 -5.937486171722412 1.6395320892333984 -0.9004901051521301 0.3267706573236905 0.00419306755065918 3857
frame-000295.color.jpg 0.07198891824939956 0.010866725817322731 0.9186541438102722 -0.38829630613327026 -5.9635329246521 1.5325374603271484 -0.8061475157737732 0.4108919074718022 0.006394641473889351 3928
frame-000296.color.jpg 0.0687639798442985 0.00392195675522089 0.9190225601196289 -0.3881412148475647 -5.9779133796691895 1.477423906326294 -0.7393032312393188 0.5810995278974324 0.010261938907206059 3812
frame-000297.color.jpg 0.05854673696808493 -0.015063567087054253 0.9128943085670471 -0.4036947190761566 -5.998836517333984 1.3108850717544556 -0.5873991250991821 0.36051712790884255 0.00663731200620532 3945
frame-000298.color.jpg 0.05670134947403404 -0.018237877637147903 0.9132159948348999 -0.4030991196632385 -6.001871585845947 1.2875592708587646 -0.5500925779342651 0.33891700150422105 0.006361845880746841 3884
frame-000299.color.jpg 0.05611303614305371 -0.027088047936558723 0.9124335050582886 -0.40445348620414734 -6.005788326263428 1.192597508430481 -0.5045927166938782 0.26496232785311463 0.0049517895095050335 3807
frame-000300.color.jpg 0.05321165510243067 -0.03270236402750015 0.9119263887405396 -0.4055730402469635 -6.011569976806641 1.145208477973938 -0.4486514627933502 0.34749137019224646 0.004843706265091896 3785
frame-000301.color.jpg 0.03872708956978213 -0.07149475067853928 0.9073552489280701 -0.41242584586143494 -6.021242618560791 0.7841494679450989 -0.11368067562580109 0.19761071290169158 0.003387908451259136 3884
frame-000302.color.jpg 0.03833363367464658 -0.07911963015794754 0.9076793789863586 -0.4103519022464752 -6.021746635437012 0.7017731070518494 -0.0682985931634903 0.16602775809699394 0.0037414769176393747 3964
frame-000303.color.jpg 0.03909874085110401 -0.08310505747795105 0.9074700474739075 -0.40995457768440247 -6.014228820800781 0.6535540223121643 -0.05607595667243004 0.19571529538637336 0.004314993508160114 3959
frame-000304.color.jpg 0.02545697227768287 -0.11788412928581238 0.9053046107292175 -0.40728241205215454 -5.993734836578369 0.32984432578086853 0.2688887417316437 0.292785370241426 0.007843009196221828 3969
frame-000305.color.jpg 0.017108992405362226 -0.1415187269449234 0.9045542478561401 -0.40182244777679443 -5.97888708114624 0.09976071119308472 0.49429187178611755 0.1935677078205068 0.005490247160196304 3892
frame-000306.color.jpg 0.01457933190806453 -0.1593514382839203 0.902134120464325 -0.4006851613521576 -5.974772930145264 -0.09082656353712082 0.6184578537940979 0.14625541432665162 0.005799167789518833 3922
frame-000307.color.jpg 0.0074552361943712375 -0.16992127895355225 0.8987334966659546 -0.40416476130485535 -5.966982364654541 -0.1783805936574936 0.7573387026786804 0.1393894867254153 0.005790394265204668 3931
frame-000308.color.jpg 0.0061257257392936465 -0.175430566072464 0.898478627204895 -0.40239623188972473 -5.958136558532715 -0.2373012751340866 0.8076170682907104 0.043301718471014786 0.004291565623134375 3924
frame-000309.color.jpg 0.004171792484757498 -0.17940111458301544 0.8986002206802368 -0.4003942310810089 -5.9508490562438965 -0.2786686420440674 0.8572461605072021 0.14946593674188818 0.0044873361475765705 3878
frame-000310.color.jpg 0.003909295772706852 -0.18504831194877625 0.8997870683670044 -0.39512667059898376 -5.945271968841553 -0.3547395169734955 0.903730034828186 0.15412951520197885 0.005076517350971699 3964
frame-000311.color.jpg 0.007036822575924792 0.21465273201465607 -0.8959603905677795 0.38875409960746765 -5.896364688873291 -0.6619043350219727 1.1964397430419922 0.21918957500643615 0.004962171893566847 3801
frame-000312.color.jpg 0.011743827903977183 0.23085297644138336 -0.8940925598144531 0.38362404704093933 -5.852921485900879 -0.8316460251808167 1.3326057195663452 0.30237943814776674 0.007798474282026291 3753
frame-000313.color.jpg 0.0290955524134 0.2642408013343811 -0.8813846707344055 0.39050114154815674 -5.718733787536621 -1.0976139307022095 1.6790637969970703 0.13624359764324262 0.007633444387465715 3617
frame-000314.color.jpg 0.04535616175822979 0.28382596373558044 -0.8670060038566589 0.4070456027984619 -5.61167049407959 -1.1733431816101074 1.9413254261016846 0.040568125353755605 0.01073930412530899 3568
frame-000315.color.jpg 0.047151556335099584 0.2920806109905243 -0.8632327318191528 0.40901678800582886 -5.570074081420898 -1.2342106103897095 1.9982854127883911 0.07540436796222841 0.010303860530257225 3492
frame-000316.color.jpg 0.05283476941344428 0.30093392729759216 -0.8549056053161621 0.4192657470703125 -5.494976997375488 -1.2500193119049072 2.092104434967041 0.12620383321313214 0.011676045134663582 3573
frame-000317.color.jpg 0.06958027245691321 0.30927419662475586 -0.8485657572746277 0.42360857129096985 -5.361285209655762 -1.1932806968688965 2.28798770904541 0.17656293802555514 0.012275484390556812 3809
frame-000318.color.jpg 0.07141985119749596 0.3131231665611267 -0.8464334607124329 0.42473939061164856 -5.320614337921143 -1.2131510972976685 2.3219785690307617 0.28973683803535244 0.011904486455023289 3828
frame-000319.color.jpg 0.07202696619475064 0.31847670674324036 -0.8433617353439331 0.4267618954181671 -5.2865071296691895 -1.255932331085205 2.3453750610351562 0.1625174677504305 0.012220125645399094 3851
frame-000320.color.jpg 0.07222885634978503 0.32789352536201477 -0.8384957909584045 0.4291779696941376 -5.209255695343018 -1.3108980655670166 2.3827826976776123 0.5035907012786864 0.015643639490008354 3957
frame-000321.color.jpg 0.07044729447405043 0.3300127685070038 -0.8363466858863831 0.4320335388183594 -5.195809841156006 -1.3260539770126343 2.3721916675567627 0.5852211735355649 0.017818758264183998 4005
frame-000322.color.jpg 0.07724921696655516 0.3321039080619812 -0.8280418515205383 0.4450688362121582 -5.144764423370361 -1.254062294960022 2.435211420059204 0.33662429909891817 0.014750396832823753 4167
frame-000323.color.jpg 0.0770400338644872 0.3172335624694824 -0.8182713985443115 0.4731380343437195 -5.188083648681641 -1.024025559425354 2.331342935562134 0.33654142969437884 0.01539371907711029 4205
frame-000324.color.jpg 0.07658362261031715 0.3123563230037689 -0.8166546821594238 0.4792114198207855 -5.211986064910889 -0.9629414081573486 2.29675555229187 0.30362712161005767 0.013842453248798847 4187
frame-000325.color.jpg 0.08373204203809512 0.3104681670665741 -0.8082860708236694 0.4932262599468231 -5.200806617736816 -0.8606187105178833 2.3464183807373047 0.2145481679807216 0.010780849494040012 4262
frame-000326.color.jpg 0.08152043068572672 0.3093324601650238 -0.7982997298240662 0.5102798342704773 -5.204222202301025 -0.8207861185073853 2.3156933784484863 0.19546856814281988 0.009957686066627502 4270
frame-000327.color.jpg 0.08219966288837934 0.31005433201789856 -0.794397234916687 0.5157932043075562 -5.2011613845825195 -0.8074164390563965 2.3210010528564453 0.29017295628602835 0.011063466779887676 4327
frame-000328.color.jpg 0.08106133046945488 0.3096238970756531 -0.7899202704429626 0.5230564475059509 -5.204904556274414 -0.7888738512992859 2.3028886318206787 0.29254249831949386 0.010490195825695992 4296
frame-000329.color.jpg 0.08249346623162168 0.3118188977241516 -0.7871798872947693 0.525653600692749 -5.190881729125977 -0.7887317538261414 2.3259642124176025 0.2113161011211304 0.009108121506869793 4297
frame-000330.color.jpg 0.09405858088057553 0.31715846061706543 -0.7702186703681946 0.5452767014503479 -5.135531902313232 -0.6918368339538574 2.438622236251831 0.16910527858640037 0.005999690853059292 4281
frame-000331.color.jpg 0.09430246708902819 0.3155245780944824 -0.7675641179084778 0.5499060750007629 -5.1400251388549805 -0.6602455973625183 2.4255213737487793 0.19596314320783756 0.005881384946405888 4233
frame-000332.color.jpg 0.11037342113845663 0.31305861473083496 -0.7478313446044922 0.5749437212944031 -5.116452693939209 -0.43419602513313293 2.496947765350342 0.11599364755910188 0.003642538096755743 4073
frame-000333.color.jpg 0.11594997317015245 0.31421133875846863 -0.738147497177124 0.58563232421875 -5.100475311279297 -0.3660913407802582 2.5353376865386963 0.11991795142303122 0.003114669118076563 4021
frame-000334.color.jpg 0.11501795470499969 0.31438034772872925 -0.7326272130012512 0.5926156640052795 -5.110142230987549 -0.34995847940444946 2.5193991661071777 0.12953868641560407 0.003602847922593355 4060
frame-000335.color.jpg 0.1113308142798629 0.3161114454269409 -0.7274448275566101 0.5987511873245239 -5.117199897766113 -0.3719399571418762 2.4933230876922607 0.16474033413951264 0.003371203551068902 4054
frame-000336.color.jpg 0.11383961351148612 0.3192003071308136 -0.7233909964561462 0.6015456318855286 -5.091660022735596 -0.3636763095855713 2.531855344772339 0.16355861803160787 0.0030539752915501595 3990
frame-000337.color.jpg 0.11802843993158452 0.3174874186515808 -0.718345582485199 0.6076599955558777 -5.084014415740967 -0.3002951741218567 2.5473101139068604 0.3271719576178552 0.006108875386416912 3967
frame-000338.color.jpg 0.12279039732078229 0.31276971101760864 -0.7161409854888916 0.6117513179779053 -5.095511436462402 -0.2043600082397461 2.5403826236724854 0.15580735383963512 0.0017819462809711695 3932
frame-000339.color.jpg 0.12624480761252 0.3129645586013794 -0.7153780460357666 0.611841082572937 -5.086598873138428 -0.17038685083389282 2.5679681301116943 0.18510011419911573 0.002218326088041067 3938
frame-000340.color.jpg 0.1343959406168134 0.3283255994319916 -0.7107920050621033 0.6073835492134094 -5.004319190979004 -0.23414430022239685 2.7354209423065186 0.09803820747915568 0.0022218143567442894 3855
frame-000341.color.jpg 0.14440838075659748 0.34675389528274536 -0.6984880566596985 0.6091160774230957 -4.90552282333374 -0.2907758355140686 2.9255027770996094 0.07688499155770717 0.0009306543506681919 3858
frame-000342.color.jpg 0.15443821096489088 0.3574921190738678 -0.68446946144104 0.6163195371627808 -4.83530855178833 -0.26970186829566956 3.062870502471924 0.21073296038052733 0.005314703099429607 3629
frame-000343.color.jpg 0.15984404957912896 0.37206920981407166 -0.6777980327606201 0.613680899143219 -4.747087001800537 -0.3391219675540924 3.200143814086914 0.235951072673059 0.005677394103258848 3513
frame-000344.color.jpg 0.16806998771366233 0.3880341053009033 -0.6688300967216492 0.611431360244751 -4.629752159118652 -0.39056774973869324 3.36462140083313 0.246276984676796 0.0056101479567587376 3565
frame-000345.color.jpg 0.17554587121348275 0.3966274559497833 -0.6632358431816101 0.6099086403846741 -4.542346954345703 -0.3927730619907379 3.4756479263305664 0.34485651799820827 0.007579656783491373 3497
frame-000346.color.jpg 0.20101769011957252 0.4233078360557556 -0.6531419157981873 0.5948176383972168 -4.229464530944824 -0.4111398756504059 3.834740400314331 0.35213395115672463 0.0104391910135746 3416
frame-000347.color.jpg 0.21562209122806858 0.43876901268959045 -0.647888720035553 0.5841482281684875 -4.0257487297058105 -0.42833641171455383 4.034422397613525 0.28591777511353683 0.011902153491973877 3502
frame-000348.color.jpg 0.23000846040954048 0.4586029648780823 -0.6415979862213135 0.5702029466629028 -3.773878574371338 -0.4889976382255554 4.255959987640381 0.16173359682146576 0.010913846082985401 3587
frame-000349.color.jpg 0.236547858458404 0.46594855189323425 -0.6387314200401306 0.5647647976875305 -3.6645619869232178 -0.5021311044692993 4.342373847961426 0.1527524316714279 0.01242391113191843 3555
frame-000350.color.jpg 0.2404999605342134 0.4724946618080139 -0.6359419226646423 0.5607909560203552 -3.5725955963134766 -0.5266813635826111 4.404693126678467 0.28637107555884356 0.016749994829297066 3587
frame-000351.color.jpg 0.24695469775329043 0.4815543591976166 -0.6336329579353333 0.5528364181518555 -3.4402284622192383 -0.561357855796814 4.50009298324585 0.23864166027794156 0.01628846861422062 3637
frame-000352.color.jpg 0.2547254582430155 0.4965076446533203 -0.6301637887954712 0.5398969054222107 -3.2319281101226807 -0.6545324325561523 4.630712032318115 0.5540131854441304 0.022675346583127975 3714
frame-000353.color.jpg 0.2633910660024723 0.508282482624054 -0.6269180178642273 0.5284390449523926 -3.050840377807617 -0.7079124450683594 4.745142459869385 0.4083362427834539 0.01995016448199749 3720
frame-000354.color.jpg 0.2704925697873829 0.5157047510147095 -0.6248928308486938 0.5199916362762451 -2.9193899631500244 -0.7312453389167786 4.822765827178955 0.3035516160032173 0.018621448427438736 3642
frame-000355.color.jpg 0.2775943883178182 0.5239342451095581 -0.6224654912948608 0.5108532309532166 -2.7697267532348633 -0.7666537761688232 4.900018215179443 0.4321250179302414 0.022144177928566933 3678
frame-000356.color.jpg 0.2781200126766153 0.5345986485481262 -0.624793291091919 0.49647438526153564 -2.6346933841705322 -0.9040380716323853 4.94951057434082 0.20040782210915725 0.016598733142018318 3748
frame-000357.color.jpg 0.277234075765706 0.5464813113212585 -0.6306416392326355 0.476225346326828 -2.4879000186920166 -1.1020288467407227 4.988070487976074 0.20327922296406 0.011679270304739475 3771
frame-000358.color.jpg 0.26860955679502124 0.5552108883857727 -0.6376352310180664 0.46153131127357483 -2.4352216720581055 -1.3117632865905762 4.95822286605835 0.32803648347596426 0.012949228286743164 3803
frame-000359.color.jpg 0.2622741256595646 0.5619842410087585 -0.6435784101486206 0.44854533672332764 -2.387873649597168 -1.4889754056930542 4.928521633148193 0.43855985654118673 0.015727020800113678 3953
frame-000360.color.jpg 0.25679271278398047 0.565269947052002 -0.6464577317237854 0.44341808557510376 -2.3819472789764404 -1.5917357206344604 4.901026248931885 0.4279012929805289 0.014917691238224506 3974
frame-000361.color.jpg 0.24421827432920376 0.5695067048072815 -0.6532198786735535 0.4351131021976471 -2.4026901721954346 -1.7726514339447021 4.823799133300781 0.3615388548395677 0.013842657208442688 4116
frame-000362.color.jpg 0.23100883587509038 0.5745099782943726 -0.6614928245544434 0.4230845272541046 -2.4136507511138916 -1.9816548824310303 4.731576442718506 0.4011643040311025 0.015279321931302547 4184
frame-000363.color.jpg 0.22597678420142792 0.5765485763549805 -0.6644871234893799 0.4183097183704376 -2.413285732269287 -2.067422866821289 4.692609786987305 0.38756118188622873 0.0160880945622921 4155
frame-000364.color.jpg 0.22030012960194406 0.586501955986023 -0.6692701578140259 0.39945051074028015 -2.312657356262207 -2.2925188541412354 4.651210308074951 0.3306428409745588 0.013149888254702091 4226
frame-000365.color.jpg 0.21351873444277816 0.5905432105064392 -0.6718765497207642 0.39274707436561584 -2.2922186851501465 -2.404538631439209 4.600698947906494 0.2375829275957367 0.012583037838339806 4251
frame-000366.color.jpg 0.20848064744296974 0.5964891910552979 -0.6733324527740479 0.38387465476989746 -2.2455687522888184 -2.537809371948242 4.570813179016113 0.35542847689462437 0.011247554793953896 4276
frame-000367.color.jpg 0.20519094199489427 0.6011132597923279 -0.6745310425758362 0.3762544095516205 -2.197136878967285 -2.6384050846099854 4.540587902069092 0.17496000468514422 0.010958495549857616 4367
frame-000368.color.jpg 0.19766960802958414 0.6171402931213379 -0.6709275841712952 0.36044517159461975 -2.0223960876464844 -2.867385149002075 4.494307518005371 0.16032101498352927 0.010238773189485073 4249
frame-000369.color.jpg 0.2000757993790259 0.6250147223472595 -0.6655481457710266 0.3554884195327759 -1.9044078588485718 -2.9139764308929443 4.52173376083374 0.11992170002294679 0.009926434606313705 4248
frame-000370.color.jpg 0.20590714099417756 0.6378917694091797 -0.6540094017982483 0.35066816210746765 -1.7018051147460938 -2.9497146606445312 4.589626312255859 0.07281695356641006 0.008688220754265785 4314
frame-000371.color.jpg 0.20750328746282098 0.6463408470153809 -0.6473641395568848 0.34656262397766113 -1.5740903615951538 -2.9894626140594482 4.613453388214111 0.07034288429223823 0.007413603365421295 4282
frame-000372.color.jpg 0.21387765036168116 0.6621172428131104 -0.6337225437164307 0.3380129933357239 -1.3127442598342896 -3.037492513656616 4.669206142425537 0.1489806598054867 0.010338220745325089 4162
frame-000373.color.jpg 0.22914732107978852 0.679847240447998 -0.6136134266853333 0.3298149108886719 -0.9474285840988159 -2.999472141265869 4.788123607635498 0.22897752957175532 0.010177393443882465 4352
frame-000374.color.jpg 0.2360605482834978 0.6853110790252686 -0.6069187521934509 0.3259964883327484 -0.8036584258079529 -2.9772891998291016 4.829815864562988 0.20801254405887887 0.00978788174688816 4451
frame-000375.color.jpg 0.24255478356623364 0.6971647143363953 -0.5933331847190857 0.32106733322143555 -0.5760945081710815 -2.9686379432678223 4.871397972106934 0.24261474930162624 0.010576670058071613 4336
frame-000376.color.jpg 0.24874767558471392 0.7085028290748596 -0.5785026550292969 0.31856396794319153 -0.3386005759239197 -2.9380879402160645 4.9133076667785645 0.33607353505580656 0.011884953826665878 4429
frame-000377.color.jpg 0.250874467498939 0.7151758074760437 -0.5695640444755554 0.3180916905403137 -0.20967057347297668 -2.9156405925750732 4.929440975189209 0.3523988077500477 0.012530898675322533 4446
frame-000378.color.jpg 0.26431956808025103 0.7256025075912476 -0.5483455061912537 0.32086360454559326 0.13135820627212524 -2.7078018188476562 4.982933521270752 0.36800707066399624 0.011942428536713123 4105
frame-000379.color.jpg 0.26578903231529616 0.72218257188797 -0.551117479801178 0.3226111829280853 0.07612958550453186 -2.6858718395233154 4.996850490570068 0.2992078024540743 0.010585268959403038 4096
frame-000380.color.jpg 0.27601323612039735 0.7182965278625488 -0.5492988228797913 0.32578763365745544 0.0812174379825592 -2.5735814571380615 5.056075096130371 0.518663701477288 0.014343218877911568 4159
frame-000381.color.jpg 0.28550684113137215 0.7208185791969299 -0.541659414768219 0.3248251974582672 0.19103571772575378 -2.4833595752716064 5.100903511047363 0.41320163198917725 0.012389836832880974 4075
frame-000382.color.jpg 0.29979534524699064 0.7243261933326721 -0.5324013233184814 0.31941065192222595 0.366832971572876 -2.380075216293335 5.140467643737793 0.470487495775132 0.013796871528029442 3927
frame-000383.color.jpg 0.3100513228900878 0.7272810935974121 -0.5237573385238647 0.3171885311603546 0.5007368326187134 -2.291952133178711 5.171618938446045 0.4006009201462822 0.012602129019796848 3918
frame-000384.color.jpg 0.3205256514482402 0.7337377667427063 -0.5121480226516724 0.31080013513565063 0.7005475163459778 -2.214587926864624 5.18120002746582 0.29806636044988877 0.01219269074499607 3851
frame-000385.color.jpg 0.33690621886728983 0.7416568994522095 -0.49510765075683594 0.3021716773509979 0.9856731295585632 -2.079883575439453 5.1869282722473145 0.339730300943555 0.01439393125474453 3671
