frame-000000.color.jpg 0.3678170592448264 0.913533091545105 0.167458638548851 -0.04610128328204155 1.1624191999435425 1.2167547941207886 0.8544188737869263 0.052757638464274725 0.0026719896122813225 4556
frame-000001.color.jpg 0.37076919582480106 0.908087432384491 0.18049578368663788 -0.07299792766571045 1.1813414096832275 1.2432811260223389 0.774434506893158 0.06207180535183046 0.005544566549360752 4600
frame-000002.color.jpg 0.36881806563439085 0.9053709506988525 0.19203981757164001 -0.08600832521915436 1.179927945137024 1.2629142999649048 0.747527003288269 0.252467857468325 0.0066866143606603146 4552
frame-000003.color.jpg 0.3694665187938206 0.9038608074188232 0.19577646255493164 -0.09056179225444794 1.1662410497665405 1.2671260833740234 0.7366765141487122 0.05703858292355253 0.003357895417138934 4647
frame-000004.color.jpg 0.3753356798933546 0.8993027806282043 0.20559383928775787 -0.09004832804203033 1.1332557201385498 1.2940633296966553 0.7238227128982544 0.048779089958328664 0.005227548535913229 4682
frame-000005.color.jpg 0.374684558050482 0.8961397409439087 0.2191908061504364 -0.09219799190759659 1.1019667387008667 1.3135560750961304 0.7134606242179871 0.20896360788016347 0.005571763496845961 4626
frame-000006.color.jpg 0.37373329197076577 0.8958455324172974 0.22135737538337708 -0.09372866898775101 1.101528286933899 1.313090205192566 0.7077339887619019 0.16471381379562594 0.004819769412279129 4644
frame-000007.color.jpg 0.3754734614811114 0.8936769962310791 0.22688113152980804 -0.09426569193601608 1.0885423421859741 1.3264224529266357 0.7010462284088135 0.15497974035151318 0.0036287035327404737 4631
frame-000008.color.jpg 0.3694804763419378 0.8956225514411926 0.22734130918979645 -0.09828721731901169 1.1035557985305786 1.314374327659607 0.7005335092544556 0.15836243155860166 0.004507462494075298 4564
frame-000009.color.jpg 0.36718300836413953 0.894721269607544 0.23385483026504517 -0.09981168061494827 1.0991733074188232 1.3209375143051147 0.695212721824646 0.2897333695799146 0.007145215291529894 4545
frame-000010.color.jpg 0.3676093124823766 0.8941054940223694 0.23599611222743988 -0.0987149178981781 1.0945100784301758 1.3267920017242432 0.6948692798614502 0.3116029949720607 0.007816137745976448 4560
frame-000011.color.jpg 0.3686990577991626 0.8938791751861572 0.2351422905921936 -0.09873733669519424 1.1003994941711426 1.3260719776153564 0.6955955624580383 0.31764800587221287 0.008203160017728806 4618
frame-000012.color.jpg 0.3671639365196778 0.8939172625541687 0.23706580698490143 -0.09951020032167435 1.1001187562942505 1.3257569074630737 0.6947916150093079 0.2964901875772026 0.0071773831732571125 4623
frame-000013.color.jpg 0.36665193289713227 0.8941024541854858 0.2363547384738922 -0.101408451795578 1.1080279350280762 1.324386715888977 0.6930173635482788 0.3020367547505025 0.006713192444294691 4622
frame-000014.color.jpg 0.36844994176295914 0.893185019493103 0.23806022107601166 -0.0989566296339035 1.1000759601593018 1.330328345298767 0.6933046579360962 0.25618131926226984 0.006578377913683653 4632
frame-000015.color.jpg 0.37025853306082657 0.8921999335289001 0.23957672715187073 -0.09742136299610138 1.0935128927230835 1.3355869054794312 0.6946992874145508 0.27661340327753986 0.007029783446341753 4621
frame-000016.color.jpg 0.36924407297034667 0.8931210041046143 0.23676195740699768 -0.09968595206737518 1.1051608324050903 1.3279962539672852 0.6934131383895874 0.29026182878651785 0.007260212674736977 4649
frame-000017.color.jpg 0.36877474039039226 0.8932300806045532 0.2368970662355423 -0.10012464970350266 1.1068215370178223 1.3279861211776733 0.6925014853477478 0.2612077515220174 0.006164287682622671 4659
frame-000018.color.jpg 0.37008743821565443 0.8932035565376282 0.23434297740459442 -0.10151857882738113 1.1150442361831665 1.3258910179138184 0.687144935131073 0.23769495870638077 0.005996558349579573 4690
frame-000019.color.jpg 0.3703439096745432 0.8927572965621948 0.23528718948364258 -0.10232151299715042 1.1132460832595825 1.3279436826705933 0.6840789318084717 0.2234203836093698 0.00467997370287776 4654
frame-000020.color.jpg 0.3725249879164004 0.8929681181907654 0.2334752082824707 -0.09655284136533737 1.097891926765442 1.3313754796981812 0.694619357585907 0.21909795442202276 0.0038752425462007523 4664
frame-000021.color.jpg 0.37857151336794553 0.8936913013458252 0.2246498465538025 -0.08678629249334335 1.081567645072937 1.3329522609710693 0.7127601504325867 0.14793544075927642 0.0037002561148256063 4715
frame-000022.color.jpg 0.3837137247366645 0.8951392769813538 0.21325266361236572 -0.07754141837358475 1.0685940980911255 1.3251508474349976 0.7302518486976624 0.11416531797608054 0.004432495683431625 4708
frame-000023.color.jpg 0.38560273312171284 0.8987626433372498 0.19728854298591614 -0.06792206317186356 1.0600833892822266 1.3046501874923706 0.7577493190765381 0.13311487741548755 0.003506021574139595 4765
frame-000024.color.jpg 0.38666069526232516 0.9017139077186584 0.18390221893787384 -0.05987941101193428 1.0518561601638794 1.290740966796875 0.7785472869873047 0.1313570108387084 0.0032634660601615906 4713
frame-000025.color.jpg 0.39218685376388585 0.9027373790740967 0.16835951805114746 -0.05394215136766434 1.0498300790786743 1.2807776927947998 0.7846643328666687 0.11936179793377763 0.005349410697817802 4667
frame-000026.color.jpg 0.4029336954953082 0.9001068472862244 0.15703707933425903 -0.05283508822321892 1.0523871183395386 1.293509602546692 0.7645687460899353 0.1201266190382604 0.006504920311272144 4698
frame-000027.color.jpg 0.41238868361295383 0.897502601146698 0.1469876617193222 -0.05309613049030304 1.0595262050628662 1.3053230047225952 0.7435269951820374 0.20056615709989725 0.008294394239783287 4637
frame-000028.color.jpg 0.4230721834697764 0.8942332863807678 0.13650363683700562 -0.05218859389424324 1.067020297050476 1.3186842203140259 0.7228256464004517 0.23692688258987168 0.009172935970127583 4570
frame-000029.color.jpg 0.43291687276693025 0.8899878263473511 0.13198480010032654 -0.0555400475859642 1.0813368558883667 1.3392360210418701 0.6901528239250183 0.238511806642432 0.009173242375254631 4535
frame-000030.color.jpg 0.44157059617823324 0.8852356672286987 0.1322655975818634 -0.062282711267471313 1.0930159091949463 1.3566378355026245 0.6457287073135376 0.19094216709529804 0.010418589226901531 4542
frame-000031.color.jpg 0.44408963000195595 0.8835470080375671 0.13337892293930054 -0.06587271392345428 1.0997284650802612 1.3683778047561646 0.6228528022766113 0.18842170722964433 0.011670266278088093 4551
frame-000032.color.jpg 0.4443700897782024 0.8837133049964905 0.13179033994674683 -0.06494102627038956 1.1029130220413208 1.3721747398376465 0.6218600869178772 0.15846581821107744 0.010981066152453423 4562
frame-000033.color.jpg 0.44604318413472654 0.8832796812057495 0.12986107170581818 -0.06323473155498505 1.1175811290740967 1.3835662603378296 0.6199018359184265 0.13042746478135198 0.010174296796321869 4553
frame-000034.color.jpg 0.4399407959572228 0.8856410980224609 0.1345963180065155 -0.06305305659770966 1.1236945390701294 1.3906795978546143 0.6266028881072998 0.20228106819009936 0.011235189624130726 4505
frame-000035.color.jpg 0.4406512768491719 0.8853440284729004 0.13447652757167816 -0.06251738965511322 1.1564459800720215 1.4118832349777222 0.6170117259025574 0.2553835745115535 0.011519229970872402 4462
frame-000036.color.jpg 0.44716055899121715 0.8813827037811279 0.13596421480178833 -0.0687427967786789 1.2045069932937622 1.4360402822494507 0.572560727596283 0.27916583963428837 0.012559382244944572 4369
frame-000037.color.jpg 0.4480863763206971 0.8811167478561401 0.13405966758728027 -0.06985615193843842 1.2439007759094238 1.4464898109436035 0.5539291501045227 0.3250795718543041 0.016085941344499588 4204
frame-000038.color.jpg 0.4415804362632705 0.8847987651824951 0.131578728556633 -0.06946129351854324 1.2663536071777344 1.4428155422210693 0.5611265897750854 0.4230224034790242 0.02001139149069786 4202
frame-000039.color.jpg 0.4335419667355514 0.8888648152351379 0.13329946994781494 -0.06474549323320389 1.260036826133728 1.461978793144226 0.5708493590354919 0.4637716055520112 0.01968599297106266 4195
frame-000040.color.jpg 0.42929750198449357 0.8892641067504883 0.13948975503444672 -0.07386159151792526 1.2758406400680542 1.4965152740478516 0.52870774269104 0.5014603759487299 0.027362769469618797 3683
frame-000041.color.jpg 0.4404176556071326 0.8792130947113037 0.152904212474823 -0.09816814213991165 1.2815601825714111 1.5610495805740356 0.3720889687538147 0.52448931923078 0.01830759458243847 3765
frame-000042.color.jpg 0.4506417335175063 0.8736067414283752 0.15918506681919098 -0.09161578863859177 1.2543243169784546 1.6037743091583252 0.3130374550819397 0.5047713635097466 0.020037079229950905 3930
frame-000043.color.jpg 0.44885203781249594 0.876004695892334 0.1525157243013382 -0.08880560845136642 1.273254156112671 1.6155833005905151 0.2954239249229431 0.38405641438793947 0.013979685492813587 3838
frame-000044.color.jpg 0.4546882270554377 0.8758253455162048 0.13877536356449127 -0.0832471176981926 1.3172249794006348 1.6193503141403198 0.281610906124115 0.46723627236935306 0.016064602881669998 3766
frame-000045.color.jpg 0.4584823436211266 0.8758841753005981 0.12311473488807678 -0.08639203757047653 1.3895400762557983 1.5968598127365112 0.25408485531806946 0.5198168295082566 0.02037900686264038 3642
frame-000046.color.jpg 0.4585058625212667 0.8762922286987305 0.11705578118562698 -0.09045509994029999 1.4269652366638184 1.577326774597168 0.236139178276062 0.5849954571278371 0.022055799141526222 3613
frame-000047.color.jpg 0.4592504615134798 0.8762826919555664 0.11327559500932693 -0.09157579392194748 1.454869270324707 1.5663185119628906 0.2119206041097641 0.636669039850157 0.024545934051275253 3487
frame-000048.color.jpg 0.45868934129173883 0.8780063986778259 0.10796964168548584 -0.08397266268730164 1.471178412437439 1.5642004013061523 0.23297810554504395 0.6576212854594058 0.02446126751601696 3462
frame-000049.color.jpg 0.45911628803868293 0.8796453475952148 0.0988449901342392 -0.07527263462543488 1.4757153987884521 1.5579909086227417 0.266056090593338 0.46353601738649863 0.016678644344210625 3597
frame-000050.color.jpg 0.46346843113943703 0.8788936734199524 0.09109728783369064 -0.06666472554206848 1.4830968379974365 1.5471261739730835 0.2877039313316345 0.7393777426899593 0.02379857562482357 3556
frame-000051.color.jpg 0.46414307999385246 0.8801865577697754 0.07843239605426788 -0.06075531244277954 1.489749550819397 1.5235671997070312 0.321025013923645 0.6289676813958502 0.023016488179564476 3601
frame-000052.color.jpg 0.46605973164133013 0.8812255263328552 0.06073534116148949 -0.05040948837995529 1.4924535751342773 1.4890153408050537 0.3739219903945923 0.6880765653599638 0.023254822939634323 3589
frame-000053.color.jpg 0.4657252504210474 0.8826946020126343 0.04594988003373146 -0.04288129508495331 1.4797240495681763 1.4630895853042603 0.42448893189430237 0.5924405767665626 0.020331205800175667 3666
frame-000054.color.jpg 0.4612149479156056 0.8860318064689636 0.03275514394044876 -0.03399388864636421 1.4537365436553955 1.4325834512710571 0.4922018349170685 0.49745132171019696 0.017834065482020378 3741
frame-000055.color.jpg 0.46071880037344665 0.8870993256568909 0.015424535609781742 -0.023559194058179855 1.4395591020584106 1.3981071710586548 0.5536891222000122 0.6793181284098918 0.021872367709875107 3860
frame-000056.color.jpg 0.46077074922410527 0.8873916864395142 0.0011253233533352613 -0.015000949613749981 1.415260672569275 1.3709518909454346 0.605138897895813 0.4509636134760621 0.018428340554237366 3969
frame-000057.color.jpg 0.4568663999015045 0.8894754648208618 -0.0066473823972046375 -0.007896165363490582 1.3882378339767456 1.3585238456726074 0.6503034234046936 0.2657327785275773 0.015432854183018208 4057
frame-000058.color.jpg 0.4570749697388027 0.889275074005127 -0.01609349623322487 -0.0036412114277482033 1.3764336109161377 1.3332189321517944 0.676406741142273 0.39997830571475324 0.015292525291442871 4122
frame-000059.color.jpg 0.4569413691767114 0.8891669511795044 -0.02371281012892723 0.004940944258123636 1.3442282676696777 1.3234355449676514 0.7085087299346924 0.3843853306851579 0.016504980623722076 4198
frame-000060.color.jpg 0.45684688827078496 0.8889064788818359 -0.03136071190237999 0.012354402802884579 1.3220233917236328 1.317978858947754 0.7391049861907959 0.21350037427335933 0.013411211781203747 4188
frame-000061.color.jpg 0.4577052979484708 0.8882550597190857 -0.03565024957060814 0.015423648990690708 1.3075367212295532 1.3085891008377075 0.7513929009437561 0.15668680739634036 0.011495607905089855 4257
frame-000062.color.jpg 0.45700329325887196 0.8882795572280884 -0.04188748449087143 0.018783632665872574 1.2936428785324097 1.3011525869369507 0.7721421718597412 0.05887403618043478 0.00983893871307373 4230
frame-000063.color.jpg 0.45685515953238576 0.8877232670783997 -0.05112452059984207 0.02484099380671978 1.2720321416854858 1.2884923219680786 0.8017176985740662 0.21195368327189523 0.011721154674887657 4279
frame-000064.color.jpg 0.45619481899596515 0.8873024582862854 -0.06093320995569229 0.029458342120051384 1.2576873302459717 1.2617727518081665 0.8241214156150818 0.08818165753744547 0.009599313139915466 4286
frame-000065.color.jpg 0.45173303950066773 0.8884472250938416 -0.07168904691934586 0.03820366412401199 1.2374428510665894 1.2434078454971313 0.869863748550415 0.16610569162264083 0.007574658840894699 4337
frame-000066.color.jpg 0.44949895991142985 0.8889215588569641 -0.07709155976772308 0.04273071512579918 1.2195641994476318 1.230703592300415 0.8882921934127808 0.04980313141604795 0.008553951978683472 4324
frame-000067.color.jpg 0.44836088451869444 0.888801634311676 -0.081515833735466 0.04857326298952103 1.205678939819336 1.2220348119735718 0.9104250073432922 0.10733276758832737 0.007294347509741783 4337
frame-000068.color.jpg 0.4436789011411462 0.890776515007019 -0.0839904323220253 0.05110678821802139 1.1963677406311035 1.2099330425262451 0.9315917491912842 0.17327800390096246 0.007206683047115803 4368
frame-000069.color.jpg 0.4559341560703666 0.8855869770050049 -0.07537893205881119 0.04666804149746895 1.1842132806777954 1.2361699342727661 0.8810554146766663 0.08746450768491397 0.009780322201550007 4215
frame-000070.color.jpg 0.4529409006417896 0.8855776786804199 -0.08618789911270142 0.056288398802280426 1.1609911918640137 1.2138969898223877 0.9263851642608643 0.1232428795068655 0.007634444627910852 4255
frame-000071.color.jpg 0.4495984163342394 0.8861576914787292 -0.0930519700050354 0.06266675144433975 1.1441096067428589 1.1983609199523926 0.9592336416244507 0.13212818188468517 0.0052312505431473255 4290
frame-000072.color.jpg 0.44667181986429794 0.8867053389549255 -0.09911647439002991 0.0664365366101265 1.1297967433929443 1.180127739906311 0.9817556142807007 0.11328279617033406 0.00542726693674922 4333
frame-000073.color.jpg 0.44217566255315494 0.8874515891075134 -0.10832956433296204 0.07193779200315475 1.102931022644043 1.1503478288650513 1.0117508172988892 0.142006756518426 0.0070846485905349255 4270
frame-000074.color.jpg 0.438236147426501 0.8881570100784302 -0.11575441807508469 0.07567793130874634 1.0835250616073608 1.125681757926941 1.0373977422714233 0.14321444602147532 0.006213276647031307 4305
frame-000075.color.jpg 0.43402681348529787 0.8890568017959595 -0.12299660593271255 0.07791372388601303 1.0771467685699463 1.1022658348083496 1.0613151788711548 0.13504093740057826 0.004258204251527786 4275
frame-000076.color.jpg 0.43041291103331697 0.8894859552383423 -0.1322217434644699 0.07795459777116776 1.0678738355636597 1.0670270919799805 1.0815207958221436 0.10727139593739642 0.004439813084900379 4280
frame-000077.color.jpg 0.4234269804873385 0.8919783234596252 -0.1391361802816391 0.07566636800765991 1.0667307376861572 1.0264283418655396 1.0999702215194702 0.082722642183526 0.004120692145079374 4267
frame-000078.color.jpg 0.41746431497141373 0.89378821849823 -0.14578574895858765 0.07491811364889145 1.0687408447265625 0.9947831034660339 1.1208099126815796 0.09181211652471881 0.003222209168598056 4253
frame-000079.color.jpg 0.4136567386568766 0.8943732380867004 -0.15340059995651245 0.07384385913610458 1.0656903982162476 0.961051344871521 1.1314830780029297 0.16469337658896882 0.007046789396554232 4245
frame-000080.color.jpg 0.41131303325541946 0.8933436274528503 -0.1652706414461136 0.07378490269184113 1.0635615587234497 0.9200136065483093 1.1539154052734375 0.11040574573513147 0.005206509493291378 4216
frame-000081.color.jpg 0.408371576768629 0.892113208770752 -0.17718490958213806 0.0772804543375969 1.0473039150238037 0.8807610273361206 1.1782348155975342 0.2598487573205965 0.009955487214028835 4299
frame-000082.color.jpg 0.40176388302209715 0.8930835127830505 -0.18439267575740814 0.08358853310346603 1.0219646692276 0.8435060977935791 1.2074412107467651 0.312139004739348 0.011291983537375927 4330
frame-000083.color.jpg 0.3977760034835772 0.8930683135986328 -0.18843159079551697 0.09325571358203888 0.9896253943443298 0.8294715285301208 1.2319916486740112 0.21689207012437312 0.008953775279223919 4274
frame-000084.color.jpg 0.3943090229343324 0.8926715850830078 -0.19522625207901 0.09769692271947861 0.9738145470619202 0.8005437254905701 1.2578856945037842 0.0915557909977516 0.00532537093386054 4254
frame-000085.color.jpg 0.391466274540057 0.8910654187202454 -0.20566383004188538 0.10226947069168091 0.9567103981971741 0.7651081681251526 1.2832027673721313 0.07083096267341646 0.005514837335795164 4184
frame-000086.color.jpg 0.3874185831790389 0.892510712146759 -0.20566141605377197 0.10504690557718277 0.9448161721229553 0.7534101605415344 1.2992748022079468 0.07307730116766391 0.004752689506858587 4191
frame-000087.color.jpg 0.38557985503572 0.8923861384391785 -0.20148365199565887 0.11991515010595322 0.8999993801116943 0.7615823149681091 1.3220854997634888 0.028361380022806082 0.003502852050587535 4180
frame-000088.color.jpg 0.3770917452047173 0.8966509699821472 -0.20296533405780792 0.11235634982585907 0.914351761341095 0.7178887724876404 1.3255388736724854 0.12159620360729739 0.0018406048184260726 4170
frame-000089.color.jpg 0.36519560392916556 0.9026069641113281 -0.20519766211509705 0.09912999719381332 0.9418537020683289 0.6580020189285278 1.3151624202728271 0.15638152995695254 0.004838660825043917 4261
frame-000090.color.jpg 0.3584084836582354 0.9049062132835388 -0.20991821587085724 0.0928572565317154 0.9511340856552124 0.6172096729278564 1.3153818845748901 0.16897841315865267 0.0032133767381310463 4214
frame-000091.color.jpg 0.3401417864279585 0.9115645885467529 -0.21514056622982025 0.08407160639762878 0.9589186310768127 0.5478048920631409 1.325292706489563 0.20602310472076718 0.002372685121372342 4072
frame-000092.color.jpg 0.326593651716422 0.9160528182983398 -0.219309002161026 0.07802236825227737 0.9567663669586182 0.5023730397224426 1.3264031410217285 0.2780898447161733 0.008328872732818127 4013
frame-000093.color.jpg 0.3152540323974675 0.9183359146118164 -0.22665373980998993 0.07682511955499649 0.9441466927528381 0.4580027759075165 1.3402379751205444 0.26926110484241783 0.006783978082239628 3845
frame-000094.color.jpg 0.30635416832482454 0.9192119240760803 -0.23553675413131714 0.07562462240457535 0.9272210597991943 0.41772282123565674 1.3492158651351929 0.350503536977075 0.007386372424662113 3789
frame-000095.color.jpg 0.2969670301112336 0.9207014441490173 -0.24045243859291077 0.07938659191131592 0.885927140712738 0.3838922083377838 1.3640789985656738 0.09752657028142618 0.0034268901217728853 3753
frame-000096.color.jpg 0.284786430684176 0.9235163331031799 -0.24517661333084106 0.07682938873767853 0.8574586510658264 0.343038946390152 1.3644202947616577 0.3827693506162152 0.008274135179817677 3485
frame-000097.color.jpg 0.2880734095438557 0.9208939671516418 -0.2503737509250641 0.0792534127831459 0.8369432091712952 0.3407454490661621 1.3600592613220215 0.25929169669684377 0.008972588926553726 3613
frame-000098.color.jpg 0.28280638886945453 0.9207217693328857 -0.2564954459667206 0.08063546568155289 0.8216145038604736 0.32334834337234497 1.371774435043335 0.5348894028200352 0.011987853795289993 3641
frame-000099.color.jpg 0.2718799169403767 0.9176164269447327 -0.27639463543891907 0.08756415545940399 0.776405930519104 0.27142348885536194 1.3944035768508911 0.365932347342752 0.007596292998641729 3489
frame-000100.color.jpg 0.26505621627491566 0.9172475337982178 -0.2834256887435913 0.08984372764825821 0.7463977336883545 0.2502237856388092 1.403139591217041 0.3570817561997377 0.005345041863620281 3377
frame-000101.color.jpg 0.2734365242045814 0.916208803653717 -0.2758534252643585 0.09848272800445557 0.7025895714759827 0.30325496196746826 1.392927646636963 0.331159374030541 0.007080457638949156 3627
frame-000102.color.jpg 0.2695326523747381 0.9203067421913147 -0.2642170488834381 0.1028452068567276 0.6589586734771729 0.3217044174671173 1.386806845664978 0.3396330507891617 0.005358734633773565 3715
frame-000103.color.jpg 0.2692091378093533 0.9280966520309448 -0.2375749796628952 0.09859594702720642 0.6436857581138611 0.360248863697052 1.363559603691101 0.15534210056328088 0.0030649113468825817 3870
frame-000104.color.jpg 0.26493575129530583 0.9362856149673462 -0.20992973446846008 0.09543465822935104 0.6174801588058472 0.39325329661369324 1.346709966659546 0.10337133791099931 0.0026534765493124723 3861
frame-000105.color.jpg 0.27593497811349915 0.9366243481636047 -0.19704453647136688 0.0881374180316925 0.6135156750679016 0.43483567237854004 1.317421555519104 0.26937593739783866 0.00849050935357809 4176
frame-000106.color.jpg 0.2830782847059906 0.9307945370674133 -0.21031099557876587 0.09621555358171463 0.5690399408340454 0.45544829964637756 1.3225059509277344 0.20675338801321644 0.0036425029393285513 4334
frame-000107.color.jpg 0.29040315906159814 0.9259277582168579 -0.21890032291412354 0.10201206803321838 0.5281951427459717 0.4736531674861908 1.3281103372573853 0.2200233249926405 0.005172496195882559 4368
frame-000108.color.jpg 0.3011502023428433 0.921567976474762 -0.22451035678386688 0.09806188195943832 0.5001747608184814 0.49663034081459045 1.3257558345794678 0.14947963714086787 0.005154079757630825 4384
frame-000109.color.jpg 0.30879689241282565 0.924373209476471 -0.2016759067773819 0.097495898604393 0.4623714089393616 0.5406051874160767 1.3245234489440918 0.18621142066163118 0.005924713797867298 4320
frame-000110.color.jpg 0.3136886704283763 0.9301434755325317 -0.1705830991268158 0.08563918620347977 0.4480346441268921 0.5595716238021851 1.3165335655212402 0.13136698931819898 0.003038907190784812 4308
frame-000111.color.jpg 0.31640840855288677 0.9350978136062622 -0.1399318277835846 0.07679213583469391 0.42458677291870117 0.5786779522895813 1.308355450630188 0.17520330349389948 0.0036568809300661087 4250
frame-000112.color.jpg 0.3210996767487139 0.9375020861625671 -0.11664450913667679 0.06617226451635361 0.40984857082366943 0.5949378609657288 1.3007569313049316 0.18840077643509795 0.0042683444917202 4231
frame-000113.color.jpg 0.3266152847374022 0.9372705817222595 -0.10598717629909515 0.0601084902882576 0.3775888979434967 0.6132192015647888 1.2994612455368042 0.1899201600200952 0.004724760539829731 4123
frame-000114.color.jpg 0.3259572038542836 0.936659574508667 -0.10929005593061447 0.06690465658903122 0.31422021985054016 0.6104151010513306 1.3048772811889648 0.0484536254412816 0.0016338647110387683 4100
frame-000115.color.jpg 0.3322914865878284 0.9349107146263123 -0.10532987117767334 0.06655826419591904 0.28502291440963745 0.6407189965248108 1.2888367176055908 0.03744854317205806 0.0023086846340447664 4205
frame-000116.color.jpg 0.3311233653453216 0.9349216222763062 -0.10675118118524551 0.06987852603197098 0.24201233685016632 0.6571433544158936 1.2712711095809937 0.1315908514362888 0.003915301989763975 4016
frame-000117.color.jpg 0.33534640580426783 0.9311090707778931 -0.12240179628133774 0.07481025159358978 0.18869194388389587 0.688703715801239 1.2408167123794556 0.1183366692486807 0.004310640040785074 4082
frame-000118.color.jpg 0.3314532618210463 0.9335185289382935 -0.11481237411499023 0.07416131347417831 0.14137904345989227 0.7072349190711975 1.216802954673767 0.09038848899023395 0.0036527421325445175 3997
frame-000119.color.jpg 0.332492176304912 0.9346745610237122 -0.10058415681123734 0.0755988359451294 0.10168249905109406 0.7490770816802979 1.1854923963546753 0.17080243385280308 0.00409521721303463 4063
frame-000120.color.jpg 0.3436281433371969 0.9318177700042725 -0.08964616060256958 0.07482524961233139 0.074025459587574 0.7973396182060242 1.145336627960205 0.03136113373923089 0.002917066216468811 4081
frame-000121.color.jpg 0.34566829311977937 0.9310985207557678 -0.09339795261621475 0.06961225718259811 0.06893745064735413 0.8147670030593872 1.1257128715515137 0.04461229103349073 0.004309165757149458 4139
frame-000122.color.jpg 0.34726672942102915 0.9317736625671387 -0.07919614762067795 0.07022462785243988 0.05172010511159897 0.8419363498687744 1.1098219156265259 0.18424400601555016 0.007511538453400135 4206
frame-000123.color.jpg 0.353663837388389 0.9299668669700623 -0.07513003796339035 0.06662522256374359 0.04930916056036949 0.8625167012214661 1.1019035577774048 0.03860781770626897 0.005202248226851225 4278
frame-000124.color.jpg 0.35116330253144623 0.9314290881156921 -0.07566790282726288 0.05829794332385063 0.052176766097545624 0.8618288636207581 1.0986430644989014 0.043165831724075246 0.004099088255316019 4287
frame-000125.color.jpg 0.35734042568232455 0.9308878183364868 -0.05916185677051544 0.04749242588877678 0.05230415612459183 0.883755087852478 1.0780035257339478 0.2131087056131414 0.005424103699624538 4416
frame-000126.color.jpg 0.36407926013023123 0.9299081563949585 -0.033787570893764496 0.039695367217063904 0.027922943234443665 0.9179251194000244 1.0547136068344116 0.26119593209310216 0.005523919593542814 4488
frame-000127.color.jpg 0.37532264159096723 0.9264375567436218 -0.009640434756875038 0.027447307482361794 0.0015070404624566436 0.9496908783912659 1.029305100440979 0.1547344271705613 0.0032858322374522686 4548
frame-000128.color.jpg 0.3743524058719368 0.9264798760414124 0.032036639750003815 0.02165473811328411 -0.07605666667222977 0.9482219219207764 1.0171700716018677 0.20558685306795907 0.0017241062596440315 4506
frame-000129.color.jpg 0.3830185452992183 0.9212166666984558 0.06823129206895828 0.0010601177345961332 -0.0872972309589386 0.9648765325546265 0.9890550971031189 0.405317646015852 0.008634869009256363 4340
frame-000130.color.jpg 0.3866404666812326 0.9166848659515381 0.09854960441589355 -0.022046629339456558 -0.08526682108640671 0.9814391136169434 0.978485107421875 0.07757531424144787 0.0042520551942288876 4329
frame-000131.color.jpg 0.38921931516246355 0.9127247929573059 0.11915736645460129 -0.0352599211037159 -0.08591567724943161 0.9979522228240967 0.9718401432037354 0.07516561149607547 0.0021370486356317997 4190
frame-000132.color.jpg 0.39495385077363493 0.9090619087219238 0.1257469803094864 -0.04249153286218643 -0.09535638988018036 1.0283143520355225 0.9403291940689087 0.16310030166612943 0.0029516613576561213 4202
frame-000133.color.jpg 0.39540589195435083 0.9102081060409546 0.11928219348192215 -0.03077601082623005 -0.15434546768665314 1.0616403818130493 0.8999319672584534 0.05849180572107191 0.0008972678915597498 4395
frame-000134.color.jpg 0.39271600271262536 0.9103718996047974 0.1262260526418686 -0.03261948749423027 -0.1750582456588745 1.0773266553878784 0.8733478784561157 0.14041125367678012 0.0018965015187859535 4407
frame-000135.color.jpg 0.3849068253593634 0.9130692481994629 0.13158093392848969 -0.02894575335085392 -0.20127496123313904 1.1015675067901611 0.8424174189567566 0.1417583750884329 0.0028112533036619425 4363
frame-000136.color.jpg 0.3759582275759539 0.9165095686912537 0.13307572901248932 -0.030929068103432655 -0.2015763223171234 1.1104658842086792 0.8351811170578003 0.09256699917035068 0.0013864992652088404 4231
frame-000137.color.jpg 0.3807867609212604 0.9151878356933594 0.1279742270708084 -0.03248623013496399 -0.20572245121002197 1.152655005455017 0.7972157597541809 0.06533181328801656 0.0011505995644256473 4235
frame-000138.color.jpg 0.39417383310038884 0.9101055860519409 0.12313797324895859 -0.03423115238547325 -0.21350590884685516 1.2153085470199585 0.7387377619743347 0.047972150465648594 0.0030319795478135347 4124
frame-000139.color.jpg 0.4197835908216331 0.8960269689559937 0.1300911009311676 -0.06319603323936462 -0.18289151787757874 1.287385106086731 0.6518254280090332 0.15498790456200548 0.008419197984039783 4239
frame-000140.color.jpg 0.43434027508494355 0.8871699571609497 0.13743846118450165 -0.07340791076421738 -0.21381451189517975 1.3376374244689941 0.6004602909088135 0.09906104831768492 0.0049751996994018555 4243
frame-000141.color.jpg 0.4395119980298902 0.8843638300895691 0.1391907036304474 -0.07318318635225296 -0.25250115990638733 1.3599424362182617 0.5693942904472351 0.10290312310730965 0.005630160681903362 4260
frame-000142.color.jpg 0.44446972475263874 0.8824613690376282 0.13492563366889954 -0.07418636232614517 -0.26692861318588257 1.386061668395996 0.5413301587104797 0.12560025526587193 0.006344773806631565 4256
frame-000143.color.jpg 0.43759269193904604 0.8866681456565857 0.12529152631759644 -0.08145090192556381 -0.24859656393527985 1.4126951694488525 0.5366880297660828 0.10991485923906986 0.00523081561550498 4243
frame-000144.color.jpg 0.4378472501987232 0.8884108066558838 0.1161477342247963 -0.07433570921421051 -0.2603430449962616 1.4267960786819458 0.5067151784896851 0.1301363413081934 0.00442308746278286 4176
frame-000145.color.jpg 0.441036798988239 0.8887959122657776 0.10729975253343582 -0.06336614489555359 -0.2741497755050659 1.4647095203399658 0.46411260962486267 0.33863493603584066 0.010858355090022087 4280
frame-000146.color.jpg 0.44611434740782036 0.8883894085884094 0.09356524050235748 -0.05469650402665138 -0.27098411321640015 1.502288579940796 0.4125274121761322 0.23391604982636544 0.007268921006470919 4012
frame-000147.color.jpg 0.4569031956938981 0.8857524394989014 0.07191655039787292 -0.038860809057950974 -0.2566414475440979 1.5425753593444824 0.3351210653781891 0.5757583733273354 0.016737008467316628 4036
frame-000148.color.jpg 0.47285474215213247 0.8789947628974915 0.05477228760719299 -0.027868254110217094 -0.23332320153713226 1.579214334487915 0.2571769058704376 0.45421777172875005 0.01355994027107954 4239
frame-000149.color.jpg 0.48266928243021734 0.8745391964912415 0.04321837052702904 -0.018537219613790512 -0.22171685099601746 1.5929625034332275 0.20084276795387268 0.31589648923692776 0.008634249679744244 4262
frame-000150.color.jpg 0.48067914682104246 0.8761540055274963 0.034632883965969086 -0.010109077207744122 -0.2076779454946518 1.612161636352539 0.19134870171546936 0.4505525748262449 0.012318828143179417 4195
frame-000151.color.jpg 0.47346753681153286 0.8801306486129761 0.029838597401976585 -0.017559979110956192 -0.16802562773227692 1.6165908575057983 0.20242759585380554 0.35309602065391793 0.010646652430295944 4256
frame-000152.color.jpg 0.44638873169910126 0.8936904668807983 0.029589569196105003 -0.03433661907911301 -0.0958246961236 1.6111260652542114 0.26909613609313965 0.41263093766751097 0.011923808604478836 4144
frame-000153.color.jpg 0.4224672049171541 0.9015029072761536 0.05705295503139496 -0.07455924153327942 -0.08798208832740784 1.6158689260482788 0.3258258104324341 0.22913622474825235 0.0069768172688782215 4072
frame-000154.color.jpg 0.4112605504842131 0.9022442698478699 0.09360413998365402 -0.08976832777261734 -0.15713286399841309 1.6190357208251953 0.36000266671180725 0.28944415375724686 0.009718582034111023 4063
frame-000155.color.jpg 0.41022854732608366 0.8953458666801453 0.14120106399059296 -0.10065118223428726 -0.2780500054359436 1.5913488864898682 0.3697735369205475 0.29289089132801743 0.0093385623767972 4066
frame-000156.color.jpg 0.4043474176139164 0.8883791565895081 0.1852988749742508 -0.11379815638065338 -0.38989001512527466 1.5593008995056152 0.40084782242774963 0.4473902772818083 0.012890336103737354 4010
frame-000157.color.jpg 0.3988565457227908 0.8869336247444153 0.19760112464427948 -0.1233537346124649 -0.41258108615875244 1.5571094751358032 0.42247042059898376 0.7142533720757435 0.01663692109286785 3935
frame-000158.color.jpg 0.394279444040156 0.8810018301010132 0.22204267978668213 -0.1381179839372635 -0.46152791380882263 1.5422799587249756 0.4439230263233185 0.6209752394890247 0.015720056369900703 3628
frame-000159.color.jpg 0.39167062758016524 0.87446528673172 0.24517822265625 -0.1476222574710846 -0.5032173991203308 1.5260971784591675 0.46109339594841003 0.754724697507302 0.017877336591482162 3570
frame-000160.color.jpg 0.38513126469343617 0.8696317672729492 0.26283031702041626 -0.1622799187898636 -0.516498327255249 1.5155510902404785 0.4867058992385864 0.6541302050198831 0.01672353222966194 3363
frame-000161.color.jpg 0.37309454571788164 0.8676037192344666 0.2800978422164917 -0.17207415401935577 -0.5304802656173706 1.4928715229034424 0.5276652574539185 0.7802471934449355 0.0178556926548481 2962
frame-000162.color.jpg 0.3588712930539877 0.8671634793281555 0.29603224992752075 -0.1777745932340622 -0.5450013875961304 1.483988642692566 0.561623215675354 0.528799221957911 0.012541050091385841 2684
frame-000163.color.jpg 0.35252399305171067 0.8638797998428345 0.3134656846523285 -0.1765725314617157 -0.5703778266906738 1.4658836126327515 0.5687144994735718 0.7906425812791362 0.017693713307380676 2566
frame-000164.color.jpg 0.34112304819290434 0.8633246421813965 0.3261868953704834 -0.17862752079963684 -0.5762289762496948 1.477258563041687 0.5905515551567078 0.6188453944067442 0.012698646634817123 2513
frame-000165.color.jpg 0.3399065871898734 0.8610421419143677 0.3325503468513489 -0.1802227646112442 -0.5870118737220764 1.4792554378509521 0.5949512720108032 0.4229422287975559 0.008366650901734829 2383
frame-000166.color.jpg 0.3378345050300871 0.8576064705848694 0.34270796179771423 -0.18146687746047974 -0.592770516872406 1.4694194793701172 0.5990122556686401 0.40619201695131946 0.009690256789326668 2358
frame-000167.color.jpg 0.33157753894023906 0.8527709245681763 0.3581558167934418 -0.18590986728668213 -0.6108315587043762 1.4487147331237793 0.6134668588638306 0.6124972138208934 0.01342514343559742 2155
frame-000168.color.jpg 0.32942341504335687 0.8433797359466553 0.37814202904701233 -0.19287146627902985 -0.626068115234375 1.4235594272613525 0.6197345852851868 1.0235106773155807 0.02208666317164898 1962
frame-000169.color.jpg 0.322348146650027 0.8355208039283752 0.396273136138916 -0.20239649713039398 -0.6332753300666809 1.4070067405700684 0.6445888876914978 0.8323197552643193 0.019599955528974533 1688
frame-000170.color.jpg 0.32014440829746416 0.8294333815574646 0.4102851152420044 -0.20301224291324615 -0.6517012119293213 1.3899095058441162 0.6601839661598206 0.8350636770416662 0.019239943474531174 1581
frame-000171.color.jpg 0.32300460732481173 0.8216972351074219 0.42320623993873596 -0.20341582596302032 -0.6735853552818298 1.3676217794418335 0.6588066220283508 1.2112263671006278 0.025290433317422867 1462
frame-000172.color.jpg 0.320023452136236 0.8190875053405762 0.42802512645721436 -0.20850668847560883 -0.6736770868301392 1.3674468994140625 0.6752387881278992 0.9155826960936838 0.017435528337955475 1452
frame-000173.color.jpg 0.3171746801012422 0.817550778388977 0.433154433965683 -0.20829853415489197 -0.6810079216957092 1.3555877208709717 0.6908841133117676 1.052916882848307 0.01600269041955471 1331
frame-000174.color.jpg 0.3264200179923689 0.8198558688163757 0.4226309061050415 -0.20656561851501465 -0.6945568919181824 1.3631142377853394 0.651235044002533 1.4970809896447685 0.0324481725692749 1487
frame-000175.color.jpg 0.33695751209347613 0.8271167874336243 0.4045628607273102 -0.19663800299167633 -0.7076380252838135 1.3938465118408203 0.615089476108551 1.2760178617324862 0.02674845978617668 1649
frame-000176.color.jpg 0.3663810816438499 0.8435056209564209 0.35181117057800293 -0.1746196448802948 -0.6842128038406372 1.4833933115005493 0.5090734958648682 0.44337751446399937 0.004561438225209713 2402
frame-000177.color.jpg 0.3774455777881462 0.8520768284797668 0.32418715953826904 -0.16248856484889984 -0.6565109491348267 1.5154227018356323 0.45694276690483093 0.3254038724377475 0.005012859590351582 2653
frame-000178.color.jpg 0.3895348835366665 0.8619502186775208 0.29015299677848816 -0.1453123837709427 -0.627268373966217 1.5415005683898926 0.3958398699760437 0.5013152344288672 0.00996643677353859 2931
frame-000179.color.jpg 0.3922559377685178 0.8771975040435791 0.25013455748558044 -0.11871195584535599 -0.5869130492210388 1.5699107646942139 0.35994717478752136 0.5618209987999541 0.013350412249565125 3600
frame-000180.color.jpg 0.3955206391113248 0.8856202363967896 0.2212110310792923 -0.10151811689138412 -0.5496857762336731 1.598044514656067 0.3318653702735901 0.4573592852209857 0.01073628943413496 3889
frame-000181.color.jpg 0.4008557595039214 0.8940421938896179 0.18292813003063202 -0.08087340742349625 -0.49541836977005005 1.624427080154419 0.2919172942638397 0.4450747364314682 0.010496502742171288 3975
frame-000182.color.jpg 0.4061835293281402 0.898522675037384 0.15158990025520325 -0.0685020387172699 -0.441688597202301 1.6455634832382202 0.2583605647087097 0.6214919326275655 0.013623683713376522 3993
frame-000183.color.jpg 0.41110135527222513 0.9026827812194824 0.11475525051355362 -0.05468830466270447 -0.3826381266117096 1.6698416471481323 0.22447508573532104 0.2261299810180947 0.005527480971068144 3895
frame-000184.color.jpg 0.4182391178602833 0.9037833213806152 0.08513770252466202 -0.031674824655056 -0.3506913483142853 1.6872917413711548 0.19333280622959137 0.19959944520850242 0.005580603145062923 4023
frame-000185.color.jpg 0.42300985778041655 0.903366208076477 0.06808608025312424 -0.018878478556871414 -0.34119585156440735 1.6975677013397217 0.18017731606960297 0.06243171096436517 0.0020239134319126606 4166
frame-000186.color.jpg 0.4241675786224772 0.9037492871284485 0.056653641164302826 -0.010463349521160126 -0.34174221754074097 1.6977524757385254 0.18575604259967804 0.34099812812781216 0.005429312586784363 4175
frame-000187.color.jpg 0.4258237456013165 0.9031743407249451 0.05376013368368149 -0.007751798257231712 -0.35717618465423584 1.6939620971679688 0.18641981482505798 0.1636828420971375 0.0035109047312289476 4212
frame-000188.color.jpg 0.4319540058025404 0.9009057283401489 0.04191942140460014 -0.005222065839916468 -0.3426900804042816 1.702100157737732 0.17466694116592407 0.1736683385398581 0.0030116632115095854 4286
frame-000189.color.jpg 0.4389111913058322 0.8979363441467285 0.03264475613832474 -0.001195542048662901 -0.3393905758857727 1.7094982862472534 0.16217352449893951 0.43331445802160207 0.008473939262330532 4280
frame-000190.color.jpg 0.44400460770336847 0.8956527709960938 0.025794653221964836 0.0007798888254910707 -0.33256858587265015 1.7104241847991943 0.15399785339832306 0.5016460717167897 0.009981490671634674 4256
frame-000191.color.jpg 0.44419675667688063 0.8956665396690369 0.021402742713689804 0.003547507803887129 -0.3272418975830078 1.7021002769470215 0.1622350513935089 0.3621070678815746 0.0062884013168513775 4343
frame-000192.color.jpg 0.4526754996321215 0.8914951682090759 0.017450325191020966 0.004083078354597092 -0.32532450556755066 1.6960928440093994 0.14615772664546967 0.246230614095634 0.005857182666659355 4350
frame-000193.color.jpg 0.460474799527563 0.8875190019607544 0.014219279401004314 0.008413045667111874 -0.3277888596057892 1.6893037557601929 0.1285591423511505 0.1310691557177894 0.003940725699067116 4373
frame-000194.color.jpg 0.46601712089472047 0.8846668601036072 0.008036241866648197 0.01131935603916645 -0.32643449306488037 1.6857255697250366 0.1221630871295929 0.3543001349798236 0.007508596405386925 4288
frame-000195.color.jpg 0.46797767515850264 0.8836081027984619 0.000998343457467854 0.015253545716404915 -0.3138044476509094 1.6892458200454712 0.12092574685811996 0.16817422508494978 0.00616331584751606 4285
frame-000196.color.jpg 0.46814443595698785 0.8834347128868103 -0.003306691301986575 0.019310979172587395 -0.31566163897514343 1.6950163841247559 0.13054056465625763 0.5438605361297295 0.013378669507801533 4311
frame-000197.color.jpg 0.47360581714215744 0.8804341554641724 -0.005804475862532854 0.02234903909265995 -0.31322959065437317 1.687173843383789 0.1118476539850235 0.29897293466007574 0.008987418375909328 4288
frame-000198.color.jpg 0.47872462954807066 0.8775718808174133 -0.00829325057566166 0.024931123480200768 -0.30831387639045715 1.6823577880859375 0.09790746122598648 0.11049358436909622 0.004686680156737566 4385
frame-000199.color.jpg 0.480787336074212 0.8763364553451538 -0.014339425601065159 0.025931192561984062 -0.2982305884361267 1.6930110454559326 0.0972248762845993 0.276213650448109 0.007706919219344854 4413
frame-000200.color.jpg 0.4807051756287206 0.8757654428482056 -0.029152918606996536 0.03328128904104233 -0.27469879388809204 1.6874730587005615 0.09704531729221344 0.26336723855807864 0.007668024394661188 4433
frame-000201.color.jpg 0.4751902187607869 0.8776180148124695 -0.04472947493195534 0.04449943080544472 -0.2535649538040161 1.6950949430465698 0.11718548834323883 0.11230007602307203 0.0062441774643957615 4410
frame-000202.color.jpg 0.4698708979043218 0.8779245018959045 -0.0718153715133667 0.05755303427577019 -0.2072416990995407 1.7010825872421265 0.12997522950172424 0.33068179439716905 0.009748137556016445 4376
frame-000203.color.jpg 0.46673260596041405 0.8768444061279297 -0.09304731339216232 0.06816684454679489 -0.17457500100135803 1.6951595544815063 0.12484714388847351 0.23540663189101493 0.009907362051308155 4361
frame-000204.color.jpg 0.4520446260659357 0.8793084025382996 -0.1254623681306839 0.0820460170507431 -0.10944262892007828 1.6918424367904663 0.15011151134967804 0.06943220796648529 0.006943610962480307 4375
frame-000205.color.jpg 0.4473063124233207 0.8767169713973999 -0.15190692245960236 0.09060260653495789 -0.05941671505570412 1.6944032907485962 0.15623001754283905 0.46320672756331 0.01420915499329567 4319
frame-000206.color.jpg 0.438410904783726 0.8700852990150452 -0.18990403413772583 0.12117728590965271 0.0002711244160309434 1.692500114440918 0.15758714079856873 0.449645707131367 0.014845612458884716 4226
frame-000207.color.jpg 0.43597062834390127 0.8644288778305054 -0.21254946291446686 0.132344052195549 0.04265492036938667 1.6930646896362305 0.1550503969192505 0.4836340624626727 0.015821684151887894 4242
frame-000208.color.jpg 0.4341271183256753 0.8584787845611572 -0.23353153467178345 0.1414598524570465 0.07355960458517075 1.689162254333496 0.1474502682685852 0.6215453468413091 0.021015631034970284 4244
frame-000209.color.jpg 0.42794786792376355 0.8554137349128723 -0.25112980604171753 0.1485319584608078 0.10680819302797318 1.6927721500396729 0.1477207988500595 0.6204586530721895 0.0208313949406147 4201
frame-000210.color.jpg 0.4311724295644449 0.8439578413963318 -0.2674316465854645 0.17408601939678192 0.1141248345375061 1.7016746997833252 0.11681993305683136 0.3683877203080922 0.013936876319348812 3974
frame-000211.color.jpg 0.42635941798218985 0.838443398475647 -0.2830840051174164 0.18733283877372742 0.12512563169002533 1.693446397781372 0.12361367791891098 0.4320185096678715 0.015759682282805443 4115
frame-000212.color.jpg 0.4125184571645925 0.8296727538108826 -0.3178461194038391 0.20111015439033508 0.17752906680107117 1.6770665645599365 0.1610126495361328 0.42693100591199046 0.016995789483189583 4074
frame-000213.color.jpg 0.4055056400316141 0.8164564371109009 -0.3496396243572235 0.21613919734954834 0.22853414714336395 1.667996883392334 0.18977667391300201 0.2775732849797647 0.010997767560184002 4009
frame-000214.color.jpg 0.40054950515587595 0.8022142648696899 -0.37876591086387634 0.2292352020740509 0.28395959734916687 1.6523226499557495 0.20852059125900269 0.21793639537629747 0.01033851969987154 3998
frame-000215.color.jpg 0.3859665508049882 0.7896196246147156 -0.40613579750061035 0.2501688301563263 0.3015367090702057 1.6310991048812866 0.24708229303359985 0.18801723196473263 0.011732500977814198 4062
frame-000216.color.jpg 0.3729798490252734 0.7778520584106445 -0.42931026220321655 0.26744139194488525 0.2907857894897461 1.6219379901885986 0.28421467542648315 0.1169785955219721 0.01024104468524456 4112
frame-000217.color.jpg 0.3705172001839222 0.7735331058502197 -0.436980664730072 0.2709455192089081 0.28292763233184814 1.6133571863174438 0.2960432767868042 0.15770497249013507 0.009712042286992073 4181
frame-000218.color.jpg 0.3642603394486398 0.769239068031311 -0.4535565674304962 0.2643332779407501 0.2832903265953064 1.5847313404083252 0.33636167645454407 0.17798623205470945 0.008928067050874233 4351
frame-000219.color.jpg 0.3628267609099275 0.7643778324127197 -0.46171170473098755 0.2662811577320099 0.25921526551246643 1.5775020122528076 0.35282930731773376 0.06691010058449857 0.008765647187829018 4368
frame-000220.color.jpg 0.36596132288315203 0.7594286203384399 -0.4658862054347992 0.26886895298957825 0.23907887935638428 1.5685017108917236 0.3568990230560303 0.0783857055142993 0.0060739414766430855 4348
frame-000221.color.jpg 0.36017867799231923 0.7596015930175781 -0.47248533368110657 0.26464006304740906 0.2173290252685547 1.5438554286956787 0.39576876163482666 0.05535429762785639 0.00607877504080534 4380
frame-000222.color.jpg 0.35820047449346504 0.7567487359046936 -0.47949641942977905 0.26288196444511414 0.20375604927539825 1.5242935419082642 0.4179741144180298 0.0962282673800618 0.008884626440703869 4393
frame-000223.color.jpg 0.3570145164341469 0.7518423795700073 -0.48601555824279785 0.26657557487487793 0.195417121052742 1.507372498512268 0.43278706073760986 0.14306805052156962 0.00836150161921978 4373
frame-000224.color.jpg 0.3561962672186842 0.7468835115432739 -0.49471497535705566 0.265605628490448 0.20351019501686096 1.492248296737671 0.4564990997314453 0.10324875469169609 0.006352080497890711 4387
frame-000225.color.jpg 0.3557443143582106 0.7453219294548035 -0.4968220293521881 0.2666628062725067 0.20037373900413513 1.4812934398651123 0.4650477468967438 0.06348323993142979 0.007935660891234875 4356
frame-000226.color.jpg 0.3495398595100771 0.740876317024231 -0.5094516277313232 0.2634066939353943 0.2283937782049179 1.4706562757492065 0.4898504614830017 0.12693059468929058 0.010309393517673016 4302
frame-000227.color.jpg 0.34584905382868836 0.7284891605377197 -0.5257754921913147 0.27065131068229675 0.2596527636051178 1.4648818969726562 0.49006232619285583 0.12048809879595539 0.010075612924993038 4232
frame-000228.color.jpg 0.3392798086300729 0.7178633809089661 -0.5400726795196533 0.27907514572143555 0.28280818462371826 1.463234543800354 0.49257057905197144 0.07496472122515511 0.008467892184853554 4202
frame-000229.color.jpg 0.3312738652493308 0.7072150111198425 -0.5561559796333313 0.2842448055744171 0.30382105708122253 1.4502836465835571 0.5048381686210632 0.10062603542158392 0.0079812528565526 4045
frame-000230.color.jpg 0.31110537081944273 0.6961395740509033 -0.5811182856559753 0.28443777561187744 0.31736913323402405 1.4222079515457153 0.5502704381942749 0.07861448350096167 0.0073244632221758366 3703
frame-000231.color.jpg 0.30405490590187284 0.6802249550819397 -0.5997278690338135 0.2918410301208496 0.3338107466697693 1.4089195728302002 0.561007022857666 0.09399002639524051 0.010141345672309399 3364
frame-000232.color.jpg 0.29869063684145153 0.6707149147987366 -0.6102217435836792 0.29758161306381226 0.34168335795402527 1.3928683996200562 0.5795248746871948 0.1581562318828187 0.009506838396191597 3138
frame-000233.color.jpg 0.30202378342293146 0.6807188391685486 -0.6031724810600281 0.28563371300697327 0.3414939343929291 1.371363878250122 0.6039348840713501 0.20383804449595813 0.00972449779510498 3300
frame-000234.color.jpg 0.3096387556444382 0.6940430402755737 -0.5880321264266968 0.2768508195877075 0.32033857703208923 1.3673608303070068 0.6192288398742676 0.08145745636148692 0.008678003214299679 3558
frame-000235.color.jpg 0.3241768907385893 0.7101184725761414 -0.5637601613998413 0.26984336972236633 0.27552735805511475 1.3502253293991089 0.6391019821166992 0.173981646787606 0.010137245059013367 3728
frame-000236.color.jpg 0.33326275227308744 0.725758969783783 -0.543597936630249 0.2582852840423584 0.2422734797000885 1.329626202583313 0.6698000431060791 0.11793484868620033 0.008097869344055653 3783
frame-000237.color.jpg 0.3420907204100297 0.7370480298995972 -0.5267745852470398 0.24948488175868988 0.21458671987056732 1.3089019060134888 0.7006595730781555 0.061906193274777484 0.007361454423516989 3916
frame-000238.color.jpg 0.34555318571083915 0.7462782859802246 -0.5166526436805725 0.23818431794643402 0.21347349882125854 1.2761168479919434 0.7432612776756287 0.04982830106334584 0.007112661376595497 3986
frame-000239.color.jpg 0.35315264521989903 0.7550198435783386 -0.49965420365333557 0.23574118316173553 0.19217441976070404 1.2695233821868896 0.7601513862609863 0.10994397425442837 0.008872784674167633 4004
frame-000240.color.jpg 0.35512958290339697 0.7539947628974915 -0.5018948912620544 0.23124980926513672 0.21118152141571045 1.2532919645309448 0.7835832238197327 0.11712344355714396 0.010244566015899181 4068
frame-000241.color.jpg 0.3454078677668845 0.7492305636405945 -0.5120876431465149 0.23898395895957947 0.2191908359527588 1.226380467414856 0.8126782774925232 0.11546033251488552 0.006687368266284466 4169
frame-000242.color.jpg 0.3471286644323599 0.7478729486465454 -0.5150145888328552 0.2344094067811966 0.23462212085723877 1.2065526247024536 0.8227899074554443 0.11639736243185987 0.008883774280548096 4115
frame-000243.color.jpg 0.3455453550859508 0.7434534430503845 -0.518379271030426 0.2432248741388321 0.20585058629512787 1.189295768737793 0.8586540222167969 0.10214972789545211 0.005248482339084148 4235
frame-000244.color.jpg 0.34572556522806985 0.761736273765564 -0.49194130301475525 0.24129952490329742 0.13749049603939056 1.1611396074295044 0.8983869552612305 0.07132353670645074 0.006802599411457777 4446
frame-000245.color.jpg 0.35264224000401256 0.7707253694534302 -0.4722862243652344 0.2420157492160797 0.1072794571518898 1.1562395095825195 0.9168420433998108 0.05694837640174076 0.006899589207023382 4469
frame-000246.color.jpg 0.3625348091952282 0.7751624584197998 -0.45913752913475037 0.2385045737028122 0.09958131611347198 1.1440889835357666 0.939616858959198 0.05145364262691756 0.00836479663848877 4446
frame-000247.color.jpg 0.36825976242441066 0.7769339084625244 -0.4559217691421509 0.22998657822608948 0.11798372864723206 1.1237497329711914 0.9673087000846863 0.04226690812617149 0.009101719595491886 4490
frame-000248.color.jpg 0.36967831008128677 0.7780563831329346 -0.45422324538230896 0.22726112604141235 0.12084909528493881 1.0973052978515625 1.0033539533615112 0.05430699083827675 0.00812732707709074 4452
frame-000249.color.jpg 0.37039894326530765 0.7773058414459229 -0.4554094672203064 0.2262793779373169 0.11875483393669128 1.0779927968978882 1.0287760496139526 0.13994078437705582 0.008697668090462685 4485
frame-000250.color.jpg 0.3672586289254583 0.7737354636192322 -0.46277815103530884 0.22867178916931152 0.10466557741165161 1.052957534790039 1.0426515340805054 0.14351083887885685 0.0105318333953619 4508
frame-000251.color.jpg 0.3565187214712201 0.7658524513244629 -0.47858673334121704 0.23941421508789062 0.07932578772306442 1.033204197883606 1.0602067708969116 0.09502051784605296 0.010851992294192314 4530
frame-000252.color.jpg 0.34607163137369074 0.7629849910736084 -0.48896801471710205 0.24289646744728088 0.0689283087849617 1.0125230550765991 1.0749961137771606 0.11869186576594781 0.01227183174341917 4507
frame-000253.color.jpg 0.3272449334277969 0.7435597777366638 -0.5263035297393799 0.2510659098625183 0.07138441503047943 0.9725682735443115 1.1123818159103394 0.0642763823085843 0.010842087678611279 4586
frame-000254.color.jpg 0.32561739647583116 0.7384390830993652 -0.5330793857574463 0.2539830803871155 0.06546764075756073 0.969072699546814 1.1154847145080566 0.21447060798104492 0.010319601744413376 4564
frame-000255.color.jpg 0.3121303832104237 0.7194002270698547 -0.5599929690361023 0.26729390025138855 0.043744754046201706 0.9552690386772156 1.1283409595489502 0.09893079447577866 0.010416303761303425 4578
frame-000256.color.jpg 0.30087361791131295 0.7013183832168579 -0.5802325010299683 0.2845310568809509 0.006179675459861755 0.9528968334197998 1.131596565246582 0.11536716446573832 0.00848481711000204 4541
frame-000257.color.jpg 0.28713913564859733 0.6756758689880371 -0.6099376678466797 0.2983105480670929 -0.024768147617578506 0.9408650994300842 1.1432799100875854 0.10183222415064569 0.008199934847652912 4473
frame-000258.color.jpg 0.2765381934496941 0.6626453399658203 -0.6258732676506042 0.30448397994041443 -0.05415770411491394 0.9276635050773621 1.1529767513275146 0.061469754858984246 0.008012261241674423 4465
frame-000259.color.jpg 0.27033212398430173 0.6507617831230164 -0.6372573375701904 0.3119819462299347 -0.08959925174713135 0.9288370609283447 1.1534337997436523 0.1047991009115832 0.009219546802341938 4388
frame-000260.color.jpg 0.26823508159923215 0.6388989686965942 -0.646519124507904 0.31917262077331543 -0.14215770363807678 0.9382169842720032 1.1508171558380127 0.08194248650394377 0.0076483068987727165 4407
frame-000261.color.jpg 0.265590442365858 0.6296263933181763 -0.6544579267501831 0.32360029220581055 -0.17078328132629395 0.9429933428764343 1.144706130027771 0.11616590973244635 0.011083479970693588 4273
frame-000262.color.jpg 0.2652208144056011 0.6245091557502747 -0.6573327779769897 0.32796311378479004 -0.1967831552028656 0.9522215723991394 1.1361812353134155 0.1356984231494713 0.009812314994633198 4291
frame-000263.color.jpg 0.263535387938309 0.6206535696983337 -0.6600898504257202 0.33108848333358765 -0.21921654045581818 0.9595170021057129 1.1268811225891113 0.1079063033754101 0.010798544622957706 4212
frame-000264.color.jpg 0.2624893518248698 0.6138537526130676 -0.6649109721183777 0.3349274694919586 -0.24223636090755463 0.9670703411102295 1.1156935691833496 0.14044608497350453 0.010170819237828255 4164
frame-000265.color.jpg 0.26022543234891704 0.6104016900062561 -0.6674920320510864 0.3378560543060303 -0.2676670253276825 0.9681644439697266 1.1092956066131592 0.10282887815061881 0.009772754274308681 4085
frame-000266.color.jpg 0.2540325782658 0.6054608225822449 -0.6725046634674072 0.3414998948574066 -0.3065989017486572 0.9607291221618652 1.103586196899414 0.13357112604791646 0.009555689990520477 3882
frame-000267.color.jpg 0.2531450173010357 0.6016963124275208 -0.6750953197479248 0.3436937928199768 -0.32118678092956543 0.9620527029037476 1.0984435081481934 0.17103736834786773 0.00963626615703106 3794
frame-000268.color.jpg 0.255027356239214 0.5973696112632751 -0.6753043532371521 0.3493918478488922 -0.3407347798347473 0.9739612936973572 1.0846822261810303 0.1782715258546897 0.011122995056211948 3649
frame-000269.color.jpg 0.25783131371969553 0.5927717685699463 -0.6759225726127625 0.35393956303596497 -0.3470923602581024 0.9898056983947754 1.0699533224105835 0.2462145791593403 0.012523485347628593 3655
frame-000270.color.jpg 0.2588090496595208 0.5834597945213318 -0.680544912815094 0.35979315638542175 -0.35332876443862915 1.0131367444992065 1.0534340143203735 0.18686351696438228 0.009589620865881443 3658
frame-000271.color.jpg 0.24955444002512997 0.5696768164634705 -0.691068708896637 0.36825934052467346 -0.3716055750846863 1.0310851335525513 1.0210816860198975 0.2553922723305747 0.010378992184996605 3580
frame-000272.color.jpg 0.24184983634470777 0.5377102494239807 -0.7174461483955383 0.3710085153579712 -0.34871426224708557 1.0685981512069702 0.9922134280204773 0.17419159506330456 0.009210682474076748 3726
frame-000273.color.jpg 0.22162226942992028 0.5001745820045471 -0.7486588358879089 0.3744581341743469 -0.3357808589935303 1.0848101377487183 0.9679272770881653 0.1507164483293823 0.00982358492910862 3984
frame-000274.color.jpg 0.19687760280232938 0.4706062972545624 -0.7740943431854248 0.37489578127861023 -0.3420856297016144 1.0858287811279297 0.9538223743438721 0.1601384141449372 0.008945878595113754 3927
frame-000275.color.jpg 0.17882962436400598 0.4440089762210846 -0.7924782633781433 0.3779604136943817 -0.34331396222114563 1.089282751083374 0.933182418346405 0.17407426788801109 0.007846553809940815 4093
frame-000276.color.jpg 0.16709289771213634 0.41850560903549194 -0.8074609637260437 0.3807096779346466 -0.33493322134017944 1.1010165214538574 0.914400577545166 0.31376904539302747 0.00914236344397068 4141
frame-000277.color.jpg 0.1574015396133977 0.39511290192604065 -0.8193225860595703 0.38447514176368713 -0.32372575998306274 1.10981023311615 0.8988849520683289 0.2443708016094071 0.008455976843833923 4102
frame-000278.color.jpg 0.14685053103569234 0.36464133858680725 -0.8382512927055359 0.3778972923755646 -0.2910156846046448 1.10400390625 0.9044192433357239 0.29131621255921214 0.010087760165333748 4094
frame-000279.color.jpg 0.13749436083699532 0.3448532223701477 -0.8504922986030579 0.3726046085357666 -0.28161945939064026 1.0923925638198853 0.9067283868789673 0.34036177327666384 0.011045405641198158 3923
frame-000280.color.jpg 0.1303542735430651 0.3311391770839691 -0.8580517172813416 0.3702727258205414 -0.28774958848953247 1.0862454175949097 0.9076606631278992 0.20009840920367036 0.0083391098305583 3855
frame-000281.color.jpg 0.13838991935169942 0.3300383985042572 -0.8589470386505127 0.3662415146827698 -0.2888404428958893 1.0739562511444092 0.923583447933197 0.5326793030150071 0.015538698062300682 3583
frame-000282.color.jpg 0.14033083157211615 0.3319318890571594 -0.8563120365142822 0.3699434995651245 -0.3104451894760132 1.070686936378479 0.9241443276405334 0.44955003112213393 0.014250919222831726 3482
frame-000283.color.jpg 0.13463242861991584 0.3355828821659088 -0.8546825051307678 0.37252673506736755 -0.3430742025375366 1.0595580339431763 0.9281970858573914 0.2776571415600824 0.011563113890588284 3418
frame-000284.color.jpg 0.12836306556667476 0.3121624290943146 -0.8629761934280396 0.3759647607803345 -0.33265653252601624 1.0860158205032349 0.907892644405365 0.17770940929012558 0.010552744381129742 3504
frame-000285.color.jpg 0.11596086644428519 0.2696196734905243 -0.8802181482315063 0.3729267120361328 -0.27643585205078125 1.1020587682724 0.8996534943580627 0.3344308745604185 0.01243932731449604 3658
frame-000286.color.jpg 0.10049108820561824 0.22652924060821533 -0.8920037746429443 0.3780413568019867 -0.23568812012672424 1.116920828819275 0.8801908493041992 0.5494149206679779 0.015411857515573502 3754
frame-000287.color.jpg 0.0933827908188156 0.2090735286474228 -0.8947767615318298 0.383330762386322 -0.22256237268447876 1.1263853311538696 0.8663908839225769 0.5001880931332564 0.01415348332375288 3820
frame-000288.color.jpg 0.08527206236549235 0.18436525762081146 -0.8953635692596436 0.39631059765815735 -0.20759916305541992 1.1525126695632935 0.8358641266822815 0.20412730033926552 0.008919776417315006 4087
frame-000289.color.jpg 0.07390878076875985 0.1613997370004654 -0.8937418460845947 0.41196247935295105 -0.19295889139175415 1.1785966157913208 0.8062247633934021 0.25201986642788093 0.00832840520888567 4229
frame-000290.color.jpg 0.07513274676257235 0.14517217874526978 -0.8910923004150391 0.42336124181747437 -0.16893894970417023 1.202418565750122 0.7838633060455322 0.27800452071240106 0.008505542762577534 4243
frame-000291.color.jpg 0.07185182587796868 0.13997583091259003 -0.8851272463798523 0.4379427433013916 -0.17226313054561615 1.217292308807373 0.7548701763153076 0.1340830700705501 0.00697589386254549 4256
frame-000292.color.jpg 0.05765548676209172 0.12344326823949814 -0.8826024532318115 0.4499451220035553 -0.17920324206352234 1.234822392463684 0.7373366951942444 0.2807305399236031 0.0086027467623353 4337
frame-000293.color.jpg 0.04972690666384449 0.1070004552602768 -0.8771729469299316 0.4654521942138672 -0.17899340391159058 1.257270336151123 0.6968969106674194 0.27871936937815167 0.011047305539250374 4202
frame-000294.color.jpg 0.059166383674799816 0.10384339094161987 -0.8673486113548279 0.48313796520233154 -0.15684473514556885 1.2939707040786743 0.6584365367889404 0.4615827967272865 0.012979925610125065 4162
frame-000295.color.jpg 0.04661534719343518 0.1286206692457199 -0.872049868106842 0.46990710496902466 -0.2066427320241928 1.2638112306594849 0.7008154392242432 0.7550545742998724 0.017521491274237633 4020
frame-000296.color.jpg 0.048513154153819855 0.15553103387355804 -0.8748289942741394 0.45621368288993835 -0.22794273495674133 1.237195372581482 0.7379003763198853 0.40996374879662095 0.010031340643763542 4193
frame-000297.color.jpg 0.06898137697780461 0.15742702782154083 -0.8710000514984131 0.4602360129356384 -0.1580895632505417 1.2592962980270386 0.7184271812438965 0.7758273139999968 0.019088739529252052 4102
frame-000298.color.jpg 0.07714486354807386 0.12488585710525513 -0.877217710018158 0.45710086822509766 -0.006879698950797319 1.261447548866272 0.7167150974273682 0.17683343752907146 0.003298525931313634 4001
frame-000299.color.jpg 0.07151152655030411 0.09077320247888565 -0.8795914053916931 0.4614817798137665 0.0905015766620636 1.253027319908142 0.7138146758079529 0.445278708291643 0.009182484820485115 3877
frame-000300.color.jpg 0.06194029014979419 0.06650946289300919 -0.8816111087799072 0.46314316987991333 0.15836559236049652 1.2417747974395752 0.7298752665519714 0.38013159025569443 0.009552224539220333 3761
frame-000301.color.jpg 0.04888369330416392 0.056384213268756866 -0.8814692497253418 0.4663079082965851 0.1631002575159073 1.2340108156204224 0.7419787049293518 0.23699163598485457 0.006155532784759998 3682
frame-000302.color.jpg 0.033023626450908165 0.05011477693915367 -0.8768455982208252 0.4770112931728363 0.1471235305070877 1.2446975708007812 0.7309321165084839 0.2259908159137557 0.00484990980476141 3617
frame-000303.color.jpg 0.00846061546395313 0.032128848135471344 -0.867958128452301 0.49552488327026367 0.10588876903057098 1.2754318714141846 0.6940633654594421 0.19767033031458373 0.006278021261096001 3483
frame-000304.color.jpg 0.013084590566202172 -0.01319233886897564 0.8594231605529785 -0.5109272003173828 0.06722339987754822 1.3014427423477173 0.6576002240180969 0.35719469444488094 0.00960688665509224 3698
frame-000305.color.jpg 0.025542894226564115 0.011044581420719624 0.8588401079177856 -0.5114873051643372 0.0543556772172451 1.312506914138794 0.6539159417152405 0.5533166662313477 0.014332360588014126 3709
frame-000306.color.jpg 0.03778340489629749 0.0267497468739748 0.8539556860923767 -0.5182822942733765 0.03730539605021477 1.3174368143081665 0.6334608793258667 0.27764492192477047 0.008589823730289936 3852
frame-000307.color.jpg 0.05601674751621399 0.041155919432640076 0.8447829484939575 -0.5305752754211426 0.014324596151709557 1.3396756649017334 0.5978367328643799 0.2423921011429397 0.00553802028298378 3597
frame-000308.color.jpg 0.06372382533005304 0.050811517983675 0.8394666314125061 -0.5372646450996399 0.006880574394017458 1.353109359741211 0.5780594944953918 0.30155632031150087 0.008362919092178345 3610
frame-000309.color.jpg 0.07350742493258368 0.06871423870325089 0.8343583345413208 -0.5419603586196899 0.0105348601937294 1.359166145324707 0.5650805830955505 0.2345242568276139 0.00365211209282279 3663
frame-000310.color.jpg 0.08383253851306721 0.07972216606140137 0.8338392972946167 -0.5397485494613647 -0.0007935835747048259 1.3656479120254517 0.5661887526512146 0.22650665527865033 0.006972781848162413 3678
frame-000311.color.jpg 0.0892032001572531 0.09110115468502045 0.8313314914703369 -0.540954053401947 -0.004718117881566286 1.3678597211837769 0.5616372227668762 0.16118706162594573 0.0032798561733216047 3803
frame-000312.color.jpg 0.09542866114441853 0.099637471139431 0.8320099115371704 -0.5373315215110779 -0.009632749482989311 1.3682503700256348 0.5667511820793152 0.23640002420885511 0.007029015105217695 3906
frame-000313.color.jpg 0.09517056101934125 0.10483945161104202 0.8285590410232544 -0.5417020320892334 -0.007699584122747183 1.3705023527145386 0.5554906129837036 0.32835536793283926 0.008131524547934532 3929
frame-000314.color.jpg 0.09341839727258967 0.10068507492542267 0.82710862159729 -0.5450016260147095 -0.006258240435272455 1.3756697177886963 0.5476263165473938 0.3658167944158171 0.007963282987475395 3807
frame-000315.color.jpg 0.088815764195308 0.09819696098566055 0.8263755440711975 -0.5473322868347168 0.001098518492653966 1.3803497552871704 0.542338490486145 0.36608119744189066 0.008343509398400784 3844
frame-000316.color.jpg 0.08746562988561161 0.08956367522478104 0.8263432383537292 -0.549076497554779 -0.008700422011315823 1.3821563720703125 0.537838339805603 0.3515867356103302 0.008575653657317162 3803
frame-000317.color.jpg 0.08630262805519055 0.08830122649669647 0.8249630928039551 -0.5515347719192505 -0.014061215333640575 1.3922761678695679 0.5288318991661072 0.2770643024844665 0.007172866258770227 3781
frame-000318.color.jpg 0.08834745100268543 0.09615505486726761 0.819749116897583 -0.5576382279396057 -0.016263388097286224 1.399878740310669 0.5118540525436401 0.2802759054569741 0.007809936534613371 3800
frame-000319.color.jpg 0.09388328788963334 0.09809848666191101 0.817460298538208 -0.5597511529922485 -0.033747829496860504 1.4061305522918701 0.5079066157341003 0.33110283820690334 0.008813935332000256 3886
frame-000320.color.jpg 0.09502281806732323 0.09933426231145859 0.8164313435554504 -0.56084144115448 -0.03898181393742561 1.4030663967132568 0.5042774081230164 0.3832956487082764 0.009336131624877453 3911
frame-000321.color.jpg 0.09469587743249779 0.09997633844614029 0.8157896399497986 -0.5617157220840454 -0.0424281470477581 1.4047075510025024 0.5012683868408203 0.21091005171105842 0.004197313915938139 3931
frame-000322.color.jpg 0.09644497909818127 0.1069943830370903 0.8130694627761841 -0.5640643239021301 -0.03738076984882355 1.4100613594055176 0.49320077896118164 0.24147034577010532 0.0056517221964895725 3934
frame-000323.color.jpg 0.09787762058746247 0.11200981587171555 0.8125675320625305 -0.563567042350769 -0.03968479484319687 1.4118298292160034 0.493332177400589 0.31669111237775 0.00573135307058692 3985
frame-000324.color.jpg 0.10084488308662216 0.11712504923343658 0.8123924732208252 -0.562254786491394 -0.04111358895897865 1.4108723402023315 0.49340251088142395 0.20154667611197752 0.0034456970170140266 3994
frame-000325.color.jpg 0.10852018842324938 0.12465215474367142 0.8118063807487488 -0.5600497126579285 -0.05288860574364662 1.4088400602340698 0.49218621850013733 0.23285040691371123 0.0031723312567919493 4080
frame-000326.color.jpg 0.11271500689487822 0.1312006562948227 0.8099411129951477 -0.5604259371757507 -0.05152884125709534 1.409458041191101 0.4856083393096924 0.31244214774462026 0.005911471787840128 4016
