frame-000000.color.jpg 0.4573727770412885 0.5192179679870605 0.5906721353530884 -0.4151255786418915 0.3412894308567047 2.5052402019500732 -1.5344771146774292 0.4738130508489877 0.00754186837002635 3510
frame-000001.color.jpg 0.45386061828260366 0.5167466998100281 0.5929304957389832 -0.41882777214050293 0.3209387958049774 2.5087432861328125 -1.5391510725021362 0.6966196379077688 0.012199612334370613 3619
frame-000002.color.jpg 0.4542020955588264 0.515266478061676 0.5893568992614746 -0.4252755045890808 0.3327450454235077 2.4887242317199707 -1.5683927536010742 0.30568679717078673 0.006400342099368572 3484
frame-000003.color.jpg 0.4482367429952019 0.5097678899765015 0.5949462652206421 -0.4304178059101105 0.286886066198349 2.486865282058716 -1.5785863399505615 0.2133739757530744 0.00535101443529129 3591
frame-000004.color.jpg 0.4491775519265734 0.5105470418930054 0.5939092636108398 -0.4299452304840088 0.29437610507011414 2.4875025749206543 -1.5802421569824219 0.34097064728857346 0.007566485553979874 3591
frame-000005.color.jpg 0.4493004563470018 0.5122489333152771 0.5922536253929138 -0.43007656931877136 0.3065062165260315 2.4914941787719727 -1.5812430381774902 0.3425663769138441 0.0069174934178590775 3481
frame-000006.color.jpg 0.4526336185157388 0.5121942162513733 0.5893518328666687 -0.4306325316429138 0.31785261631011963 2.482011079788208 -1.5963221788406372 0.4033327023295964 0.008408606052398682 3443
frame-000007.color.jpg 0.45260948858667865 0.5147039890289307 0.5909607410430908 -0.425429105758667 0.323484867811203 2.5027077198028564 -1.5728288888931274 0.644347346416015 0.012759043835103512 3457
frame-000008.color.jpg 0.45097213275320597 0.5153826475143433 0.5921257734298706 -0.4247257113456726 0.32101306319236755 2.512888193130493 -1.5652625560760498 0.5876085380938959 0.011263695545494556 3508
frame-000009.color.jpg 0.4492108881945293 0.5141439437866211 0.5924889445304871 -0.4275773763656616 0.3118845820426941 2.5058271884918213 -1.5768239498138428 0.1752359069750157 0.004683914128690958 3456
frame-000010.color.jpg 0.4499638228925709 0.5138930082321167 0.5926917195320129 -0.4268057346343994 0.3153546452522278 2.51025390625 -1.5752859115600586 0.3786778805403924 0.00823021586984396 3476
frame-000011.color.jpg 0.4502793406746754 0.5136078596115112 0.5928406715393066 -0.42660921812057495 0.3156893253326416 2.5102274417877197 -1.5776617527008057 0.2874553680895831 0.006407672539353371 3572
frame-000012.color.jpg 0.45193222730360183 0.514335572719574 0.5925519466400146 -0.42438000440597534 0.3287885785102844 2.513317823410034 -1.5728428363800049 0.2954400459923131 0.006354679819196463 3663
frame-000013.color.jpg 0.4544458153572919 0.5156195759773254 0.5931767225265503 -0.4192335307598114 0.3407628536224365 2.5155296325683594 -1.559301495552063 0.23582506101895756 0.005050139036029577 3909
frame-000014.color.jpg 0.4526577481133484 0.5179963111877441 0.595693826675415 -0.4146440029144287 0.3511490225791931 2.53458571434021 -1.5336328744888306 0.29034189674628036 0.005056305322796106 4145
frame-000015.color.jpg 0.4519465832690055 0.5144904851913452 0.5998887419700623 -0.4137357473373413 0.3282370865345001 2.5291292667388916 -1.5345591306686401 0.3172535090867918 0.005283508915454149 4322
frame-000016.color.jpg 0.45146320142570684 0.5145409107208252 0.6035302877426147 -0.4088761806488037 0.3197515308856964 2.542191982269287 -1.5131378173828125 0.31375012897067767 0.0052916076965630054 4396
frame-000017.color.jpg 0.4454210523206209 0.5123873949050903 0.6101904511451721 -0.40832194685935974 0.2896343469619751 2.5532591342926025 -1.4942015409469604 0.2634769751520484 0.004511136561632156 4421
frame-000018.color.jpg 0.4427455755045073 0.5100371837615967 0.6164198517799377 -0.4048023521900177 0.2554612159729004 2.5602242946624756 -1.4719228744506836 0.2958072220210542 0.005181443877518177 4416
frame-000019.color.jpg 0.4399023634791291 0.5072475075721741 0.622726321220398 -0.4017435908317566 0.21693436801433563 2.5670886039733887 -1.4482561349868774 0.21807538705786458 0.0038221613503992558 4441
frame-000020.color.jpg 0.43835679713391 0.5045955181121826 0.6289534568786621 -0.39704445004463196 0.17891281843185425 2.575561285018921 -1.4192410707473755 0.12008119561223717 0.0026724212802946568 4428
frame-000021.color.jpg 0.4341790943058705 0.5023501515388489 0.635447084903717 -0.39413172006607056 0.14206255972385406 2.5802688598632812 -1.3862452507019043 0.13284603209841087 0.002676807576790452 4345
frame-000022.color.jpg 0.42653398878628856 0.5023385882377625 0.640249490737915 -0.3947218656539917 0.12265854328870773 2.584800958633423 -1.3569337129592896 0.11700038009016474 0.0022316446993499994 4311
frame-000023.color.jpg 0.41751078571527106 0.49997806549072266 0.6477704644203186 -0.3950951397418976 0.0811900794506073 2.5887928009033203 -1.3215934038162231 0.2964876796171167 0.003945966251194477 4194
frame-000024.color.jpg 0.41052553990590734 0.49789002537727356 0.6535638570785522 -0.39551034569740295 0.05171751230955124 2.5941662788391113 -1.2943429946899414 0.11757582352773831 0.002666459884494543 4138
frame-000025.color.jpg 0.4079246200336723 0.49304699897766113 0.6545765995979309 -0.4025314152240753 0.03016037866473198 2.5726375579833984 -1.3142023086547852 0.17318084712806167 0.003331769723445177 4100
frame-000026.color.jpg 0.41361690699439374 0.48910945653915405 0.6552000641822815 -0.4005070924758911 0.0025749944616109133 2.5442910194396973 -1.3209583759307861 0.7009802334451459 0.008157732896506786 4004
frame-000027.color.jpg 0.4146640967731989 0.4911474883556366 0.6538413763046265 -0.3991483449935913 0.016360651701688766 2.545386791229248 -1.3183510303497314 0.6633612056831553 0.007450224831700325 4028
frame-000028.color.jpg 0.42092376619995264 0.4983607530593872 0.6447704434394836 -0.3984103500843048 0.08781950175762177 2.5278334617614746 -1.3306196928024292 0.6153758717517893 0.007170786149799824 3943
frame-000029.color.jpg 0.42745079048675344 0.5122527480125427 0.6333382725715637 -0.392129510641098 0.19805198907852173 2.5273256301879883 -1.3159360885620117 0.4638365990708321 0.004946159664541483 4017
frame-000030.color.jpg 0.4313968916668807 0.5212743878364563 0.623679518699646 -0.3913995921611786 0.285554438829422 2.5169191360473633 -1.317063808441162 0.22984266907967263 0.0009668273851275444 3997
frame-000031.color.jpg 0.43160906822874934 0.5385948419570923 0.6053891181945801 -0.3964003622531891 0.4709489047527313 2.4876365661621094 -1.3178406953811646 0.23131137319463693 0.0031974446028470993 4032
frame-000032.color.jpg 0.4310671264537716 0.5417056679725647 0.603191614151001 -0.3961007297039032 0.49812689423561096 2.488330841064453 -1.3118281364440918 0.26090167366983624 0.003239602781832218 4050
frame-000033.color.jpg 0.4320131377599191 0.550999641418457 0.5888684391975403 -0.40373021364212036 0.6258691549301147 2.4534075260162354 -1.3348695039749146 0.30996374957125766 0.0033324246760457754 4100
frame-000034.color.jpg 0.43966971738454097 0.5637422204017639 0.5695755481719971 -0.40554776787757874 0.7927846908569336 2.408667802810669 -1.3392728567123413 0.29222494788394116 0.003909093793481588 4223
frame-000035.color.jpg 0.4413312090559249 0.5697526335716248 0.5627987384796143 -0.40480417013168335 0.8618834018707275 2.3946046829223633 -1.3278762102127075 0.2545141928158314 0.004619678948074579 4218
frame-000036.color.jpg 0.43738301677450353 0.5789411664009094 0.5598045587539673 -0.4001775085926056 0.9353116750717163 2.401432514190674 -1.2804605960845947 0.31044423737111215 0.004819886293262243 4131
frame-000037.color.jpg 0.43222739491153134 0.580974280834198 0.5620636343955994 -0.39966610074043274 0.9565222263336182 2.404304027557373 -1.2628740072250366 0.1688742127531703 0.0035809711553156376 4197
frame-000038.color.jpg 0.4244893626812929 0.5859959125518799 0.5627899765968323 -0.39960625767707825 1.0031912326812744 2.4088382720947266 -1.2394040822982788 0.1574092599836279 0.004300684202462435 4258
frame-000039.color.jpg 0.41888881229272307 0.5864452123641968 0.5597855448722839 -0.4089672863483429 1.0508631467819214 2.3792645931243896 -1.2692170143127441 0.1217739486082764 0.003972163889557123 4353
frame-000040.color.jpg 0.4172934795675613 0.5869738459587097 0.5579208135604858 -0.41237375140190125 1.0770611763000488 2.3646888732910156 -1.28114652633667 0.09540287503744145 0.004297791048884392 4342
frame-000041.color.jpg 0.4191917709484442 0.5858556032180786 0.5527859330177307 -0.4189023971557617 1.1137135028839111 2.3317477703094482 -1.3191109895706177 0.04932030240877284 0.003975471016019583 4301
frame-000042.color.jpg 0.4218984614852587 0.5880676507949829 0.5477555394172668 -0.419692724943161 1.1606290340423584 2.3094770908355713 -1.3300724029541016 0.08708006942026274 0.0030753391329199076 4250
frame-000043.color.jpg 0.4340184366063544 0.587963879108429 0.5510860085487366 -0.40277883410453796 1.1535992622375488 2.346925973892212 -1.3090306520462036 0.16039146464955825 0.0018321312963962555 4306
frame-000044.color.jpg 0.446164277375981 0.5801579356193542 0.5491337180137634 -0.40349280834198 1.1313995122909546 2.331199884414673 -1.371456265449524 0.11703942689426752 0.0026706636417657137 4190
frame-000045.color.jpg 0.4575437624710778 0.5743260979652405 0.549503743648529 -0.39855843782424927 1.1096570491790771 2.333759069442749 -1.3969252109527588 0.10775904076164491 0.0019749009516090155 4154
frame-000046.color.jpg 0.46389418404494037 0.5748620629310608 0.55046546459198 -0.38900333642959595 1.1189656257629395 2.352621555328369 -1.3826994895935059 0.18204175025589708 0.00358031177893281 4135
frame-000047.color.jpg 0.46891028896314907 0.5792819261550903 0.5448517799377441 -0.38430750370025635 1.1698015928268433 2.346712827682495 -1.3707411289215088 0.29919038013560545 0.0033377641811966896 4023
frame-000048.color.jpg 0.4716155371531411 0.5811205506324768 0.5414091944694519 -0.38308441638946533 1.192833423614502 2.339420795440674 -1.3677177429199219 0.3288486356569611 0.0036937021650373936 3987
frame-000049.color.jpg 0.4777525535704115 0.5946158170700073 0.5295855402946472 -0.37111157178878784 1.298295497894287 2.336911201477051 -1.29831862449646 0.23835674000393153 0.002941810293123126 3861
frame-000050.color.jpg 0.4825767779560816 0.6230067014694214 0.5049342513084412 -0.3521699011325836 1.5143314599990845 2.3067524433135986 -1.1505076885223389 0.250278248230807 0.0025157881900668144 3686
frame-000051.color.jpg 0.484861290456888 0.6370096206665039 0.49047791957855225 -0.3443250060081482 1.6277787685394287 2.2739856243133545 -1.0740368366241455 0.25195220486641545 0.0032152943313121796 3609
frame-000052.color.jpg 0.4877215460156796 0.6522443294525146 0.4743425250053406 -0.3342216908931732 1.7478076219558716 2.2344810962677 -0.975251317024231 0.2826362694237424 0.0033573296386748552 3414
frame-000053.color.jpg 0.4913828800271817 0.6659526824951172 0.45982134342193604 -0.32189151644706726 1.8446763753890991 2.200995683670044 -0.8674138188362122 0.34009598286841514 0.003870671149343252 3356
frame-000054.color.jpg 0.4933860141584267 0.6770256161689758 0.4506911337375641 -0.30835703015327454 1.9019250869750977 2.185260057449341 -0.7627300024032593 0.36479384018547545 0.0027415070217102766 3114
frame-000055.color.jpg 0.48669851942800635 0.6910216212272644 0.44635093212127686 -0.29391270875930786 1.9517426490783691 2.1722898483276367 -0.6332526206970215 0.31791088811397905 0.004481670446693897 3085
frame-000056.color.jpg 0.48123214170006956 0.6916494369506836 0.45155414938926697 -0.2934883236885071 1.944412350654602 2.1723122596740723 -0.6186090111732483 0.23948558884683482 0.004229357466101646 3234
frame-000057.color.jpg 0.4758490059304749 0.6899833679199219 0.4571598172187805 -0.2974820137023926 1.9358686208724976 2.169600009918213 -0.6277841329574585 0.26583184295096896 0.004912547767162323 3386
frame-000058.color.jpg 0.4703669841893457 0.6901582479476929 0.46382051706314087 -0.29547742009162903 1.9185359477996826 2.1814076900482178 -0.6070282459259033 0.29902317390307237 0.005330692045390606 3516
frame-000059.color.jpg 0.4688302657996442 0.689810037612915 0.4662840664386749 -0.29485493898391724 1.9116557836532593 2.184699773788452 -0.6015377044677734 0.3218504932024748 0.00556203443557024 3500
frame-000060.color.jpg 0.46665564137751275 0.685670793056488 0.47404471039772034 -0.2955836355686188 1.8836020231246948 2.1889874935150146 -0.6046628952026367 0.34699684848808166 0.00593219930306077 3469
frame-000061.color.jpg 0.46505640498206485 0.685762882232666 0.4763266146183014 -0.29421883821487427 1.8751070499420166 2.1950385570526123 -0.5971394777297974 0.2979618265390759 0.0055708750151097775 3468
frame-000062.color.jpg 0.4624211797111998 0.6858919858932495 0.48209118843078613 -0.28862929344177246 1.8490360975265503 2.212798595428467 -0.5739178657531738 0.22381702816911977 0.004716871306300163 3505
frame-000063.color.jpg 0.45750284623261556 0.6870591044425964 0.4859708845615387 -0.2871812582015991 1.8383725881576538 2.2157201766967773 -0.5610442757606506 0.3172952906346052 0.005112959537655115 3474
frame-000064.color.jpg 0.4446462349525499 0.6882251501083374 0.49526694416999817 -0.2886979579925537 1.8138219118118286 2.2236223220825195 -0.557754635810852 0.3401831211411857 0.005528929177671671 3389
frame-000065.color.jpg 0.44858005577523224 0.6836774349212646 0.4991918206214905 -0.2866508960723877 1.7753046751022339 2.230943441390991 -0.5747022032737732 0.10379232835988068 0.0014341047499328852 3282
frame-000066.color.jpg 0.4477487244540703 0.6836456656455994 0.5009447932243347 -0.2849632203578949 1.76393461227417 2.236032485961914 -0.565977931022644 0.21387151234542753 0.0015892982482910156 3208
frame-000067.color.jpg 0.4451265584910673 0.6792006492614746 0.5042957663536072 -0.2936575710773468 1.7485630512237549 2.2227072715759277 -0.6172729134559631 0.12255504477289082 0.0026102864649146795 3276
frame-000068.color.jpg 0.44058514248432284 0.6764642596244812 0.5149706602096558 -0.288246750831604 1.7061315774917603 2.250931739807129 -0.5995628833770752 0.15489366929580045 0.0022474578581750393 3112
frame-000069.color.jpg 0.4419901430695818 0.6794066429138184 0.5109857320785522 -0.2862602174282074 1.739306092262268 2.2361960411071777 -0.5856694579124451 0.1165536563699768 0.005198697559535503 3086
frame-000070.color.jpg 0.4445904967543491 0.6819164752960205 0.5070005059242249 -0.283336877822876 1.7780815362930298 2.2226758003234863 -0.5631635189056396 0.07881516699857707 0.003432495053857565 3138
frame-000071.color.jpg 0.4383696545411397 0.6945817470550537 0.5022472143173218 -0.27043652534484863 1.8748395442962646 2.2106740474700928 -0.451951801776886 0.18410097224937658 0.004131848458200693 2966
frame-000072.color.jpg 0.439168673354908 0.69831383228302 0.4976741075515747 -0.26797208189964294 1.9221365451812744 2.1937217712402344 -0.4264351427555084 0.1016413657200688 0.0037512637209147215 2959
frame-000073.color.jpg 0.4419448028681425 0.7013579607009888 0.49250471591949463 -0.26499226689338684 1.986143946647644 2.173999309539795 -0.3919390141963959 0.14603356658075842 0.005210300907492638 3014
frame-000074.color.jpg 0.4414971147337421 0.7030432224273682 0.4911437928676605 -0.26379624009132385 2.033419132232666 2.1643869876861572 -0.3720683455467224 0.3586536335237662 0.00851444061845541 3062
frame-000075.color.jpg 0.4429265290316419 0.7020959854125977 0.4924202859401703 -0.26153329014778137 2.050539255142212 2.167858839035034 -0.35659265518188477 0.4749294132523146 0.010369585826992989 3159
frame-000076.color.jpg 0.4434516516533757 0.7018733620643616 0.4924628436565399 -0.2611604928970337 2.075472116470337 2.162020206451416 -0.34717443585395813 0.43951458892110756 0.009426302276551723 3144
frame-000077.color.jpg 0.4440084530192751 0.7013537287712097 0.4929455816745758 -0.26069939136505127 2.08935284614563 2.1584386825561523 -0.34097185730934143 0.5608232575726033 0.011555423028767109 3150
frame-000078.color.jpg 0.44349214624518357 0.7005500793457031 0.4943521320819855 -0.26107510924339294 2.1081981658935547 2.155789852142334 -0.3363760709762573 0.5397777905533544 0.010839036665856838 3087
frame-000079.color.jpg 0.4431075713849305 0.6960676908493042 0.49755772948265076 -0.26754772663116455 2.1307547092437744 2.153766393661499 -0.37630024552345276 0.6182037301507333 0.011893615126609802 3338
frame-000080.color.jpg 0.44056020770983195 0.6860998868942261 0.5146580338478088 -0.26514291763305664 2.08807373046875 2.2351081371307373 -0.4163915812969208 0.3931798929326369 0.008152428083121777 3511
frame-000081.color.jpg 0.4390847064658623 0.6849729418754578 0.5162566900253296 -0.267386794090271 2.0904364585876465 2.244049072265625 -0.438186377286911 0.34907842867892236 0.008252118714153767 3506
frame-000082.color.jpg 0.43912444127536865 0.6819108724594116 0.5168711543083191 -0.2738819420337677 2.0950639247894287 2.2490692138671875 -0.49290597438812256 0.27322088033330627 0.007521356921643019 3671
frame-000083.color.jpg 0.44938118096700386 0.6758036613464355 0.5144422650337219 -0.27693870663642883 2.0981500148773193 2.2686822414398193 -0.5572862029075623 0.20770074325522514 0.0040049501694738865 3849
frame-000084.color.jpg 0.4612183326490272 0.6710488796234131 0.5101442337036133 -0.2769908607006073 2.1059083938598633 2.2825329303741455 -0.6074787974357605 0.07582405107021395 0.003321836469694972 3898
frame-000085.color.jpg 0.4693411896187701 0.6641737222671509 0.5096747279167175 -0.28075581789016724 2.1032705307006836 2.3044357299804688 -0.6699200868606567 0.1801016563664961 0.0026366414967924356 4007
frame-000086.color.jpg 0.4816088127269367 0.6592354774475098 0.5035622119903564 -0.2826422154903412 2.116328239440918 2.29630184173584 -0.7123062014579773 0.09401456571746364 0.0029874059837311506 3987
frame-000087.color.jpg 0.4907393451092338 0.6543354988098145 0.5033694505691528 -0.2786380648612976 2.105015993118286 2.321042776107788 -0.7236775159835815 0.17938800831993557 0.0040685622952878475 4034
frame-000088.color.jpg 0.5000073046628224 0.6575010418891907 0.5009154677391052 -0.2583966851234436 2.1102135181427 2.380995988845825 -0.6236482858657837 0.12994903137433375 0.0020107615273445845 4136
frame-000089.color.jpg 0.5058512709485756 0.6604623794555664 0.4936891496181488 -0.2533278465270996 2.1555068492889404 2.3762152194976807 -0.588137149810791 0.2034938936752394 0.004335979465395212 4146
frame-000090.color.jpg 0.5100022784684825 0.6629170179367065 0.4883914887905121 -0.24882227182388306 2.1908562183380127 2.3759939670562744 -0.5560874342918396 0.41193308443340604 0.007414652965962887 4131
frame-000091.color.jpg 0.5158529426386909 0.6657207608222961 0.47961974143981934 -0.2463262379169464 2.241952419281006 2.3617100715637207 -0.5271010994911194 0.3848584013264606 0.007006131578236818 4166
frame-000092.color.jpg 0.5212791848870194 0.6672228574752808 0.4732193350791931 -0.24319760501384735 2.2823686599731445 2.354358196258545 -0.5005889534950256 0.49461647303952433 0.009252650663256645 4118
frame-000093.color.jpg 0.5268505111685509 0.6696060299873352 0.465449720621109 -0.23960986733436584 2.3342244625091553 2.3434560298919678 -0.4662097096443176 0.5308045761703972 0.009533300995826721 4070
frame-000094.color.jpg 0.5266199822332456 0.6739710569381714 0.46237263083457947 -0.2337646335363388 2.368201971054077 2.3440990447998047 -0.4113518297672272 0.44169296569909205 0.00792899914085865 3964
frame-000095.color.jpg 0.518686498514469 0.6810986995697021 0.4652611315250397 -0.22494658827781677 2.3882524967193604 2.3632090091705322 -0.3319282531738281 0.3318348957477112 0.006545316427946091 3927
frame-000096.color.jpg 0.5153636852077442 0.6833713054656982 0.46753793954849243 -0.2209351509809494 2.3943867683410645 2.3726003170013428 -0.2982822358608246 0.37039037979750755 0.007412587758153677 3869
frame-000097.color.jpg 0.5066874717714204 0.6850820779800415 0.47569939494132996 -0.2182668298482895 2.405458927154541 2.398634910583496 -0.2716214656829834 0.2903330388447005 0.005959038622677326 3782
frame-000098.color.jpg 0.5023693774138185 0.6824465394020081 0.4818788766860962 -0.2229001820087433 2.4057693481445312 2.4069766998291016 -0.30173373222351074 0.3208639844346575 0.006899635307490826 3845
frame-000099.color.jpg 0.4969224981300649 0.6808652281761169 0.48876243829727173 -0.22494876384735107 2.4046101570129395 2.4167368412017822 -0.31487128138542175 0.3595963863922131 0.006420460529625416 3779
frame-000100.color.jpg 0.491544630239588 0.676976203918457 0.49661359190940857 -0.2312185913324356 2.397608757019043 2.42465877532959 -0.3606254458427429 0.5256535463191498 0.010539881885051727 3700
frame-000101.color.jpg 0.4841182675731635 0.669061541557312 0.5088074207305908 -0.24310725927352905 2.381835699081421 2.444112777709961 -0.4461359977722168 0.434537221965593 0.008613401092588902 3584
frame-000102.color.jpg 0.4796850315583159 0.6628690958023071 0.5149456262588501 -0.2556126117706299 2.3718583583831787 2.4384665489196777 -0.5250399708747864 0.1686875298093321 0.003082625102251768 3555
frame-000103.color.jpg 0.4750581565993327 0.6594497561454773 0.5215268135070801 -0.2597220838069916 2.358383893966675 2.452378034591675 -0.5502251386642456 0.2732851801610396 0.004593907855451107 3549
frame-000104.color.jpg 0.4736537977938487 0.6526471376419067 0.5268690586090088 -0.2685381770133972 2.3433175086975098 2.4607951641082764 -0.6134257316589355 0.28044215119415516 0.005858319811522961 3508
frame-000105.color.jpg 0.47268425318773005 0.6424546837806702 0.532717227935791 -0.2829025983810425 2.3166744709014893 2.4585764408111572 -0.7200773358345032 0.2480821556496628 0.006136883050203323 3406
frame-000106.color.jpg 0.4743526649406605 0.6357709169387817 0.5360116958618164 -0.28892281651496887 2.2987639904022217 2.4673285484313965 -0.7718186974525452 0.37452862066088904 0.008676555939018726 3275
frame-000107.color.jpg 0.47656244327496283 0.6254587769508362 0.5420059561729431 -0.29651176929473877 2.258251190185547 2.4811899662017822 -0.8455744981765747 0.4785387413418432 0.010932347737252712 3105
frame-000108.color.jpg 0.47804659375398095 0.6157967448234558 0.5488376617431641 -0.3017332851886749 2.2159576416015625 2.5037806034088135 -0.9049742817878723 0.5816510123120581 0.013361873105168343 2995
frame-000109.color.jpg 0.4775822622356102 0.6103627681732178 0.5539623498916626 -0.304135262966156 2.1864824295043945 2.5210821628570557 -0.9348592162132263 0.4724498945010413 0.011663731187582016 2973
frame-000110.color.jpg 0.4789159395786958 0.6059380769729614 0.5571281909942627 -0.3051011860370636 2.166764736175537 2.5362048149108887 -0.9554080963134766 0.6704651360284974 0.015797726809978485 2938
frame-000111.color.jpg 0.48038830620747314 0.6030688285827637 0.5590930581092834 -0.30487728118896484 2.1520299911499023 2.545353889465332 -0.9639893770217896 0.581513821559276 0.013881942257285118 2948
frame-000112.color.jpg 0.4803174175605185 0.6003825664520264 0.5622380971908569 -0.3045065104961395 2.136197328567505 2.558732509613037 -0.9705936312675476 0.640127783612828 0.015505908988416195 2938
frame-000113.color.jpg 0.47765389989171103 0.5990214943885803 0.5661022067070007 -0.30421748757362366 2.117779016494751 2.570478916168213 -0.9729802012443542 0.49314574121215016 0.012786641716957092 2993
frame-000114.color.jpg 0.47258770845998643 0.5968027114868164 0.5731693506240845 -0.3032563328742981 2.089272975921631 2.5927231311798096 -0.9751994609832764 0.46814858287122574 0.013417994603514671 3070
frame-000115.color.jpg 0.46626464891603864 0.5970144867897034 0.5797227025032043 -0.3001544177532196 2.0670721530914307 2.618398666381836 -0.9561414122581482 0.4859008314934707 0.014031525701284409 3128
frame-000116.color.jpg 0.45976090266745623 0.5980017185211182 0.5871446132659912 -0.29372626543045044 2.0395922660827637 2.6511423587799072 -0.9148960113525391 0.4165309490031618 0.012923848815262318 3293
frame-000117.color.jpg 0.4565690357731154 0.5987377762794495 0.589307963848114 -0.29287204146385193 2.038595676422119 2.655795097351074 -0.9044481515884399 0.47287192548655405 0.014010054059326649 3393
frame-000118.color.jpg 0.45264201607850224 0.599711000919342 0.5925267338752747 -0.29047203063964844 2.0252697467803955 2.6630287170410156 -0.8826323747634888 0.5417872001906604 0.014774912036955357 3493
frame-000119.color.jpg 0.4511165100567567 0.6025227904319763 0.5937748551368713 -0.28441423177719116 2.0224196910858154 2.675682544708252 -0.837860643863678 0.6254848185276727 0.015244899317622185 3559
frame-000120.color.jpg 0.4481477607044834 0.6046628355979919 0.5953645706176758 -0.28122496604919434 2.011605739593506 2.677473783493042 -0.8100871443748474 0.4966364481257027 0.012967417016625404 3628
frame-000121.color.jpg 0.4445085947844369 0.6087806820869446 0.5970340967178345 -0.2744969427585602 1.999419927597046 2.6858255863189697 -0.7547425031661987 0.5186986528359314 0.012085340917110443 3751
frame-000122.color.jpg 0.44177508789516273 0.6157429218292236 0.5945479273796082 -0.2687157988548279 2.008754253387451 2.668649435043335 -0.6934629082679749 0.39802030925920745 0.010335269384086132 3832
frame-000123.color.jpg 0.4320690426298621 0.6218206882476807 0.598099410533905 -0.2625499665737152 1.9957935810089111 2.670736074447632 -0.6231935620307922 0.7766025938316461 0.015202630311250687 3900
frame-000124.color.jpg 0.4219036493317123 0.6285912990570068 0.6020104289054871 -0.25387701392173767 1.9792935848236084 2.678110361099243 -0.5405857563018799 1.12856827153878 0.021627197042107582 3869
frame-000125.color.jpg 0.41580820531421886 0.6352502107620239 0.6040131449699402 -0.24234050512313843 1.9622716903686523 2.6748385429382324 -0.44594788551330566 0.8907003169473273 0.016586853191256523 3899
frame-000126.color.jpg 0.4110798385068967 0.6388729810714722 0.6039472818374634 -0.24104414880275726 1.966417908668518 2.6537113189697266 -0.4194311499595642 0.6343161464027934 0.011827768757939339 3810
frame-000127.color.jpg 0.4019899517137084 0.6420019865036011 0.606145441532135 -0.24253912270069122 1.9636307954788208 2.6231439113616943 -0.39674413204193115 0.7050370456470161 0.013389878906309605 3666
frame-000128.color.jpg 0.3941583854207163 0.6441447734832764 0.6104846596717834 -0.23879963159561157 1.9504132270812988 2.61921763420105 -0.35687997937202454 0.6764212210673073 0.012366291135549545 3711
frame-000129.color.jpg 0.38651744212028033 0.6407880187034607 0.6169827580451965 -0.24357202649116516 1.919913649559021 2.615959882736206 -0.3821529746055603 0.6907732627825023 0.012027513235807419 3613
frame-000130.color.jpg 0.3752365648330333 0.6383963227272034 0.6278941631317139 -0.23957572877407074 1.8757587671279907 2.63327693939209 -0.3542672395706177 0.7837074846723403 0.013721628114581108 3530
frame-000131.color.jpg 0.36832814453239304 0.6367518901824951 0.6338402032852173 -0.23901459574699402 1.8525830507278442 2.634500026702881 -0.35111668705940247 0.6230732281421293 0.010942434892058372 3391
frame-000132.color.jpg 0.3594201180263944 0.636795699596405 0.6391252279281616 -0.23838481307029724 1.8428927659988403 2.632619857788086 -0.34005433320999146 0.7841088650077843 0.014097996987402439 3276
frame-000133.color.jpg 0.3464851935917563 0.6382684111595154 0.6452083587646484 -0.23720833659172058 1.8339390754699707 2.626675605773926 -0.3221763074398041 0.47925126881049307 0.009147843345999718 3056
frame-000134.color.jpg 0.3414391472119697 0.637522280216217 0.6484751105308533 -0.23762287199497223 1.8214280605316162 2.6274325847625732 -0.32626572251319885 0.4544311084186072 0.007988103665411472 2970
frame-000135.color.jpg 0.334839293575134 0.6335299015045166 0.6518442630767822 -0.24823682010173798 1.8256646394729614 2.622297763824463 -0.39384034276008606 0.6237093428694396 0.011044285260140896 3038
frame-000136.color.jpg 0.32488624544804645 0.6289294958114624 0.6582313179969788 -0.25617989897727966 1.8601841926574707 2.6228625774383545 -0.45603305101394653 0.35872593747943315 0.01085992157459259 2940
frame-000137.color.jpg 0.31953799391244486 0.6287028789520264 0.661298930644989 -0.2555621266365051 1.8876121044158936 2.631566286087036 -0.4521273970603943 0.3982549902902208 0.010471366345882416 2921
frame-000138.color.jpg 0.3222321385015202 0.627345621585846 0.6630721688270569 -0.2508768141269684 1.9081602096557617 2.6546061038970947 -0.43286046385765076 0.46594995564956926 0.009629846550524235 3120
frame-000139.color.jpg 0.32843882751304293 0.6258735060691833 0.6590191125869751 -0.2571074366569519 1.9543507099151611 2.643216848373413 -0.47819915413856506 0.44102416744938616 0.010196199640631676 3233
frame-000140.color.jpg 0.3379966296563284 0.6210852265357971 0.6566659212112427 -0.2622999846935272 2.00583815574646 2.6462371349334717 -0.5241150259971619 0.4275276602885881 0.00785583071410656 3430
frame-000141.color.jpg 0.3372517834361851 0.6173725128173828 0.659633219242096 -0.264568567276001 2.013683795928955 2.658670425415039 -0.5443359613418579 0.4259106130025876 0.006461251061409712 3342
frame-000142.color.jpg 0.3375147142776895 0.6164538264274597 0.6601814031600952 -0.2650076448917389 2.014301061630249 2.661482095718384 -0.549572229385376 0.40109581537641725 0.005695512518286705 3334
frame-000143.color.jpg 0.3409557387701594 0.61424720287323 0.6599149703979492 -0.26638635993003845 2.0463223457336426 2.6690878868103027 -0.567733883857727 0.4354217047826832 0.006777442991733551 3347
frame-000144.color.jpg 0.3404235939069579 0.6140318512916565 0.6605237722396851 -0.2660544514656067 2.0646941661834717 2.6764843463897705 -0.5644700527191162 0.670933110708349 0.011124181561172009 3317
frame-000145.color.jpg 0.3411734742321035 0.611997663974762 0.6612590551376343 -0.2679474949836731 2.075533151626587 2.6770381927490234 -0.5827450156211853 0.4963849050651758 0.00827568955719471 3242
frame-000146.color.jpg 0.33841642410344225 0.6090348362922668 0.6641451716423035 -0.27103909850120544 2.0830202102661133 2.6832327842712402 -0.6083199381828308 0.5431417120804386 0.009047592990100384 3158
frame-000147.color.jpg 0.33584455036203437 0.6054786443710327 0.6678951382637024 -0.2729837894439697 2.076871156692505 2.6951520442962646 -0.631537675857544 0.43287761939941216 0.0066078947857022285 3059
frame-000148.color.jpg 0.3342574832765285 0.6025447249412537 0.6713807582855225 -0.27287307381629944 2.065490484237671 2.7148184776306152 -0.6379907131195068 0.504002060093621 0.008476261049509048 3106
frame-000149.color.jpg 0.33619867447419494 0.5966452956199646 0.6750216484069824 -0.2744639813899994 2.046820878982544 2.7375948429107666 -0.6642577648162842 0.42016492980672593 0.007714382838457823 3117
frame-000150.color.jpg 0.34311368094031763 0.5926392078399658 0.6716359853744507 -0.2827664017677307 2.056039571762085 2.730074644088745 -0.7348837852478027 0.2866416684438524 0.0027252903673797846 2918
frame-000151.color.jpg 0.34861322232922387 0.5836439728736877 0.6728605031967163 -0.2916969954967499 2.016427516937256 2.746886968612671 -0.8205575346946716 0.23630725636610458 0.005252845119684935 3376
frame-000152.color.jpg 0.35486713034903056 0.5686187744140625 0.6751899123191833 -0.3079945147037506 1.9412912130355835 2.78838849067688 -0.9935665726661682 0.34290956723921084 0.007782201748341322 3664
frame-000153.color.jpg 0.35958464117761485 0.561922550201416 0.6757147312164307 -0.3136104941368103 1.9063373804092407 2.809114694595337 -1.0635228157043457 0.5742455931478833 0.011844228953123093 3752
frame-000154.color.jpg 0.36306036328903674 0.5591080784797668 0.6754060387611389 -0.31529664993286133 1.895750880241394 2.808553695678711 -1.0875388383865356 0.5758664824152919 0.011911061592400074 3814
frame-000155.color.jpg 0.3676797089851967 0.5510652661323547 0.6763145327568054 -0.3220827579498291 1.8520039319992065 2.818203926086426 -1.1760551929473877 0.36616420024856217 0.00836931448429823 3756
frame-000156.color.jpg 0.3666230968129477 0.5473152995109558 0.6780627369880676 -0.3259822428226471 1.8197041749954224 2.8291540145874023 -1.2254366874694824 0.40592115726204614 0.008518388494849205 3703
frame-000157.color.jpg 0.3760617297099872 0.5487844347953796 0.6744765639305115 -0.3201478123664856 1.8351320028305054 2.8490214347839355 -1.2168689966201782 0.4058387947856093 0.008269885554909706 3773
frame-000158.color.jpg 0.38409535341927775 0.5599931478500366 0.6630789637565613 -0.314967542886734 1.932501196861267 2.8373091220855713 -1.1743146181106567 0.4410689905658144 0.009021627716720104 3716
frame-000159.color.jpg 0.3946213292108357 0.5710082650184631 0.650046169757843 -0.30929550528526306 2.037897825241089 2.8033177852630615 -1.1222283840179443 0.37001682714684603 0.007434482220560312 3691
frame-000160.color.jpg 0.4040844218252528 0.5912606120109558 0.6278930306434631 -0.3047572672367096 2.2286629676818848 2.7187764644622803 -1.0408128499984741 0.24712395481430405 0.005297709722071886 3686
frame-000161.color.jpg 0.41020386845868173 0.6154093146324158 0.6035078167915344 -0.29796379804611206 2.439424514770508 2.6217288970947266 -0.9194434285163879 0.26079113666307313 0.005639896262437105 3598
frame-000162.color.jpg 0.41615846386343686 0.6284790635108948 0.5886256694793701 -0.292140394449234 2.551342725753784 2.5593082904815674 -0.8357590436935425 0.2120907806431847 0.00459500914439559 3727
frame-000163.color.jpg 0.4224697980842865 0.6446531414985657 0.572945773601532 -0.2787020802497864 2.6700358390808105 2.509376049041748 -0.6914898157119751 0.2353762695657201 0.004769786261022091 3723
frame-000164.color.jpg 0.42637041673515635 0.6571091413497925 0.5591643452644348 -0.27157145738601685 2.76944899559021 2.4512712955474854 -0.5948215126991272 0.2327244753008891 0.004920906387269497 3699
frame-000165.color.jpg 0.42705695909313535 0.667186439037323 0.549036979675293 -0.2665390968322754 2.8474462032318115 2.39855694770813 -0.5216932892799377 0.1665675031239836 0.004147535189986229 3704
frame-000166.color.jpg 0.42917809726465744 0.6763612031936646 0.5413697957992554 -0.2554610073566437 2.905486583709717 2.3785336017608643 -0.4197714924812317 0.17320319198520967 0.00481594679877162 3775
frame-000167.color.jpg 0.425825255658871 0.6890566349029541 0.5317468047142029 -0.2472226917743683 2.9928700923919678 2.32378888130188 -0.32530269026756287 0.12156653497309015 0.004615585319697857 3795
frame-000168.color.jpg 0.42278084499693785 0.6960035562515259 0.5268363952636719 -0.24347254633903503 3.0430731773376465 2.2930514812469482 -0.2819861173629761 0.11315769165073175 0.005025531630963087 3888
frame-000169.color.jpg 0.41869818096112005 0.6992092132568359 0.5269673466682434 -0.24104715883731842 3.062676429748535 2.290933132171631 -0.2624568045139313 0.18444985884578935 0.0037176329642534256 3963
frame-000170.color.jpg 0.41872232212188365 0.7012303471565247 0.5252397060394287 -0.23889502882957458 3.0826900005340576 2.2920141220092773 -0.2475782185792923 0.22212234084216326 0.004137324634939432 3967
frame-000171.color.jpg 0.4200125228223481 0.695501983165741 0.5257023572921753 -0.2519991993904114 3.103154182434082 2.2801055908203125 -0.3557603359222412 0.3571452822951041 0.00562052009627223 4133
frame-000172.color.jpg 0.4190690344783169 0.693873941898346 0.5274257659912109 -0.2544448971748352 3.0978989601135254 2.283670663833618 -0.3810963034629822 0.28096596800655693 0.005287192761898041 4170
frame-000173.color.jpg 0.41637372678533946 0.6888993978500366 0.5341164469718933 -0.2583991587162018 3.0816476345062256 2.3172991275787354 -0.43471628427505493 0.38094542330355735 0.0068669747561216354 4151
frame-000174.color.jpg 0.41337127900927056 0.6784399747848511 0.545086145401001 -0.2678145170211792 3.0431995391845703 2.3634819984436035 -0.5450462102890015 0.3930653005010541 0.0066659096628427505 4058
frame-000175.color.jpg 0.4087396684877514 0.6652513146400452 0.5601168274879456 -0.2768424153327942 2.982762098312378 2.4271349906921387 -0.6634790301322937 0.26437271710909854 0.005403914954513311 3997
frame-000176.color.jpg 0.4042662980992607 0.6551631093025208 0.5715276002883911 -0.28405335545539856 2.9291813373565674 2.4752659797668457 -0.7528292536735535 0.23522525835203936 0.0048166499473154545 3965
frame-000177.color.jpg 0.40314185515813433 0.6529176831245422 0.5740625858306885 -0.28570473194122314 2.916022300720215 2.486032724380493 -0.7728708386421204 0.25632870193795404 0.005126557778567076 3985
frame-000178.color.jpg 0.39601054437047734 0.6373236179351807 0.5930002927780151 -0.29213863611221313 2.8086819648742676 2.570499897003174 -0.8774292469024658 0.284171487841835 0.005847538821399212 3955
frame-000179.color.jpg 0.39520901175021617 0.6357208490371704 0.594645619392395 -0.2933688759803772 2.7990307807922363 2.575216293334961 -0.8905808329582214 0.26606054756645864 0.005390196107327938 3959
frame-000180.color.jpg 0.39083740865688255 0.6296056509017944 0.6030800342559814 -0.2951902449131012 2.7498714923858643 2.6105220317840576 -0.9253706932067871 0.24795550366532665 0.005616572219878435 3844
frame-000181.color.jpg 0.38775144353610064 0.6260342001914978 0.6095772981643677 -0.2935052812099457 2.712177276611328 2.6443371772766113 -0.9281772971153259 0.2189639920008406 0.005646938923746347 3956
frame-000182.color.jpg 0.3850884689500632 0.6231951117515564 0.6138050556182861 -0.2942413091659546 2.6881346702575684 2.6589126586914062 -0.9423253536224365 0.10688476320767007 0.005683746188879013 3941
frame-000183.color.jpg 0.3792503137118169 0.6194312572479248 0.6226699352264404 -0.29112908244132996 2.63409161567688 2.7004830837249756 -0.9317607879638672 0.09821235729267117 0.004626058042049408 3973
frame-000184.color.jpg 0.37512296949894347 0.6166151762008667 0.6284981966018677 -0.2899284064769745 2.592191457748413 2.7232120037078857 -0.9311753511428833 0.1964172440659376 0.005562679376453161 4140
frame-000185.color.jpg 0.3750651751580038 0.6168496608734131 0.6289885640144348 -0.28843724727630615 2.5902369022369385 2.7278339862823486 -0.9197010397911072 0.11628083566935976 0.004653609823435545 4217
frame-000186.color.jpg 0.37177281066759554 0.6165362596511841 0.6320481300354004 -0.2866760790348053 2.5697665214538574 2.737459897994995 -0.9047479629516602 0.17515567893269451 0.0050193313509225845 4299
frame-000187.color.jpg 0.3691432563915929 0.6161118745803833 0.6339210271835327 -0.28685081005096436 2.5565872192382812 2.7390613555908203 -0.9042810797691345 0.24054979101646098 0.005741965491324663 4248
frame-000188.color.jpg 0.3668127430600544 0.61529940366745 0.6364021301269531 -0.2860898971557617 2.538710594177246 2.7426323890686035 -0.8962695002555847 0.11145706792889114 0.004269719123840332 4191
frame-000189.color.jpg 0.36228215559397936 0.6163777709007263 0.640800416469574 -0.279651403427124 2.5165538787841797 2.764127254486084 -0.8433225154876709 0.18540978056865384 0.0037053150590509176 4193
frame-000190.color.jpg 0.35889688465287306 0.6159837245941162 0.6429234743118286 -0.2800116240978241 2.5035650730133057 2.763542890548706 -0.8407158255577087 0.20414560311180704 0.004258803557604551 4228
frame-000191.color.jpg 0.35741591195145056 0.6147717237472534 0.644680380821228 -0.2805291712284088 2.490324020385742 2.7633657455444336 -0.8410040140151978 0.15118803820701732 0.0041542877443134785 4238
frame-000192.color.jpg 0.35508768152765197 0.6138018369674683 0.6471280455589294 -0.2799738347530365 2.4751498699188232 2.7657358646392822 -0.8308382034301758 0.17695567390283087 0.0035926371347159147 4216
frame-000193.color.jpg 0.3505081343878642 0.6130377054214478 0.6513831615447998 -0.2775406539440155 2.4531896114349365 2.778017997741699 -0.8087448477745056 0.21733560553360082 0.003772043390199542 4261
frame-000194.color.jpg 0.35008082633149407 0.6107195615768433 0.6534698605537415 -0.2782844007015228 2.428687572479248 2.7803955078125 -0.8085736036300659 0.21146141606376506 0.004711595829576254 4234
frame-000195.color.jpg 0.3492616249464797 0.6038622260093689 0.6602534055709839 -0.27826640009880066 2.3639025688171387 2.8041107654571533 -0.8169966340065002 0.24123595822378283 0.0036132559180259705 4077
frame-000196.color.jpg 0.34320740026213914 0.5995365381240845 0.6703644394874573 -0.27088019251823425 2.2861273288726807 2.856541395187378 -0.7721022963523865 0.34904171641213355 0.00517023541033268 4014
frame-000197.color.jpg 0.33943937676245123 0.5918787121772766 0.6799483895301819 -0.2685713768005371 2.196319103240967 2.8909800052642822 -0.7741012573242188 0.1794497334865169 0.003297840477898717 3703
frame-000198.color.jpg 0.3390598958606427 0.5893404483795166 0.685799241065979 -0.2596065402030945 2.138392210006714 2.930480480194092 -0.7221391797065735 0.1914379027588661 0.003470085794106126 3815
frame-000199.color.jpg 0.343793600302101 0.5823954343795776 0.6883879899978638 -0.26218992471694946 2.0829198360443115 2.9375545978546143 -0.7561947703361511 0.29091363160457806 0.004431787878274918 3684
frame-000200.color.jpg 0.3409565232333807 0.5788764357566833 0.6945805549621582 -0.2573103904724121 2.020143747329712 2.9618284702301025 -0.7277595400810242 0.07335983354350707 0.002237780252471566 3574
frame-000201.color.jpg 0.3385725677653091 0.5740116834640503 0.6993275284767151 -0.2584960460662842 1.9718198776245117 2.9724771976470947 -0.7386553883552551 0.12357339662967064 0.003535042516887188 3510
frame-000202.color.jpg 0.3302759995423389 0.5655326247215271 0.7098016738891602 -0.2593686580657959 1.8832801580429077 3.003328800201416 -0.7481536865234375 0.26953201789254405 0.003977964166551828 3396
frame-000203.color.jpg 0.3236169231516261 0.5587477684020996 0.718302309513092 -0.2590653598308563 1.8148093223571777 3.029736042022705 -0.751060962677002 0.4370963817898057 0.006565819960087538 3327
frame-000204.color.jpg 0.31652567494974615 0.5505039691925049 0.7271135449409485 -0.26088854670524597 1.7386665344238281 3.0527262687683105 -0.7732517123222351 0.3195927154753889 0.004695875104516745 3202
frame-000205.color.jpg 0.31183047237770867 0.5406249165534973 0.7360437512397766 -0.26215660572052 1.6561872959136963 3.078930139541626 -0.7948659658432007 0.2862917012901686 0.004053718410432339 3103
frame-000206.color.jpg 0.30010739357676014 0.525658369064331 0.7513535022735596 -0.2628435492515564 1.5337592363357544 3.129530906677246 -0.808268666267395 0.5667964714451911 0.00820889137685299 3104
frame-000207.color.jpg 0.29403595599380045 0.5110448598861694 0.7631412744522095 -0.26455891132354736 1.4214414358139038 3.163050413131714 -0.8385242819786072 0.38928180258769013 0.006023985333740711 2931
frame-000208.color.jpg 0.2887513086367701 0.492305725812912 0.7772956490516663 -0.264705628156662 1.2776861190795898 3.204145669937134 -0.8632766008377075 0.38803638696164705 0.006887529511004686 2916
frame-000209.color.jpg 0.2858674999524052 0.4803619682788849 0.7854251861572266 -0.2657810151576996 1.1956965923309326 3.222733974456787 -0.8822044134140015 0.2236433519331737 0.006769227795302868 2728
frame-000210.color.jpg 0.27878774466933715 0.46421512961387634 0.794349193572998 -0.2753015458583832 1.0918253660202026 3.229485511779785 -0.9534640908241272 0.3026057948857292 0.008852371014654636 2698
frame-000211.color.jpg 0.2758041238900502 0.45433154702186584 0.7980704307556152 -0.28389886021614075 1.0383460521697998 3.225358724594116 -1.015231728553772 0.5091800905364311 0.011330571956932545 2687
frame-000212.color.jpg 0.26946997236728387 0.42479264736175537 0.809657096862793 -0.30231189727783203 0.8589612245559692 3.2292568683624268 -1.1565277576446533 0.5324008660846233 0.012365340255200863 2565
frame-000213.color.jpg 0.26917480995959814 0.4150865077972412 0.8140873312950134 -0.30415451526641846 0.7963413596153259 3.2438571453094482 -1.1813464164733887 0.4026918918472317 0.010511046275496483 2584
frame-000214.color.jpg 0.26829169759356136 0.4053841829299927 0.8178249597549438 -0.30797022581100464 0.7389412522315979 3.247880458831787 -1.2247967720031738 0.3045084027759744 0.012001444585621357 2528
frame-000215.color.jpg 0.2689462167970409 0.40044617652893066 0.8198880553245544 -0.30837389826774597 0.7054058313369751 3.2570173740386963 -1.2408198118209839 0.3780653513100598 0.013034053146839142 2570
frame-000216.color.jpg 0.27286566760243747 0.3934187889099121 0.8202305436134338 -0.3130304515361786 0.672775387763977 3.268371820449829 -1.3090280294418335 0.6349907343050379 0.01425680611282587 2891
frame-000217.color.jpg 0.27419380981137587 0.3935799300670624 0.8187201023101807 -0.31561022996902466 0.683678150177002 3.2725977897644043 -1.3428667783737183 0.46516672505083917 0.012608412653207779 2962
frame-000218.color.jpg 0.2800337711659002 0.3972960412502289 0.8137208819389343 -0.3187401592731476 0.7331905364990234 3.2709171772003174 -1.3855140209197998 0.5032416679399282 0.012327946722507477 3091
frame-000219.color.jpg 0.28326247034869834 0.4013793170452118 0.8087460398674011 -0.3233988285064697 0.7837193012237549 3.262036085128784 -1.4315838813781738 0.3554954981258551 0.008388607762753963 3392
frame-000220.color.jpg 0.28918874439118214 0.411543071269989 0.8017950057983398 -0.32268697023391724 0.8850087523460388 3.2680063247680664 -1.4496500492095947 0.4572805779629719 0.009343113750219345 3624
frame-000221.color.jpg 0.29174390261172617 0.42703285813331604 0.7951598763465881 -0.3166216313838959 1.0342508554458618 3.3112220764160156 -1.430799126625061 0.21534395172009418 0.0046105836518108845 4031
frame-000222.color.jpg 0.29699958574427837 0.4282649755477905 0.7920866012573242 -0.3177723288536072 1.0774664878845215 3.3208670616149902 -1.463936448097229 0.16743237582763648 0.004670815542340279 4161
frame-000223.color.jpg 0.29689098973557815 0.42803314328193665 0.7896182537078857 -0.32426273822784424 1.1125084161758423 3.3170247077941895 -1.525193214416504 0.2157485603871381 0.005078006535768509 4227
frame-000224.color.jpg 0.2975620834208101 0.42631587386131287 0.7902601957321167 -0.3243461847305298 1.1174030303955078 3.3334689140319824 -1.5477542877197266 0.14813650445296866 0.004014443606138229 4284
frame-000225.color.jpg 0.3000262004170681 0.4265216290950775 0.7899395823478699 -0.3225818872451782 1.1337382793426514 3.3464572429656982 -1.5528590679168701 0.07643865470370272 0.002846335293725133 4321
frame-000226.color.jpg 0.29325240884388953 0.42648985981941223 0.7914270162582397 -0.32519644498825073 1.1361433267593384 3.3594322204589844 -1.5703941583633423 0.09537896937534641 0.0026873748283833265 4322
frame-000227.color.jpg 0.28737664046651695 0.4251041114330292 0.7923864722251892 -0.32988613843917847 1.1313775777816772 3.3694019317626953 -1.6114393472671509 0.17105533761507868 0.0026329299435019493 4287
frame-000228.color.jpg 0.2709310603549388 0.4130208194255829 0.7972899079322815 -0.346899151802063 1.0354809761047363 3.365189790725708 -1.733168125152588 0.1670711361937795 0.002381849568337202 4414
frame-000229.color.jpg 0.2612637343956837 0.3941330015659332 0.8077992796897888 -0.35193881392478943 0.8660513162612915 3.410247564315796 -1.7934404611587524 0.1927342646592066 0.0014547253958880901 4334
frame-000230.color.jpg 0.2514147168315466 0.3704144358634949 0.8161426782608032 -0.36536967754364014 0.66901695728302 3.4151620864868164 -1.911298155784607 0.14135079155384034 0.0025683690328150988 4347
frame-000231.color.jpg 0.2459960168256869 0.35362550616264343 0.8224053382873535 -0.37159720063209534 0.5254489183425903 3.4234619140625 -1.9697068929672241 0.1572761113154523 0.003224608488380909 4316
frame-000232.color.jpg 0.23961120402959188 0.3375007212162018 0.8272018432617188 -0.3800220787525177 0.38872119784355164 3.4122796058654785 -2.0332770347595215 0.12185500374381741 0.00335176894441247 4283
frame-000233.color.jpg 0.23056934563271897 0.3221299946308136 0.8325188159942627 -0.3872756361961365 0.2565925121307373 3.404581069946289 -2.075115919113159 0.2015495976186733 0.005313990171998739 4192
frame-000234.color.jpg 0.2207577856663377 0.30477601289749146 0.8379427790641785 -0.3952588438987732 0.10646503418684006 3.387342929840088 -2.113582134246826 0.15257349939147208 0.004490545019507408 4180
frame-000235.color.jpg 0.20850921186565868 0.2867686450481415 0.8424176573753357 -0.405734121799469 -0.04038387909531593 3.354977607727051 -2.154456615447998 0.11326590746039415 0.004376687575131655 4104
frame-000236.color.jpg 0.20173802649141667 0.2792245149612427 0.8444010615348816 -0.4102708399295807 -0.1020054742693901 3.3446786403656006 -2.1636037826538086 0.18018319174971315 0.005399887915700674 4084
frame-000237.color.jpg 0.19391647116831667 0.27085113525390625 0.8456861972808838 -0.4169543385505676 -0.16389133036136627 3.323261022567749 -2.179788827896118 0.2166583229082853 0.005443056579679251 4025
frame-000238.color.jpg 0.18749118359117797 0.26154574751853943 0.8478708267211914 -0.42137381434440613 -0.22767280042171478 3.3052000999450684 -2.1795151233673096 0.2989951861357312 0.00595070468261838 4014
frame-000239.color.jpg 0.18327181380455293 0.25506535172462463 0.849219799041748 -0.4244747459888458 -0.26744401454925537 3.2906699180603027 -2.1782476902008057 0.3429260290623276 0.006857929285615683 3920
frame-000240.color.jpg 0.17880018508568227 0.2461058795452118 0.8517223000526428 -0.4266514778137207 -0.3238951563835144 3.2745468616485596 -2.167041301727295 0.34698948469038277 0.0073889074847102165 3948
frame-000241.color.jpg 0.17814462125030545 0.24044324457645416 0.8523572683334351 -0.42888084053993225 -0.3525133430957794 3.254887342453003 -2.167978286743164 0.2878925001964639 0.007165310904383659 3866
frame-000242.color.jpg 0.17711566422317393 0.23321889340877533 0.8546820878982544 -0.42866942286491394 -0.398220032453537 3.2351698875427246 -2.1456472873687744 0.23817333875254612 0.00619074422866106 3860
frame-000243.color.jpg 0.17688675914843704 0.23400597274303436 0.8559538125991821 -0.42578789591789246 -0.3775423765182495 3.2361230850219727 -2.106928586959839 0.19271446778278412 0.0054344795644283295 3961
frame-000244.color.jpg 0.1767183887239026 0.2348831444978714 0.856812059879303 -0.4236431419849396 -0.3649701476097107 3.2345995903015137 -2.0761568546295166 0.22950828329503292 0.005965513177216053 4011
frame-000245.color.jpg 0.1781280815789259 0.23878777027130127 0.8569762706756592 -0.4205263555049896 -0.32137736678123474 3.234549045562744 -2.03654408454895 0.11730481709611953 0.0046933358535170555 3988
frame-000246.color.jpg 0.17331820149539598 0.24223677814006805 0.8564971685409546 -0.42153868079185486 -0.2947629690170288 3.228020668029785 -2.01271653175354 0.24567120559435407 0.005693398881703615 4005
frame-000247.color.jpg 0.16944531969867585 0.24336397647857666 0.8586326241493225 -0.41810551285743713 -0.2896396219730377 3.2322003841400146 -1.9643559455871582 0.3389413607335656 0.007035315502434969 4095
frame-000248.color.jpg 0.16534197605359574 0.24017533659934998 0.8643234968185425 -0.4097836911678314 -0.32439762353897095 3.2571346759796143 -1.8910683393478394 0.20382923995523117 0.004856463987380266 4256
frame-000249.color.jpg 0.16386524815690165 0.23953691124916077 0.8669185638427734 -0.40524372458457947 -0.3348388969898224 3.2727503776550293 -1.8537179231643677 0.18699661227170497 0.0037160255014896393 4293
frame-000250.color.jpg 0.15737976076309007 0.23616889119148254 0.8748624920845032 -0.39251935482025146 -0.3822050988674164 3.3157825469970703 -1.7478545904159546 0.17880254638223175 0.0033346470445394516 4361
frame-000251.color.jpg 0.13962072902471112 0.21693722903728485 0.8940093517303467 -0.36632171273231506 -0.5614542365074158 3.4024996757507324 -1.5260339975357056 0.17184581194958864 0.0040251510217785835 4324
frame-000252.color.jpg 0.13576030685808976 0.20896734297275543 0.9006049633026123 -0.35610756278038025 -0.624168872833252 3.429558753967285 -1.4493811130523682 0.23662405974971681 0.00620482349768281 4198
frame-000253.color.jpg 0.1340778155621433 0.20743228495121002 0.9019345641136169 -0.3542724847793579 -0.6377657651901245 3.437286615371704 -1.4310446977615356 0.16509200884048897 0.004659191705286503 4187
frame-000254.color.jpg 0.12289024796607777 0.20134654641151428 0.9097710847854614 -0.3415760099887848 -0.6873523592948914 3.4910216331481934 -1.3142611980438232 0.23010456414566033 0.003672274062409997 4078
frame-000255.color.jpg 0.11426134787910497 0.19821800291538239 0.9129120111465454 -0.33800235390663147 -0.709455132484436 3.5187389850616455 -1.2677711248397827 0.15240489243655062 0.003499035257846117 3957
frame-000256.color.jpg 0.11320016304748297 0.1978568583726883 0.9144684076309204 -0.3343440592288971 -0.7141453623771667 3.5314815044403076 -1.2419466972351074 0.23869219300562908 0.004579522181302309 3943
frame-000257.color.jpg 0.10963122580624053 0.19213449954986572 0.9183007478713989 -0.3283124268054962 -0.7593743205070496 3.556649684906006 -1.1978671550750732 0.15976740947500123 0.0040865568444132805 3916
frame-000258.color.jpg 0.10218830942408115 0.17195098102092743 0.9265875220298767 -0.3184743821620941 -0.9052737355232239 3.598515272140503 -1.1346509456634521 0.29956756132426354 0.009573938325047493 3795
frame-000259.color.jpg 0.0940617852615471 0.1508263200521469 0.9306297302246094 -0.31989389657974243 -1.064387559890747 3.598499059677124 -1.126777172088623 0.20559208243154237 0.006746305152773857 3775
frame-000260.color.jpg 0.09237365443680272 0.1375698745250702 0.9337844848632812 -0.31715643405914307 -1.1714224815368652 3.6017558574676514 -1.1102535724639893 0.13027642688724478 0.004207951948046684 3657
frame-000261.color.jpg 0.09309283115457484 0.13194791972637177 0.9344320893287659 -0.31742727756500244 -1.2141402959823608 3.611149787902832 -1.1277309656143188 0.15962659018422262 0.0036258844193071127 3725
frame-000262.color.jpg 0.0941460482631939 0.12812744081020355 0.9371612071990967 -0.3105621635913849 -1.24443781375885 3.6347906589508057 -1.0992929935455322 0.21888491121685655 0.00525992875918746 3699
frame-000263.color.jpg 0.09542427052921365 0.11910516768693924 0.939008355140686 -0.30817440152168274 -1.3124750852584839 3.6404433250427246 -1.10228431224823 0.37315087011967696 0.006929914932698011 3655
frame-000264.color.jpg 0.09847292301008875 0.11263082176446915 0.940265953540802 -0.3058059811592102 -1.3633062839508057 3.6400744915008545 -1.1057751178741455 0.5103325248763121 0.00927410926669836 3574
frame-000265.color.jpg 0.09978037639312366 0.10880352556705475 0.9418604373931885 -0.3018352687358856 -1.4006856679916382 3.649942398071289 -1.0878627300262451 0.32839901711050384 0.006212272215634584 3423
frame-000266.color.jpg 0.10321306863825543 0.10497605800628662 0.9416435956954956 -0.30271175503730774 -1.435123324394226 3.6443469524383545 -1.1161954402923584 0.5765132159523275 0.009849674999713898 3328
frame-000267.color.jpg 0.10432331816147838 0.10360660403966904 0.941249430179596 -0.304026335477829 -1.4538627862930298 3.646763801574707 -1.1254364252090454 0.38754455998055326 0.007375036831945181 3323
frame-000268.color.jpg 0.10880625564463423 0.10843893140554428 0.9418383240699768 -0.2989025413990021 -1.4238319396972656 3.6648495197296143 -1.105924129486084 0.3571261524293428 0.007074293680489063 3400
frame-000269.color.jpg 0.11226607137866064 0.11831596493721008 0.9430518746376038 -0.28991520404815674 -1.3597546815872192 3.700665235519409 -1.054236650466919 0.294559645280469 0.0055297063663601875 3427
frame-000270.color.jpg 0.12481343027328036 0.14303021132946014 0.9401037096977234 -0.2831413447856903 -1.1618732213974 3.7528913021087646 -1.0538326501846313 0.5853571903495833 0.01021706871688366 3698
frame-000271.color.jpg 0.12740031453633302 0.1580619513988495 0.9373265504837036 -0.28320398926734924 -1.0361683368682861 3.7819888591766357 -1.0596919059753418 0.5630479782513234 0.009833520278334618 3786
frame-000272.color.jpg 0.13572286728102878 0.19321107864379883 0.9302514791488647 -0.28085747361183167 -0.7431833148002625 3.8379428386688232 -1.0527927875518799 0.4223790583561472 0.008015381172299385 4004
frame-000273.color.jpg 0.14112075943158778 0.22703847289085388 0.9222935438156128 -0.2791292667388916 -0.4516410231590271 3.867586374282837 -1.0329197645187378 0.35250230112422926 0.006645125336945057 4189
frame-000274.color.jpg 0.13185823605901958 0.24400761723518372 0.9185513854026794 -0.28166815638542175 -0.29634156823158264 3.8728997707366943 -1.0090965032577515 0.14662532509910334 0.003754993202164769 4158
frame-000275.color.jpg 0.12641178260341376 0.25277647376060486 0.9166790246963501 -0.28253090381622314 -0.22527669370174408 3.8690953254699707 -0.9874919652938843 0.30863346350869186 0.0031309439800679684 4015
frame-000276.color.jpg 0.13221840470220944 0.2691325843334198 0.9144358038902283 -0.2718328535556793 -0.10078297555446625 3.8719654083251953 -0.9091535806655884 0.33722335471389586 0.00429120846092701 4020
frame-000277.color.jpg 0.13726009201684447 0.27930837869644165 0.9125732779502869 -0.26524776220321655 -0.028575938194990158 3.862926721572876 -0.8528802394866943 0.5593486837638211 0.006629581563174725 3789
frame-000278.color.jpg 0.1449699638792374 0.28901219367980957 0.9060263633728027 -0.2730786204338074 0.058928582817316055 3.8218982219696045 -0.912892758846283 0.23960909254085042 0.004362245090305805 3786
frame-000279.color.jpg 0.14255781259169473 0.29176995158195496 0.9021380543708801 -0.28406792879104614 0.08732933551073074 3.785132646560669 -0.9726323485374451 0.18681379798970135 0.0015541677130386233 3851
frame-000280.color.jpg 0.14091977478399198 0.28945913910865784 0.8993463516235352 -0.2958565950393677 0.07219146192073822 3.7447350025177 -1.0448373556137085 0.11107294315925065 0.0021382938139140606 3941
frame-000281.color.jpg 0.1350506935609029 0.284790962934494 0.898813784122467 -0.30461323261260986 0.03033624030649662 3.712472438812256 -1.081236720085144 0.28537920402531075 0.002329015638679266 3934
frame-000282.color.jpg 0.14056594272451553 0.27603206038475037 0.9053158760070801 -0.29060375690460205 -0.08446746319532394 3.7003893852233887 -0.9850913286209106 0.22315031099267663 0.002880775136873126 3704
frame-000283.color.jpg 0.13951272009266302 0.26894068717956543 0.9047859907150269 -0.2992815375328064 -0.1421838104724884 3.660691738128662 -1.0385218858718872 0.24519429297164322 0.006395232398062944 3763
frame-000284.color.jpg 0.11951735890974635 0.24753984808921814 0.9085267782211304 -0.3146723508834839 -0.3200596272945404 3.5850625038146973 -1.0723731517791748 0.19268407877706287 0.005296439863741398 3998
frame-000285.color.jpg 0.11623911382324022 0.24479644000530243 0.9084650874137878 -0.31820473074913025 -0.34037384390830994 3.572733163833618 -1.0845897197723389 0.14122511340506944 0.004210060928016901 3988
frame-000286.color.jpg 0.1082640949394441 0.23546062409877777 0.9091911911964417 -0.32589632272720337 -0.41367051005363464 3.5353353023529053 -1.1031931638717651 0.19580510170178844 0.0023900300730019808 4084
frame-000287.color.jpg 0.10722317477668566 0.22778841853141785 0.9110646843910217 -0.3264611065387726 -0.470632404088974 3.5084307193756104 -1.0943551063537598 0.1556564360074469 0.003563027363270521 4102
frame-000288.color.jpg 0.1001937388634486 0.21752791106700897 0.9109964370727539 -0.3357502520084381 -0.5325014591217041 3.464327335357666 -1.124252438545227 0.16422115972131235 0.003189281327649951 4009
frame-000289.color.jpg 0.09262826205599956 0.199301078915596 0.9147148728370667 -0.3391103744506836 -0.6520153880119324 3.422492504119873 -1.1065611839294434 0.16402117658489113 0.003278295276686549 4042
frame-000290.color.jpg 0.08444452697049815 0.18721702694892883 0.9170512557029724 -0.34181293845176697 -0.722941517829895 3.3970885276794434 -1.089333415031433 0.23026470006518537 0.004568574018776417 4145
frame-000291.color.jpg 0.0777996137346464 0.17455536127090454 0.9190970063209534 -0.3445844352245331 -0.7811151742935181 3.3567514419555664 -1.0713483095169067 0.11365960383302191 0.00449808593839407 4153
frame-000292.color.jpg 0.07395740393131015 0.16903692483901978 0.9208542108535767 -0.3434884548187256 -0.797353208065033 3.3438720703125 -1.0439108610153198 0.1354046849945211 0.004390970338135958 4157
frame-000293.color.jpg 0.07229722248694247 0.16502101719379425 0.9213613867759705 -0.3444332778453827 -0.800865113735199 3.3283519744873047 -1.0385209321975708 0.2005774295800704 0.004266888368874788 4166
frame-000294.color.jpg 0.07237926140311776 0.16310811042785645 0.9219295382499695 -0.34380656480789185 -0.7952755689620972 3.320037364959717 -1.0295929908752441 0.1951438673529798 0.0048924959264695644 4158
frame-000295.color.jpg 0.07392744542651251 0.156485453248024 0.9215222001075745 -0.3476261496543884 -0.803458034992218 3.28963303565979 -1.04788339138031 0.2536753602083892 0.004406449384987354 4154
frame-000296.color.jpg 0.07624189794459565 0.15537099540233612 0.9207650423049927 -0.34962666034698486 -0.7955473065376282 3.278127670288086 -1.0625094175338745 0.2420687877352748 0.0036736479960381985 4155
frame-000297.color.jpg 0.07998313792861303 0.15595895051956177 0.9189915060997009 -0.353177011013031 -0.7708243727684021 3.262775182723999 -1.090508222579956 0.2586550483610045 0.004102546256035566 4173
frame-000298.color.jpg 0.08189385271101325 0.1565963476896286 0.9181720614433289 -0.35458576679229736 -0.7571207880973816 3.256891965866089 -1.1028456687927246 0.23672576553532654 0.004610187839716673 4190
frame-000299.color.jpg 0.08792863612406689 0.1589696854352951 0.916439950466156 -0.356560081243515 -0.7185260653495789 3.2435505390167236 -1.1246434450149536 0.23598978597183123 0.003681840607896447 4197
frame-000300.color.jpg 0.0927838724031412 0.1648167073726654 0.9184274077415466 -0.3474447429180145 -0.6720423102378845 3.261866807937622 -1.0757840871810913 0.29134123879921786 0.005690381862223148 4211
frame-000301.color.jpg 0.09451311850513704 0.16894839704036713 0.9191638827323914 -0.34301823377609253 -0.6359344720840454 3.2664005756378174 -1.0518898963928223 0.24166868806030015 0.003632516134530306 4236
frame-000302.color.jpg 0.09429309151933994 0.17546819150447845 0.9193096160888672 -0.33939599990844727 -0.5822874307632446 3.27487850189209 -1.0277276039123535 0.25629695223048404 0.00438561150804162 4222
frame-000303.color.jpg 0.09556856653202297 0.1953715682029724 0.9269441366195679 -0.3057307004928589 -0.4457107484340668 3.327639102935791 -0.8239830136299133 0.20622556913684784 0.0042592743411660194 4045
frame-000304.color.jpg 0.097675105372082 0.19736245274543762 0.9274320006370544 -0.30228713154792786 -0.43263521790504456 3.3284366130828857 -0.807506263256073 0.26265297686170985 0.0036370132584124804 4032
frame-000305.color.jpg 0.10203118271022328 0.20397473871707916 0.9282956719398499 -0.29368528723716736 -0.3926408886909485 3.33648419380188 -0.7669911980628967 0.2389047026022664 0.003509519388899207 3980
frame-000306.color.jpg 0.10004879708713565 0.20813797414302826 0.9281663298606873 -0.2918494641780853 -0.3596433401107788 3.3403146266937256 -0.7504791021347046 0.2977280526425616 0.004021646920591593 3918
frame-000307.color.jpg 0.1008822425131388 0.20895448327064514 0.9302635788917542 -0.28420138359069824 -0.3534620404243469 3.344111680984497 -0.7058391571044922 0.26600974803450667 0.004349525086581707 3779
frame-000308.color.jpg 0.095218621527905 0.20661936700344086 0.9320234060287476 -0.2820891737937927 -0.36252376437187195 3.342644214630127 -0.6806570887565613 0.14570967954392494 0.004922817461192608 3757
frame-000309.color.jpg 0.09073749389862276 0.19744418561458588 0.9346469640731812 -0.28145620226860046 -0.40891149640083313 3.3314692974090576 -0.665352463722229 0.23265964186462687 0.004111270420253277 3864
frame-000310.color.jpg 0.0866438334410254 0.18414317071437836 0.9367422461509705 -0.28477737307548523 -0.48136067390441895 3.311445713043213 -0.6736646890640259 0.1836966170463839 0.0020605423487722874 3993
frame-000311.color.jpg 0.07756559994427542 0.16667243838310242 0.9385879635810852 -0.2919870615005493 -0.566409170627594 3.2839441299438477 -0.6914225816726685 0.21827850514439315 0.002285274211317301 4022
frame-000312.color.jpg 0.0678149104882536 0.14642028510570526 0.941246747970581 -0.29667603969573975 -0.6710826754570007 3.251289129257202 -0.688750684261322 0.14709759532761268 0.001172865740954876 4071
frame-000313.color.jpg 0.06008432800782121 0.12691962718963623 0.9423905611038208 -0.30361366271972656 -0.7680526375770569 3.208880662918091 -0.7052968740463257 0.1422043250762539 0.0027058508712798357 4246
frame-000314.color.jpg 0.05115512080443006 0.10659472644329071 0.9437480568885803 -0.30880483984947205 -0.8748905658721924 3.1716067790985107 -0.7056754231452942 0.23158169927538136 0.0037527023814618587 4287
frame-000315.color.jpg 0.044568866183443565 0.0837719514966011 0.9474177956581116 -0.305606871843338 -1.0042659044265747 3.140577554702759 -0.6587141156196594 0.15357912468483745 0.0032371808774769306 4443
frame-000316.color.jpg 0.03716514327016592 0.06917477399110794 0.9497145414352417 -0.3031102120876312 -1.0893396139144897 3.1214427947998047 -0.6217529773712158 0.19834566526876873 0.00399016123265028 4514
frame-000317.color.jpg 0.030759564254886174 0.05513811483979225 0.9494102001190186 -0.30762606859207153 -1.1686985492706299 3.095608949661255 -0.6258653402328491 0.2095501503751383 0.004130145534873009 4540
frame-000318.color.jpg 0.020410983860457463 0.03488527610898018 0.9472233057022095 -0.31801652908325195 -1.2918219566345215 3.055152654647827 -0.6543992161750793 0.30941653402486324 0.005373507272452116 4378
frame-000319.color.jpg 0.01022435890682117 0.013258320279419422 0.9446274638175964 -0.3277173340320587 -1.4172570705413818 3.012871026992798 -0.670682430267334 0.2420604901226503 0.0037487333174794912 4500
frame-000320.color.jpg 0.006175196658728379 0.0009893621318042278 0.9425312876701355 -0.33405935764312744 -1.4914917945861816 2.9867136478424072 -0.6911314725875854 0.11359024806447719 0.001472796662710607 4467
frame-000321.color.jpg 0.006333622705658175 -0.01442435011267662 0.9402693510055542 -0.3400666117668152 -1.589579463005066 2.944930076599121 -0.7193219065666199 0.17280817493147285 0.0020008746068924665 4501
frame-000322.color.jpg 0.0002795020689673976 -0.02742345817387104 0.9372298121452332 -0.3476320803165436 -1.6715507507324219 2.9093236923217773 -0.7400969862937927 0.06966800957540939 0.0016972647281363606 4306
frame-000323.color.jpg 0.0008173742960449491 0.0337306372821331 -0.935004711151123 0.353026419878006 -1.7094969749450684 2.885439872741699 -0.7628194093704224 0.06972756028723545 0.0020645740441977978 4285
frame-000324.color.jpg 0.0056106312738417015 0.05015392601490021 -0.9287749528884888 0.3671923577785492 -1.8105696439743042 2.8244118690490723 -0.8179713487625122 0.11777051059951012 0.0034434099216014147 4066
frame-000325.color.jpg 0.013002462352999943 0.08125105500221252 -0.9203094840049744 0.3824393153190613 -1.9883625507354736 2.697690486907959 -0.8381699323654175 0.28741577433673815 0.006735671311616898 3993
frame-000326.color.jpg 0.014385398735135063 0.09149964153766632 -0.9183593988418579 0.3847559094429016 -2.0457043647766113 2.655700922012329 -0.8299012184143066 0.34683788650732017 0.007853113114833832 3964
frame-000327.color.jpg 0.017332357486506158 0.10586406290531158 -0.9140759110450745 0.3910979926586151 -2.1220555305480957 2.5877723693847656 -0.8270168304443359 0.33688550047381827 0.00770263746380806 3849
frame-000328.color.jpg 0.024854202508282137 0.11691542714834213 -0.9095340967178345 0.3980713486671448 -2.177473783493042 2.5395731925964355 -0.8176863193511963 0.31323989249533657 0.007047929801046848 3711
frame-000329.color.jpg 0.027069674939330213 0.12681926786899567 -0.9067286849021912 0.40128186345100403 -2.2201898097991943 2.4906668663024902 -0.8045886754989624 0.22730941594953838 0.0064238933846354485 3663
frame-000330.color.jpg 0.030700464372064785 0.13460396230220795 -0.9073165059089661 0.39713481068611145 -2.2434518337249756 2.4665541648864746 -0.7500981688499451 0.18778205734583 0.0071962452493608 3689
frame-000331.color.jpg 0.03266333204234982 0.13957151770591736 -0.908088207244873 0.3934827744960785 -2.255138874053955 2.454153299331665 -0.710750937461853 0.3158131662651389 0.009348534978926182 3660
frame-000332.color.jpg 0.028413361443164586 0.1552789956331253 -0.910088837146759 0.3831702470779419 -2.3160316944122314 2.3874354362487793 -0.6401998996734619 0.2784877832766059 0.008970907889306545 3720
frame-000333.color.jpg 0.03463488993545371 0.16182664036750793 -0.9113227128982544 0.3769661486148834 -2.3339099884033203 2.3752899169921875 -0.5736851692199707 0.3149702248720241 0.009628425352275372 3747
frame-000334.color.jpg 0.03682777368632927 0.17216238379478455 -0.9135275483131409 0.3667033314704895 -2.3692209720611572 2.340855598449707 -0.4958859980106354 0.24802009697775088 0.007854782044887543 3738
frame-000335.color.jpg 0.0383491194871771 0.180838480591774 -0.9155145883560181 0.3572952449321747 -2.3985862731933594 2.3125059604644775 -0.42906075716018677 0.23339900984228076 0.007690430618822575 3779
frame-000336.color.jpg 0.04039614226957601 0.1889115869998932 -0.9176820516586304 0.3471890985965729 -2.4248270988464355 2.286405086517334 -0.36064592003822327 0.2685365178210147 0.00861196219921112 3837
frame-000337.color.jpg 0.05067771160101617 0.20269198715686798 -0.9216298460960388 0.3270263075828552 -2.4496748447418213 2.255777359008789 -0.2134324163198471 0.22123326899172446 0.005961391609162092 3738
frame-000338.color.jpg 0.05405063296529837 0.2043539136648178 -0.9220578074455261 0.32423341274261475 -2.452285051345825 2.2553303241729736 -0.1893882006406784 0.20666983825780277 0.004881571047008038 3630
frame-000339.color.jpg 0.05414217067531631 0.2089640498161316 -0.9262968301773071 0.30883142352104187 -2.448483943939209 2.2467331886291504 -0.11415038257837296 0.16838818876482836 0.00443807290866971 3556
frame-000340.color.jpg 0.058993594134518844 0.21433934569358826 -0.9269378185272217 0.30226609110832214 -2.4548709392547607 2.232586145401001 -0.07543450593948364 0.17577362428959556 0.002815010491758585 3598
frame-000341.color.jpg 0.06205284520523614 0.2116515338420868 -0.927912175655365 0.30055296421051025 -2.405130386352539 2.26035475730896 -0.07389453798532486 0.2441760611767824 0.005009526386857033 3574
frame-000342.color.jpg 0.0647162164151261 0.18235987424850464 -0.9355252385139465 0.2955489754676819 -2.1942331790924072 2.423645496368408 -0.11958114057779312 0.4925030097390814 0.008882291615009308 3689
frame-000343.color.jpg 0.06719025135243772 0.17492030560970306 -0.9375410676002502 0.29309576749801636 -2.1393582820892334 2.4669408798217773 -0.11767787486314774 0.3662921328933677 0.005731549113988876 3704
frame-000344.color.jpg 0.06482910846388196 0.1620372086763382 -0.9407511949539185 0.29073742032051086 -2.0424752235412598 2.5283360481262207 -0.1405966728925705 0.33802451455919724 0.007415093015879393 3896
frame-000345.color.jpg 0.06135227834425151 0.15593113005161285 -0.9425104856491089 0.2891288697719574 -1.9776097536087036 2.555906295776367 -0.15775248408317566 0.3791829143325767 0.010871932841837406 4033
frame-000346.color.jpg 0.06418374498861816 0.15251657366752625 -0.943715512752533 0.2863917648792267 -1.9278147220611572 2.5859649181365967 -0.1491473913192749 0.13454082614707316 0.005455410573631525 4115
frame-000347.color.jpg 0.06314777650727367 0.14925651252269745 -0.9441162347793579 0.2870180308818817 -1.8727115392684937 2.6023190021514893 -0.16855531930923462 0.249632208384859 0.008836567401885986 4076
frame-000348.color.jpg 0.05765608181702914 0.15050053596496582 -0.9435195922851562 0.2894755005836487 -1.8584429025650024 2.5998425483703613 -0.20948906242847443 0.3589973574576618 0.007141093723475933 4087
frame-000349.color.jpg 0.046739666037629995 0.15418767929077148 -0.9437991976737976 0.28859078884124756 -1.8585846424102783 2.586592435836792 -0.24110083281993866 0.1697409264062479 0.0030632608104497194 4025
frame-000350.color.jpg 0.04537843094281458 0.16535243391990662 -0.9419886469841003 0.28854259848594666 -1.9034615755081177 2.5554497241973877 -0.25072115659713745 0.20790167354678515 0.004670807626098394 3963
frame-000351.color.jpg 0.06378592598335713 0.20996151864528656 -0.9276294708251953 0.30224332213401794 -2.099254608154297 2.416186809539795 -0.2406540811061859 0.2391316196291842 0.006855573505163193 3364
frame-000352.color.jpg 0.0713328125610165 0.23105387389659882 -0.9231750965118408 0.2987866699695587 -2.194798707962036 2.3634064197540283 -0.17789584398269653 0.6000078393975549 0.010780613869428635 3154
frame-000353.color.jpg 0.07435375341200527 0.2446950376033783 -0.9180471301078796 0.30296090245246887 -2.2403905391693115 2.313429594039917 -0.1728491634130478 0.3401197284479515 0.007622925098985434 3011
frame-000354.color.jpg 0.06945718934606214 0.2491825371980667 -0.9145635962486267 0.3108974099159241 -2.2486889362335205 2.2901151180267334 -0.23313947021961212 0.4985222206668609 0.012996632605791092 2850
frame-000355.color.jpg 0.07245499834464247 0.241133451461792 -0.9188514947891235 0.3038369417190552 -2.182966947555542 2.367166042327881 -0.2041553556919098 0.21012380622414004 0.006976000964641571 2626
frame-000356.color.jpg 0.08015971414280783 0.22716526687145233 -0.9187491536140442 0.3128425180912018 -2.0882012844085693 2.4345808029174805 -0.2557327151298523 0.7166165108068621 0.016374826431274414 2179
