frame-000000.color.jpg 0.28566050021663797 0.6986484527587891 -0.5991003513336182 0.2671463191509247 0.9482904076576233 0.5666974186897278 1.1066057682037354 0.27040313381598513 0.00823981873691082 3461
frame-000001.color.jpg 0.2609394556473513 0.7059089541435242 -0.6123374700546265 0.24216926097869873 0.9460141658782959 0.4567735493183136 1.144513726234436 0.3382294202342976 0.006396200507879257 2756
frame-000002.color.jpg 0.23573525567553572 0.706425666809082 -0.6251435875892639 0.2336387038230896 0.9128821492195129 0.3870505690574646 1.1854660511016846 0.4292606073470673 0.0069143823347985744 2910
frame-000003.color.jpg 0.20248498727555203 0.6933788657188416 -0.6515775322914124 0.231673002243042 0.8475815057754517 0.28608718514442444 1.242443323135376 0.7102229201352012 0.012004364281892776 3128
frame-000004.color.jpg 0.19132718909771557 0.6827585697174072 -0.6665186285972595 0.23019038140773773 0.8104756474494934 0.23771211504936218 1.264133334159851 0.8498449000966614 0.014367690309882164 3182
frame-000005.color.jpg 0.1880208952835312 0.6749771237373352 -0.6766581535339355 0.22624735534191132 0.7966222167015076 0.2048378586769104 1.267730712890625 0.7296228451730059 0.01207102369517088 3152
frame-000006.color.jpg 0.16119094357489225 0.6684303283691406 -0.6899710893630981 0.22618180513381958 0.7259042263031006 0.1347791850566864 1.2978966236114502 0.7456391585290099 0.012855211272835732 3059
frame-000007.color.jpg 0.14811176843218005 0.6548891663551331 -0.7067517042160034 0.22290180623531342 0.6816260814666748 0.08262408524751663 1.3141953945159912 1.0526638456838993 0.018173551186919212 2749
frame-000008.color.jpg 0.14037332212562592 0.6463966965675354 -0.7172327637672424 0.21918904781341553 0.651269793510437 0.04189443588256836 1.3161680698394775 1.2212175464741815 0.021997112780809402 2594
frame-000009.color.jpg 0.12852739391270301 0.6292239427566528 -0.733090341091156 0.22391220927238464 0.5945595502853394 0.0017549690091982484 1.3329039812088013 0.8546748576960653 0.014054515399038792 2265
frame-000010.color.jpg 0.12954154073033347 0.6157334446907043 -0.7392701506614685 0.23993943631649017 0.5449607968330383 0.030904751271009445 1.3463693857192993 0.9391886836388941 0.015074473805725574 2374
frame-000011.color.jpg 0.13614201412175048 0.6116368770599365 -0.7336426973342896 0.2629338204860687 0.5130965709686279 0.0974108949303627 1.3578667640686035 0.6714634108643771 0.011646895669400692 2728
frame-000012.color.jpg 0.16357665588885442 0.621414840221405 -0.7107676863670349 0.2861737012863159 0.5476102232933044 0.23427489399909973 1.3421223163604736 0.19704599499554903 0.009606268256902695 3331
frame-000013.color.jpg 0.19181075601319136 0.6292620301246643 -0.6918561458587646 0.29761195182800293 0.6081488132476807 0.34949392080307007 1.3138872385025024 0.17133089305940638 0.008847487159073353 3692
frame-000014.color.jpg 0.21621641577097891 0.6389566659927368 -0.6743785738945007 0.30033063888549805 0.6919196248054504 0.44165465235710144 1.2677981853485107 0.1509715799072661 0.008518198505043983 4066
frame-000015.color.jpg 0.22899240833060153 0.6417049765586853 -0.6654738187789917 0.3048308491706848 0.7494614124298096 0.5128276944160461 1.2298171520233154 0.10282042045543563 0.00856663379818201 4136
frame-000016.color.jpg 0.2416383851026016 0.6515092849731445 -0.6527853608131409 0.3016914129257202 0.8234571814537048 0.5737407207489014 1.1852529048919678 0.1440837876965578 0.008751651272177696 3945
frame-000017.color.jpg 0.2582356839516029 0.6677255630493164 -0.6308906674385071 0.2990550100803375 0.8902639746665955 0.657329261302948 1.1252349615097046 0.13702329308546868 0.009515110403299332 3846
frame-000018.color.jpg 0.2690666577758706 0.6770535707473755 -0.6157605648040771 0.3000675141811371 0.9258072376251221 0.721785306930542 1.0874512195587158 0.24641932475188202 0.008089331910014153 3899
frame-000019.color.jpg 0.2791765059738508 0.6850501298904419 -0.6016280651092529 0.30134791135787964 0.9559482336044312 0.7807400822639465 1.0476914644241333 0.2550563390812012 0.006908518262207508 3971
frame-000020.color.jpg 0.29190717967487134 0.6981532573699951 -0.5817514061927795 0.29822394251823425 0.9991483688354492 0.8512585163116455 0.9892138242721558 0.2863171010561446 0.005841193255037069 4006
frame-000021.color.jpg 0.30397109355808144 0.7020547986030579 -0.5700922012329102 0.2995256185531616 1.028403401374817 0.904729962348938 0.937144935131073 0.29253324021151733 0.007821931503713131 4048
frame-000022.color.jpg 0.32949488671563687 0.6964856386184692 -0.56203293800354 0.3007655143737793 1.0906319618225098 0.9603264331817627 0.854381263256073 0.35849400453234365 0.007981915026903152 3977
frame-000023.color.jpg 0.3420129794225848 0.6953926086425781 -0.5543456077575684 0.3035740554332733 1.1218504905700684 1.0130071640014648 0.7846194505691528 0.31208524368006063 0.006644533947110176 3990
frame-000024.color.jpg 0.35214902375968965 0.6930368542671204 -0.5448926687240601 0.31429776549339294 1.1309905052185059 1.0766180753707886 0.7187443375587463 0.17349795733657802 0.004822124261409044 3915
frame-000025.color.jpg 0.35458402915296516 0.6913992762565613 -0.5429326295852661 0.3185301721096039 1.1334667205810547 1.0979230403900146 0.698091983795166 0.19963155510172942 0.006565014366060495 3926
frame-000026.color.jpg 0.36243948392020114 0.6860799193382263 -0.5414389371871948 0.3236910402774811 1.1455295085906982 1.120362639427185 0.6641418933868408 0.17199098014987785 0.005670206621289253 3907
frame-000027.color.jpg 0.36008704056633717 0.6817281246185303 -0.5441599488258362 0.330868661403656 1.1393793821334839 1.1354541778564453 0.6647535562515259 0.28103066804068694 0.009027287364006042 3884
frame-000028.color.jpg 0.36580700066255767 0.6709736585617065 -0.5438812971115112 0.346659392118454 1.1308040618896484 1.1754730939865112 0.647071897983551 0.5134127801094291 0.013292361982166767 3507
frame-000029.color.jpg 0.383683671582757 0.6693131327629089 -0.5305140018463135 0.351228803396225 1.1301560401916504 1.2213454246520996 0.5798628926277161 0.26500752449551307 0.007719092071056366 3330
frame-000030.color.jpg 0.3867858005052199 0.6703689694404602 -0.5210028290748596 0.35994186997413635 1.0971510410308838 1.2584137916564941 0.5603631734848022 0.07613636547207675 0.0019017921295017004 3220
frame-000031.color.jpg 0.39423847111939136 0.6687949895858765 -0.5142183303833008 0.3645119071006775 1.0837081670761108 1.288550853729248 0.5270025134086609 0.30117719145171223 0.008045434951782227 3174
frame-000032.color.jpg 0.3990122066828133 0.6659873723983765 -0.5095564126968384 0.370947927236557 1.0494059324264526 1.3060935735702515 0.5095245838165283 0.1725709325795207 0.005368627142161131 3045
frame-000033.color.jpg 0.38725823393267855 0.6646694540977478 -0.5179225206375122 0.37416815757751465 1.0000104904174805 1.2983076572418213 0.556150496006012 0.2400702103511056 0.006454402580857277 3278
frame-000034.color.jpg 0.37724244818577535 0.6605275273323059 -0.529094934463501 0.3760986030101776 0.959290623664856 1.2673158645629883 0.5971412658691406 0.10244047117253384 0.005215747747570276 3568
frame-000035.color.jpg 0.3652740623814725 0.6532960534095764 -0.5468272566795349 0.3751787841320038 0.9076790809631348 1.2271091938018799 0.6464137434959412 0.13647391642453222 0.007033761125057936 3883
frame-000036.color.jpg 0.3676430143780796 0.6434276103973389 -0.5574053525924683 0.3743511140346527 0.8706251382827759 1.1978299617767334 0.6485888957977295 0.26098264876409794 0.011924915947020054 3932
frame-000037.color.jpg 0.3600590148344913 0.6341995000839233 -0.5709818005561829 0.3769989311695099 0.8022626042366028 1.1654224395751953 0.6745868921279907 0.2788847079808336 0.010257711634039879 3954
frame-000038.color.jpg 0.34644773196637363 0.6198706030845642 -0.5925260186195374 0.38032522797584534 0.7430978417396545 1.1190134286880493 0.7237777709960938 0.26778874550903053 0.007357501890510321 4018
frame-000039.color.jpg 0.33193605461219977 0.5989779233932495 -0.618127167224884 0.3859567642211914 0.6969265341758728 1.0773978233337402 0.7707638740539551 0.19932427663035818 0.006553638726472855 4022
frame-000040.color.jpg 0.3109151446696285 0.5748892426490784 -0.6475276350975037 0.39184433221817017 0.6461456418037415 1.0302363634109497 0.8207952380180359 0.20202192120803555 0.007271111477166414 4148
frame-000041.color.jpg 0.2811445644242481 0.5594717860221863 -0.6786161065101624 0.38396501541137695 0.5860150456428528 0.9753205180168152 0.8668036460876465 0.27517690243729515 0.009421426802873611 4351
frame-000042.color.jpg 0.2663169416952841 0.5490691065788269 -0.6951590180397034 0.3799373209476471 0.5386983156204224 0.9555449485778809 0.869411289691925 0.17366656429149951 0.006070584058761597 4430
frame-000043.color.jpg 0.25079830474727194 0.5396824479103088 -0.7083932161331177 0.3795025646686554 0.4869607388973236 0.9446847438812256 0.8691236972808838 0.4272507708229381 0.01019295584410429 4257
frame-000044.color.jpg 0.24871465321047548 0.5299724340438843 -0.716487467288971 0.3793625831604004 0.4652738571166992 0.9307782649993896 0.8465866446495056 0.2765526786269502 0.006973513402044773 4118
frame-000045.color.jpg 0.24230797984268368 0.5068137645721436 -0.7294669151306152 0.3902623951435089 0.4350549578666687 0.9301290512084961 0.8493309020996094 0.3794238119029519 0.008004485629498959 3839
frame-000046.color.jpg 0.2309797235679986 0.4898951053619385 -0.7445811033248901 0.39019232988357544 0.40172097086906433 0.893905758857727 0.8767573833465576 0.3977680991880194 0.007555466145277023 3600
frame-000047.color.jpg 0.23636936643156936 0.4885384440422058 -0.7459105849266052 0.3861050605773926 0.3868054151535034 0.8816530108451843 0.8793545961380005 0.40434060879942285 0.008565686643123627 3581
frame-000048.color.jpg 0.23877688630043944 0.5011844635009766 -0.7381653785705566 0.3832906484603882 0.32574495673179626 0.872702956199646 0.8906819820404053 0.3129395776152676 0.00572214787825942 3794
frame-000049.color.jpg 0.23863519217765392 0.5231606960296631 -0.7263445258140564 0.37653642892837524 0.23803913593292236 0.8472430109977722 0.9202338457107544 0.2318363372653759 0.004222668707370758 3958
frame-000050.color.jpg 0.23464148593173093 0.5324952006340027 -0.7208337783813477 0.3765513300895691 0.1650579869747162 0.8246309161186218 0.9352355599403381 0.08725705402908805 0.0016593362670391798 3899
frame-000051.color.jpg 0.2386274358984236 0.5424928665161133 -0.7121938467025757 0.3762158155441284 0.12020819634199142 0.8090046048164368 0.9441250562667847 0.137097838196957 0.003575701266527176 3844
frame-000052.color.jpg 0.23548640289872091 0.5519290566444397 -0.70900559425354 0.37044766545295715 0.08010276407003403 0.7883378267288208 0.9627849459648132 0.19694747752089953 0.005509052891284227 3655
frame-000053.color.jpg 0.23587983343115346 0.5460853576660156 -0.7149949669837952 0.3673332929611206 0.04992835968732834 0.7789245247840881 0.9643638134002686 0.23070815543313375 0.00385261164046824 3687
frame-000054.color.jpg 0.24957695028959642 0.539030909538269 -0.7155898809432983 0.3675432503223419 0.029486775398254395 0.7955618500709534 0.9454031586647034 0.1787611783810282 0.00626203790307045 3671
frame-000055.color.jpg 0.23545106640583355 0.548934280872345 -0.7182905673980713 0.3567810356616974 -0.0266340933740139 0.7643311023712158 0.9578508138656616 0.23879296497631322 0.008114583790302277 3478
frame-000056.color.jpg 0.23467034024766775 0.5550893545150757 -0.7127895951271057 0.35879889130592346 -0.061627063900232315 0.7704455256462097 0.9436413645744324 0.08689626129237403 0.004580067470669746 3534
frame-000057.color.jpg 0.2428245842958663 0.566093385219574 -0.7070542573928833 0.3473453223705292 -0.06133076921105385 0.7630668878555298 0.9462071657180786 0.2273769441088716 0.007035381160676479 3597
frame-000058.color.jpg 0.24560279325711598 0.5686755180358887 -0.7047021985054016 0.3459511399269104 -0.06724032014608383 0.7673068642616272 0.943784773349762 0.044273966550897006 0.004163728095591068 3665
frame-000059.color.jpg 0.25254677067205156 0.5879695415496826 -0.6938825249671936 0.33021050691604614 -0.07010254263877869 0.7402217984199524 0.9541252255439758 0.5884923005394721 0.014263585209846497 3625
frame-000060.color.jpg 0.27411757299850525 0.6077521443367004 -0.6709297895431519 0.3245769739151001 -0.06275083869695663 0.769245445728302 0.9498266577720642 0.4071697745392626 0.009977749548852444 4009
frame-000061.color.jpg 0.2803658585384956 0.6554878354072571 -0.627108097076416 0.3137930631637573 -0.10676191747188568 0.734177827835083 0.9701732397079468 0.10664993543431121 0.0022336181718856096 4388
frame-000062.color.jpg 0.2925719441272291 0.6771316528320312 -0.5976523756980896 0.31417524814605713 -0.14830344915390015 0.7213971614837646 0.9820172786712646 0.12666351028035927 0.0027916713152080774 4484
frame-000063.color.jpg 0.29468841931601425 0.6877607107162476 -0.5856390595436096 0.3117223083972931 -0.17882466316223145 0.6956576108932495 1.001784324645996 0.08712506595946284 0.001973718637600541 4360
frame-000064.color.jpg 0.2953241170671053 0.6874186396598816 -0.5865142941474915 0.31022581458091736 -0.20025759935379028 0.6754469871520996 1.0115516185760498 0.03234365044824127 0.0009293373441323638 4175
frame-000065.color.jpg 0.2871051070698802 0.6868858337402344 -0.5947948098182678 0.3032782971858978 -0.223761647939682 0.6295103430747986 1.0302234888076782 0.18727412872737642 0.004154534544795752 4100
frame-000066.color.jpg 0.2811454796323914 0.6759098768234253 -0.6115427613258362 0.3001977503299713 -0.23470935225486755 0.6126543879508972 1.0360107421875 0.21070950828568186 0.004692811984568834 4090
frame-000067.color.jpg 0.27398183281537164 0.6618497371673584 -0.6327186226844788 0.2942042052745819 -0.21950164437294006 0.5708026885986328 1.0409501791000366 0.3312696175526133 0.0061911409720778465 3675
frame-000068.color.jpg 0.2687458552330239 0.6681327819824219 -0.6304703950881958 0.2896229326725006 -0.23238269984722137 0.5370221734046936 1.0586717128753662 0.2579048748106403 0.0035787324886769056 3844
frame-000069.color.jpg 0.2774382882104786 0.6794807314872742 -0.6138143539428711 0.29080209136009216 -0.24451856315135956 0.5163395404815674 1.0683515071868896 0.10208198629270734 0.002625713823363185 3897
frame-000070.color.jpg 0.2986604883355784 0.6925438046455383 -0.585564374923706 0.29715198278427124 -0.25795242190361023 0.516639232635498 1.076930046081543 0.08162708384271992 0.0017839607317000628 4106
frame-000071.color.jpg 0.3051590100303489 0.6987574100494385 -0.5741976499557495 0.2981829047203064 -0.2749269902706146 0.4869605004787445 1.077769160270691 0.13353552101882513 0.0024329316802322865 4235
frame-000072.color.jpg 0.3185835496758428 0.6958082318305969 -0.5674412250518799 0.30391764640808105 -0.2857707142829895 0.4979602098464966 1.058971881866455 0.16287719994019334 0.004217165522277355 4456
frame-000073.color.jpg 0.32271848266996506 0.6954028010368347 -0.556999683380127 0.31940415501594543 -0.32668739557266235 0.4702003300189972 1.016839861869812 0.049570508112924135 0.0011897896183654666 4394
frame-000074.color.jpg 0.31232641838427416 0.6985975503921509 -0.5581463575363159 0.32075899839401245 -0.35681989789009094 0.4254143536090851 0.993627667427063 0.16328344945346362 0.003236054675653577 4246
frame-000075.color.jpg 0.31875383231474924 0.6851092576980591 -0.5708900094032288 0.3211011290550232 -0.3612339496612549 0.4225236177444458 0.9546332359313965 0.10446829030408715 0.002653395524248481 4170
frame-000076.color.jpg 0.32575625485754955 0.6882609724998474 -0.5612434148788452 0.32432323694229126 -0.3613833487033844 0.41313090920448303 0.9284340143203735 0.10349229362428936 0.0013136542402207851 3975
frame-000077.color.jpg 0.3502903023642087 0.692417562007904 -0.5305814743041992 0.34108319878578186 -0.3492748439311981 0.4430718719959259 0.8995280265808105 0.23531266342907436 0.006216014735400677 4140
frame-000078.color.jpg 0.36678169091677143 0.689492404460907 -0.5122946500778198 0.35724717378616333 -0.34749293327331543 0.45698994398117065 0.8626468777656555 0.1510060510182335 0.004262528847903013 4153
frame-000079.color.jpg 0.3912871343902961 0.6852091550827026 -0.49119317531585693 0.36893364787101746 -0.33296701312065125 0.4753229022026062 0.8298853635787964 0.10856831812669226 0.004533114843070507 3953
frame-000080.color.jpg 0.4187399677158769 0.6714668273925781 -0.4782361090183258 0.38089290261268616 -0.3170047402381897 0.5061256885528564 0.7949111461639404 0.08573914453765188 0.004870804492384195 3695
frame-000081.color.jpg 0.4360685757785448 0.6580957174301147 -0.47807976603507996 0.3849596381187439 -0.3029670715332031 0.5318363904953003 0.7778421640396118 0.0794058716400774 0.005408300086855888 3531
frame-000082.color.jpg 0.43524460510484003 0.6560782790184021 -0.4771232306957245 0.3904828429222107 -0.3134990632534027 0.5204489231109619 0.7703753113746643 0.21977897230704066 0.00618234695866704 3399
frame-000083.color.jpg 0.4390208719280059 0.6499536037445068 -0.4772089421749115 0.3963490128517151 -0.3170687258243561 0.529604971408844 0.7658792734146118 0.036736669373856126 0.003587965387851 3297
frame-000084.color.jpg 0.44026342570027793 0.6514379382133484 -0.47814616560935974 0.39137303829193115 -0.3113000690937042 0.5278131365776062 0.7793232798576355 0.09194910717430252 0.00525098480284214 3384
frame-000085.color.jpg 0.4205018889072976 0.6632954478263855 -0.4932507574558258 0.37406015396118164 -0.31238648295402527 0.49575480818748474 0.8224081993103027 0.12494236931058217 0.005249192006886005 3804
frame-000086.color.jpg 0.4048174992407316 0.6669816970825195 -0.5017104148864746 0.3735569417476654 -0.3454388380050659 0.5024346709251404 0.8514681458473206 0.08829420891640523 0.0031262305565178394 4068
frame-000087.color.jpg 0.39094252491005327 0.6673774719238281 -0.5151307582855225 0.3693392872810364 -0.3844078779220581 0.5150309205055237 0.8915326595306396 0.16821659360214503 0.005456103477627039 4092
frame-000088.color.jpg 0.3714090268916754 0.6656159162521362 -0.5322554111480713 0.3683951199054718 -0.4621407985687256 0.5236505270004272 0.92076575756073 0.20324010945889112 0.003552657086402178 3867
frame-000089.color.jpg 0.35781891120852505 0.6529310345649719 -0.5439192056655884 0.3870382606983185 -0.5488074421882629 0.5507379770278931 0.900511622428894 0.197823169137476 0.005375185515731573 3959
frame-000090.color.jpg 0.34058623021196965 0.6398507952690125 -0.5658379197120667 0.39296236634254456 -0.6200796365737915 0.5575727224349976 0.8869225978851318 0.07352003616409825 0.0036548771895468235 4047
frame-000091.color.jpg 0.31429214840022374 0.6318367719650269 -0.6012645959854126 0.3748115599155426 -0.6631033420562744 0.5434269309043884 0.8906302452087402 0.06311120139496905 0.004184826742857695 4338
frame-000092.color.jpg 0.2935791387105336 0.6327751874923706 -0.6147900223731995 0.3680218458175659 -0.7076607346534729 0.5253928303718567 0.8744422197341919 0.16718422118126816 0.008277714252471924 4202
frame-000093.color.jpg 0.27726351153471523 0.6276392340660095 -0.6338849067687988 0.3569088578224182 -0.747871994972229 0.5330732464790344 0.861487627029419 0.10817244062920259 0.0051361387595534325 4162
frame-000094.color.jpg 0.2607813331844238 0.6265556812286377 -0.6457479000091553 0.34990110993385315 -0.7944538593292236 0.5315675139427185 0.8421482443809509 0.13814963396828608 0.005727843381464481 3868
frame-000095.color.jpg 0.2522627802041991 0.6169558167457581 -0.6602850556373596 0.34605279564857483 -0.8146342635154724 0.5545185208320618 0.8222478628158569 0.08115462018111884 0.002320905216038227 3813
frame-000096.color.jpg 0.254847419263621 0.6099708080291748 -0.6634896397590637 0.3503853380680084 -0.8353888988494873 0.5919529795646667 0.8055838346481323 0.16992104596518054 0.0018299540970474482 3749
frame-000097.color.jpg 0.26581868193056213 0.6218830347061157 -0.6558490991592407 0.3353565037250519 -0.8272820711135864 0.5883768796920776 0.8446234464645386 0.1498907825123909 0.001517413416877389 3871
frame-000098.color.jpg 0.27143374625974037 0.6507176160812378 -0.6307212710380554 0.3241617679595947 -0.8373856544494629 0.5362746715545654 0.8910272121429443 0.10055448518796407 0.001394286286085844 3893
frame-000099.color.jpg 0.27384195968736114 0.6657664775848389 -0.6170592904090881 0.3178103566169739 -0.842231035232544 0.507245659828186 0.9147783517837524 0.1272957963664747 0.00402933219447732 3839
frame-000100.color.jpg 0.2774749374631111 0.6864443421363831 -0.598802924156189 0.3053469657897949 -0.8425158262252808 0.477832555770874 0.9540775418281555 0.26240170060544743 0.004634902346879244 3761
frame-000101.color.jpg 0.280980051607486 0.6991543173789978 -0.5853888988494873 0.29925480484962463 -0.8368446826934814 0.4559677839279175 0.9790997505187988 0.2681232113349496 0.006052996497601271 3600
frame-000102.color.jpg 0.28421912992583187 0.713196337223053 -0.5733616352081299 0.2860540449619293 -0.81826251745224 0.4394872188568115 1.0161075592041016 0.2496741500152311 0.006047246512025595 3426
frame-000103.color.jpg 0.27142479700924027 0.7275206446647644 -0.5691185593605042 0.27045556902885437 -0.8178667426109314 0.4336470663547516 1.0322651863098145 0.4548820076255338 0.006534891668707132 3467
frame-000104.color.jpg 0.2759488424032609 0.7280898094177246 -0.5669934749603271 0.2688043713569641 -0.8142622709274292 0.46878582239151 1.0232353210449219 0.28818489098987865 0.004065527580678463 3597
frame-000105.color.jpg 0.2766710809577787 0.7119188904762268 -0.5816647410392761 0.2798048257827759 -0.827927827835083 0.5833683609962463 0.9566785097122192 0.26304093694265185 0.003505911212414503 4004
frame-000106.color.jpg 0.27767627209091683 0.7069107294082642 -0.5820202827453613 0.29056063294410706 -0.8395780324935913 0.6370842456817627 0.9012526273727417 0.09037530218946332 0.0026057485956698656 4119
frame-000107.color.jpg 0.27779628829741027 0.702735185623169 -0.5835462212562561 0.2974329888820648 -0.8501648902893066 0.675808310508728 0.8570132851600647 0.17415370885775217 0.006854266859591007 4155
frame-000108.color.jpg 0.28082067909314595 0.7007739543914795 -0.581142783164978 0.30385622382164 -0.8557093739509583 0.7052097320556641 0.8194699287414551 0.19190535717040208 0.006391913630068302 4198
frame-000109.color.jpg 0.29523858283214965 0.7114195227622986 -0.5588120818138123 0.3073197603225708 -0.8765727877616882 0.730334997177124 0.7968210577964783 0.6415195947387767 0.014210731722414494 3957
frame-000110.color.jpg 0.3060240440926541 0.7228022217750549 -0.5304153561592102 0.32025882601737976 -0.9042744040489197 0.7223340272903442 0.7684916257858276 0.552008845087849 0.013526709750294685 4034
frame-000111.color.jpg 0.3146215630173642 0.7390174269676208 -0.5049666166305542 0.3160302937030792 -0.9210865497589111 0.7103685140609741 0.7816479802131653 0.336028151650423 0.00899150874465704 3901
frame-000112.color.jpg 0.3240610719085412 0.7465924024581909 -0.49088770151138306 0.31082695722579956 -0.9204049110412598 0.7214248776435852 0.7878127694129944 0.38434002732105366 0.009418627247214317 3698
frame-000113.color.jpg 0.3318875880740479 0.7478507161140442 -0.48500290513038635 0.3087751567363739 -0.9163829684257507 0.7433262467384338 0.7807554602622986 0.28896750793880044 0.006225944962352514 3863
frame-000114.color.jpg 0.3378181237143301 0.7459495663642883 -0.48094648122787476 0.3132549226284027 -0.9163417816162109 0.7676805853843689 0.7546506524085999 0.34166473858254953 0.008025037124752998 4008
frame-000115.color.jpg 0.34139063115344215 0.7370214462280273 -0.4919113218784332 0.3134884834289551 -0.8844471573829651 0.8177829384803772 0.72662353515625 0.515081907587851 0.010205586440861225 4090
frame-000116.color.jpg 0.344702863184329 0.7319325804710388 -0.49880120158195496 0.31088903546333313 -0.8446698188781738 0.8567084074020386 0.7134198546409607 0.2735148185914548 0.005066583398729563 4206
frame-000117.color.jpg 0.34485437558917503 0.7279130816459656 -0.5031252503395081 0.31318235397338867 -0.7941469550132751 0.89154452085495 0.6846805810928345 0.21033694281079882 0.004454019945114851 4351
frame-000118.color.jpg 0.34536647468897347 0.7270083427429199 -0.5035998821258545 0.3139556050300598 -0.7762187123298645 0.9049661755561829 0.6761367321014404 0.3458555932468813 0.007964842021465302 4373
frame-000119.color.jpg 0.3482705203830618 0.7238656878471375 -0.5051802396774292 0.3154662251472473 -0.7383182644844055 0.9332691431045532 0.6600345373153687 0.272603041698111 0.007199846673756838 4407
frame-000120.color.jpg 0.35013744018455695 0.7231804728507996 -0.5043909549713135 0.3162333369255066 -0.7006264328956604 0.9520481824874878 0.6496564149856567 0.12486255481487088 0.002779183676466346 4414
frame-000121.color.jpg 0.3538274099647637 0.7221782207489014 -0.504480242729187 0.31426799297332764 -0.6478794813156128 0.9696208834648132 0.6431697607040405 0.20283216573854154 0.004789130762219429 4411
frame-000122.color.jpg 0.3561627384516737 0.7258104681968689 -0.4993390440940857 0.3114606440067291 -0.6208545565605164 0.9720553159713745 0.6416241526603699 0.15680550861359577 0.003657708643004298 4480
frame-000123.color.jpg 0.3571538153901208 0.7287396192550659 -0.49535292387008667 0.3098473846912384 -0.5930045247077942 0.9790747761726379 0.6408184766769409 0.3728128024361878 0.008842041715979576 4370
frame-000124.color.jpg 0.36482813527912167 0.732081413269043 -0.48839500546455383 0.30401867628097534 -0.5561612248420715 0.9840372800827026 0.6407037973403931 0.1769035803701963 0.0054192622192204 4363
frame-000125.color.jpg 0.36953331487608965 0.7388968467712402 -0.48139241337776184 0.29281020164489746 -0.512954592704773 0.9837874174118042 0.6542260646820068 0.12979141675510777 0.005032849032431841 4403
frame-000126.color.jpg 0.3705090065461102 0.7433679699897766 -0.47774824500083923 0.28615352511405945 -0.48887407779693604 0.9824846982955933 0.6629694700241089 0.1638641222546205 0.004573821555823088 4336
frame-000127.color.jpg 0.3747350674985315 0.7486317753791809 -0.46793439984321594 0.2831282317638397 -0.4674951136112213 0.9803890585899353 0.6619787216186523 0.11522350370954328 0.0034855494741350412 4360
frame-000128.color.jpg 0.3801274983595724 0.7557307481765747 -0.45565128326416016 0.2770489454269409 -0.44170135259628296 0.9801044464111328 0.6729071140289307 0.0493448050454096 0.001149990945123136 4301
frame-000129.color.jpg 0.3859552236503545 0.7604936361312866 -0.4465267062187195 0.27074337005615234 -0.4120689034461975 0.9804043769836426 0.6810363531112671 0.17523157140571835 0.0036525384057313204 4354
frame-000130.color.jpg 0.39289228373793966 0.7682480812072754 -0.43216124176979065 0.26204419136047363 -0.38307586312294006 0.9756491780281067 0.694132924079895 0.11755034372048298 0.003263140330091119 4403
frame-000131.color.jpg 0.3990366916300373 0.7759349346160889 -0.4171137511730194 0.25438329577445984 -0.36076486110687256 0.9654180407524109 0.7050949931144714 0.11287637323429185 0.0035045065451413393 4359
frame-000132.color.jpg 0.4034707441793047 0.7864516377449036 -0.40153640508651733 0.23973655700683594 -0.32534778118133545 0.9522792100906372 0.7288422584533691 0.16805237557737382 0.003607085207477212 4254
frame-000133.color.jpg 0.4043151446395785 0.7985746264457703 -0.3843400180339813 0.2260323166847229 -0.2975939214229584 0.9352846741676331 0.7526254057884216 0.1852958284673057 0.003942899871617556 3935
frame-000134.color.jpg 0.4076141849484525 0.8061339855194092 -0.3705280125141144 0.2161196768283844 -0.27236413955688477 0.9282441735267639 0.766241192817688 0.251892867598001 0.004675819538533688 3689
frame-000135.color.jpg 0.4103869415382456 0.8163219094276428 -0.3513939380645752 0.2042628824710846 -0.2475290447473526 0.9139519929885864 0.7844998240470886 0.2725592591183142 0.004542103968560696 3317
frame-000136.color.jpg 0.4096167055557406 0.8281071186065674 -0.331889808177948 0.19053076207637787 -0.22238239645957947 0.8894719481468201 0.8025442957878113 0.39035715717557046 0.00522304093465209 3099
frame-000137.color.jpg 0.40218609093291435 0.8369726538658142 -0.3223905861377716 0.18381303548812866 -0.2203151434659958 0.8567067980766296 0.8252407312393188 0.5039349321406844 0.00887727178633213 2892
frame-000138.color.jpg 0.39173380528718177 0.8415696620941162 -0.32450172305107117 0.1816692054271698 -0.2360636442899704 0.8270533680915833 0.8378584980964661 0.4311224742261304 0.007507215719670057 2911
frame-000139.color.jpg 0.3808537787913 0.8373878002166748 -0.34357282519340515 0.18891750276088715 -0.2725045680999756 0.8097867369651794 0.8405047059059143 0.3350414561196206 0.008868951350450516 3125
frame-000140.color.jpg 0.373863983103013 0.8294103741645813 -0.3655935525894165 0.19658473134040833 -0.30488520860671997 0.8066049218177795 0.8374887108802795 0.20819549174301472 0.011437780223786831 3598
frame-000141.color.jpg 0.36798554900640906 0.8156456351280212 -0.39386558532714844 0.21018728613853455 -0.3499453663825989 0.8170626759529114 0.8215811252593994 0.1954984635606519 0.008319518528878689 3932
frame-000142.color.jpg 0.36642323088993844 0.8063642382621765 -0.40958863496780396 0.2185126543045044 -0.37498584389686584 0.8323923945426941 0.8085676431655884 0.1498266827878559 0.00474904989823699 4140
frame-000143.color.jpg 0.363879734976276 0.7918395400047302 -0.4323384761810303 0.23165763914585114 -0.4093661904335022 0.8558228015899658 0.7906530499458313 0.0463499438521842 0.0036641114857047796 4316
frame-000144.color.jpg 0.3639103809937224 0.7811195254325867 -0.44704777002334595 0.23993715643882751 -0.4286322295665741 0.8716855049133301 0.7736837863922119 0.18507005869872503 0.005193154793232679 4291
frame-000145.color.jpg 0.36303437157024065 0.7720118761062622 -0.45887213945388794 0.24827399849891663 -0.45031431317329407 0.8890479207038879 0.7606235146522522 0.13001703978134296 0.004694875329732895 4329
frame-000146.color.jpg 0.36248714703173546 0.7616010308265686 -0.4722628593444824 0.25599753856658936 -0.4692663252353668 0.9082412719726562 0.7482678294181824 0.22678586594140104 0.006384669337421656 4310
frame-000147.color.jpg 0.3624730370718561 0.7545722126960754 -0.4804593324661255 0.2615204453468323 -0.482174813747406 0.9157386422157288 0.7364640831947327 0.22423388315190212 0.006687826011329889 4300
frame-000148.color.jpg 0.3586377294340783 0.7454311847686768 -0.494800865650177 0.2662392854690552 -0.49820786714553833 0.9266120195388794 0.7297033667564392 0.2962394982903219 0.006694601848721504 4275
frame-000149.color.jpg 0.3564270574474199 0.7351411581039429 -0.508327841758728 0.2722682058811188 -0.5108526945114136 0.9350178241729736 0.7167863845825195 0.13515002032410012 0.0047588106244802475 4342
frame-000150.color.jpg 0.3546383113115321 0.7233036756515503 -0.5226975679397583 0.27901747822761536 -0.5320837497711182 0.950766921043396 0.7011731863021851 0.21316897669648147 0.007279223762452602 4324
frame-000151.color.jpg 0.3523506283829922 0.7145078182220459 -0.5342425107955933 0.2826882004737854 -0.544502317905426 0.963374137878418 0.6908442974090576 0.2617435478458932 0.008363835513591766 4381
frame-000152.color.jpg 0.34887376530115705 0.7032455205917358 -0.5490142107009888 0.28690803050994873 -0.5697900652885437 0.9769066572189331 0.678613543510437 0.6704471000602203 0.017721109092235565 4431
frame-000153.color.jpg 0.3464819506669276 0.6934453248977661 -0.5602510571479797 0.29189497232437134 -0.5881780385971069 0.9889481663703918 0.660477876663208 0.8472848064575231 0.020346596837043762 4401
frame-000154.color.jpg 0.3426794147166348 0.6802855134010315 -0.573632538318634 0.3012111186981201 -0.6115238666534424 1.0039433240890503 0.629589319229126 0.8532578068866993 0.019902464002370834 4283
frame-000155.color.jpg 0.33758574485372633 0.6735573410987854 -0.5817704200744629 0.30643025040626526 -0.6277464628219604 1.0160807371139526 0.6171251535415649 0.5696827599780503 0.013953081332147121 4323
frame-000156.color.jpg 0.33320655439590513 0.6615346670150757 -0.5931803584098816 0.31540822982788086 -0.650161862373352 1.041661024093628 0.591366708278656 0.2302431156001911 0.006568186450749636 4343
frame-000157.color.jpg 0.3311881555745505 0.6545068025588989 -0.5990167260169983 0.32111382484436035 -0.6636751890182495 1.0494756698608398 0.5717675685882568 0.3334230214514449 0.008419984020292759 4349
frame-000158.color.jpg 0.3209339396095695 0.6335131525993347 -0.616705596446991 0.33961251378059387 -0.6989447474479675 1.093643307685852 0.5161764025688171 0.046555299759480855 0.004566557705402374 4324
frame-000159.color.jpg 0.3228326652894833 0.6240760684013367 -0.6218180060386658 0.3459055721759796 -0.709771454334259 1.1143932342529297 0.49388447403907776 0.31625987664511357 0.008970423601567745 4344
frame-000160.color.jpg 0.3195009429326774 0.6085783839225769 -0.632280707359314 0.357452929019928 -0.7168351411819458 1.1436485052108765 0.4563722610473633 0.18040342532980638 0.00407740194350481 4322
frame-000161.color.jpg 0.32046704546490845 0.5967431664466858 -0.63791823387146 0.3664133548736572 -0.7282469272613525 1.1634230613708496 0.4225316345691681 0.11622856871395329 0.0043496014550328255 4406
frame-000162.color.jpg 0.31964180182987073 0.582825779914856 -0.6454009413719177 0.3762986958026886 -0.7370061874389648 1.1856045722961426 0.38557425141334534 0.14562346174586677 0.0050706383772194386 4353
frame-000163.color.jpg 0.3142733623651759 0.5715734958648682 -0.6541332006454468 0.3829435408115387 -0.7514724731445312 1.2037936449050903 0.35907700657844543 0.19420770454986494 0.007018416188657284 4293
frame-000164.color.jpg 0.3119261799291526 0.5648286938667297 -0.6592185497283936 0.38613662123680115 -0.7579530477523804 1.2097684144973755 0.34353283047676086 0.16948120579501552 0.005945609416812658 4300
frame-000165.color.jpg 0.3036002695354234 0.5562756657600403 -0.6686518788337708 0.3889586627483368 -0.7738937139511108 1.2213692665100098 0.3257768750190735 0.13819065512394582 0.003944289870560169 4248
frame-000166.color.jpg 0.3006340728417338 0.5509989857673645 -0.6731691360473633 0.39097651839256287 -0.786463737487793 1.2270829677581787 0.3089580237865448 0.11307198078077603 0.005384976975619793 4230
frame-000167.color.jpg 0.29650483950519974 0.5464559197425842 -0.6772177219390869 0.3935060203075409 -0.8050771355628967 1.2335268259048462 0.2923200726509094 0.16371798021876602 0.005528241861611605 4150
frame-000168.color.jpg 0.2929801267831642 0.5451921820640564 -0.6782925128936768 0.39603951573371887 -0.8343746662139893 1.2290364503860474 0.27809739112854004 0.09681288888433257 0.0039916932582855225 4084
frame-000169.color.jpg 0.28962680436722743 0.5457727909088135 -0.6790528297424316 0.39640331268310547 -0.8601757287979126 1.225977897644043 0.27408650517463684 0.19512512435340196 0.005089215002954006 4080
frame-000170.color.jpg 0.28431719185069754 0.5433440208435059 -0.6836345195770264 0.3957081139087677 -0.8687021732330322 1.2272838354110718 0.27222171425819397 0.05843576348532343 0.0027464106678962708 4011
frame-000171.color.jpg 0.2787754949690433 0.5381784439086914 -0.6908047795295715 0.3942549228668213 -0.8674896359443665 1.2342095375061035 0.26868322491645813 0.016139400168356258 0.0019549764692783356 3940
frame-000172.color.jpg 0.2714315663162677 0.5322518348693848 -0.6993940472602844 0.39227649569511414 -0.859757661819458 1.2434581518173218 0.2626561224460602 0.12807574527275198 0.003789355047047138 3877
frame-000173.color.jpg 0.26314403756868743 0.5130602717399597 -0.7162311673164368 0.3931123614311218 -0.8222392797470093 1.271822214126587 0.23829737305641174 0.09523214698861758 0.0015890717040747404 3823
frame-000174.color.jpg 0.2509990941061905 0.4791507422924042 -0.7403794527053833 0.3990641236305237 -0.7486793398857117 1.3240031003952026 0.19191347062587738 0.18986482481564754 0.0042597283609211445 3727
frame-000175.color.jpg 0.23918307108382755 0.4313248097896576 -0.7683001160621643 0.4080016314983368 -0.6477640867233276 1.3876127004623413 0.12865860760211945 0.3257886575479425 0.004577525891363621 3716
frame-000176.color.jpg 0.2323980986314284 0.40861794352531433 -0.7784781455993652 0.4159255921840668 -0.601212203502655 1.4067808389663696 0.09391643851995468 0.20482317922181348 0.0029420601204037666 3810
frame-000177.color.jpg 0.22418760445716726 0.3661790192127228 -0.7988563776016235 0.42128533124923706 -0.5081261992454529 1.4369534254074097 0.0612083338201046 0.2500351628654633 0.0049038659781217575 3735
frame-000178.color.jpg 0.2039789051538809 0.3415716588497162 -0.8108923435211182 0.4291561245918274 -0.46684926748275757 1.4402062892913818 0.034491363912820816 0.4495254851298042 0.009865888394415379 3833
frame-000179.color.jpg 0.18600690476118908 0.3167252838611603 -0.8244324922561646 0.4305780827999115 -0.4280926585197449 1.4440945386886597 0.030245836824178696 0.09668701730246997 0.0021843318827450275 4044
frame-000180.color.jpg 0.17222517034962892 0.29949137568473816 -0.8324944972991943 0.4331238865852356 -0.4014517664909363 1.4444894790649414 0.02684989757835865 0.11613701483060603 0.003315265290439129 3891
frame-000181.color.jpg 0.16271408856896774 0.2753788232803345 -0.8393151164054871 0.43959152698516846 -0.3618179261684418 1.4497084617614746 0.00848972238600254 0.13995688601441558 0.002829668577760458 3928
frame-000182.color.jpg 0.14895890376071869 0.2587944567203522 -0.8466664552688599 0.4404459297657013 -0.33983442187309265 1.4456403255462646 0.009439637884497643 0.16128728664788775 0.003966064192354679 3792
frame-000183.color.jpg 0.12642549993644195 0.2296227514743805 -0.8615128993988037 0.4348396062850952 -0.29178890585899353 1.4491240978240967 0.029407646507024765 0.10864206949549385 0.004363931715488434 3830
frame-000184.color.jpg 0.11064841117962622 0.20717556774616241 -0.8698009252548218 0.4339141547679901 -0.2682950496673584 1.4532995223999023 0.0343877337872982 0.24917306492616076 0.005646272096782923 3834
frame-000185.color.jpg 0.09824894726614947 0.1971474140882492 -0.8739625811576843 0.4332084059715271 -0.27373558282852173 1.4484381675720215 0.038682710379362106 0.25944668329406484 0.005134299863129854 3838
frame-000186.color.jpg 0.08923537703975215 0.19570019841194153 -0.876868724822998 0.42992982268333435 -0.2894825041294098 1.437030553817749 0.056178245693445206 0.12390524777379805 0.0026960347313433886 3808
frame-000187.color.jpg 0.08922813428096382 0.19249629974365234 -0.878967821598053 0.4270819425582886 -0.2992924749851227 1.4252289533615112 0.07734077423810959 0.15272118889206038 0.00286896456964314 3867
frame-000188.color.jpg 0.08488259232738982 0.19319292902946472 -0.8796064257621765 0.42633792757987976 -0.3197466731071472 1.4113208055496216 0.09015846252441406 0.13546706383155036 0.0027830901090055704 3909
frame-000189.color.jpg 0.0862559535057622 0.19290195405483246 -0.8825255632400513 0.42011594772338867 -0.3262905776500702 1.3982303142547607 0.12093570083379745 0.16984551367791373 0.0038295569829642773 3930
frame-000190.color.jpg 0.08668670607649384 0.18628232181072235 -0.88621985912323 0.41520923376083374 -0.31931424140930176 1.3885018825531006 0.14415933191776276 0.1711048164659216 0.0041746641509234905 3931
frame-000191.color.jpg 0.08150878705302839 0.1859474778175354 -0.8874696493148804 0.41373592615127563 -0.3356097340583801 1.3744174242019653 0.15763767063617706 0.23475050684387058 0.00571109913289547 3922
frame-000192.color.jpg 0.08324332720024752 0.17729124426841736 -0.8884838223457336 0.4150116443634033 -0.3303385376930237 1.3731886148452759 0.16317439079284668 0.14086247304882407 0.0038660671561956406 3892
frame-000193.color.jpg 0.08081193108178748 0.16989126801490784 -0.8906025886535645 0.41404515504837036 -0.3232417702674866 1.3649588823318481 0.17202410101890564 0.17621391802701014 0.004960482940077782 3969
frame-000194.color.jpg 0.08191096117656695 0.16371384263038635 -0.8930239081382751 0.4110919237136841 -0.3175587058067322 1.3597625494003296 0.1846301555633545 0.09123795374761462 0.003495528595522046 3842
frame-000195.color.jpg 0.08412059992150439 0.1629381626844406 -0.8922038674354553 0.41273146867752075 -0.3209872841835022 1.350691318511963 0.18728823959827423 0.1581892355703316 0.0050255125388503075 3851
frame-000196.color.jpg 0.08713549334858228 0.16523869335651398 -0.8914075493812561 0.4129115641117096 -0.33006012439727783 1.3422868251800537 0.19584235548973083 0.1961857380056712 0.006252211052924395 3918
frame-000197.color.jpg 0.0892292028850162 0.16368107497692108 -0.8902384638786316 0.415598601102829 -0.3308999240398407 1.342465877532959 0.1935451775789261 0.1912720972487214 0.006318788509815931 3866
frame-000198.color.jpg 0.09275847163157865 0.16608361899852753 -0.8903205990791321 0.41369232535362244 -0.337232381105423 1.3396576642990112 0.20775839686393738 0.1461868322904738 0.005565471947193146 3795
frame-000199.color.jpg 0.09357565768027523 0.16813300549983978 -0.8916270732879639 0.40984880924224854 -0.3419545888900757 1.327591896057129 0.2219899445772171 0.19245273279935513 0.005928806494921446 3778
frame-000200.color.jpg 0.08892357794489066 0.16867882013320923 -0.8957928419113159 0.4014911353588104 -0.34758681058883667 1.3157916069030762 0.2471274882555008 0.18179989219016987 0.006296737585216761 3674
frame-000201.color.jpg 0.0881071123024473 0.16934044659137726 -0.9002023339271545 0.3914034068584442 -0.34728068113327026 1.3035261631011963 0.2756597399711609 0.1411450988061598 0.005359815899282694 3682
frame-000202.color.jpg 0.09005021654947487 0.16872186958789825 -0.9050268530845642 0.379934698343277 -0.3380834758281708 1.2977551221847534 0.3049769103527069 0.11405247311242987 0.0051920246332883835 3707
frame-000203.color.jpg 0.09192591022231429 0.16545705497264862 -0.9097756743431091 0.3694344758987427 -0.3246060013771057 1.2902719974517822 0.3332899510860443 0.22074120188679264 0.007991652935743332 3771
frame-000204.color.jpg 0.08967480180851828 0.16623808443546295 -0.9141062498092651 0.3587939143180847 -0.33067286014556885 1.272655725479126 0.3630407750606537 0.11328282285076051 0.006171293091028929 3636
frame-000205.color.jpg 0.08260074484192406 0.1688951849937439 -0.9177554845809937 0.3498234748840332 -0.34685182571411133 1.2585982084274292 0.3840053081512451 0.13824995237172066 0.004810652695596218 3548
frame-000206.color.jpg 0.07716720808695704 0.1661214828491211 -0.9200611114501953 0.3463183343410492 -0.34839943051338196 1.2492156028747559 0.3895910978317261 0.14781352455063432 0.005494364071637392 3530
frame-000207.color.jpg 0.07013181446360163 0.15735174715518951 -0.9232312440872192 0.3434618413448334 -0.3408476710319519 1.2464587688446045 0.3877759873867035 0.08120217137115109 0.004209049977362156 3512
frame-000208.color.jpg 0.060048629794999656 0.14548809826374054 -0.9310590624809265 0.3291754722595215 -0.3215317726135254 1.2428863048553467 0.4086027443408966 0.0749207785627996 0.003993207588791847 3583
frame-000209.color.jpg 0.058598979997773686 0.12121085077524185 -0.9347158074378967 0.3289080262184143 -0.2678808271884918 1.2635959386825562 0.3996422588825226 0.23761390357083975 0.00718318996950984 3694
frame-000210.color.jpg 0.055440195105093244 0.09926016628742218 -0.9372223615646362 0.32967883348464966 -0.2254885733127594 1.2783960103988647 0.3884757161140442 0.21595013100893282 0.006683486048132181 3728
frame-000211.color.jpg 0.046813852129566125 0.08339251577854156 -0.9390955567359924 0.33008113503456116 -0.20471851527690887 1.2865893840789795 0.38066214323043823 0.18578662825198136 0.006342114415019751 3902
frame-000212.color.jpg 0.03484933711853014 0.053877029567956924 -0.9401404857635498 0.3346916139125824 -0.16961492598056793 1.3075848817825317 0.3648906350135803 0.3097553487602929 0.005367156583815813 3994
frame-000213.color.jpg 0.020725748989820318 0.021913623437285423 -0.9403656721115112 0.33882537484169006 -0.13171179592609406 1.3214014768600464 0.3491913676261902 0.3036389143585465 0.005518506746739149 4149
frame-000214.color.jpg 0.011567886945627647 -0.009935309179127216 -0.9420166611671448 0.3352191746234894 -0.0857764258980751 1.323870062828064 0.35064461827278137 0.17037079791377002 0.003612692002207041 4206
frame-000215.color.jpg 0.007143154589507684 -0.03399970009922981 -0.941496729850769 0.33522671461105347 -0.05207280069589615 1.3249170780181885 0.3461502492427826 0.12329255846090675 0.00415395013988018 4316
frame-000216.color.jpg 0.012134568100736676 0.07402994483709335 0.9396029114723206 -0.33394432067871094 -0.013427242636680603 1.3370273113250732 0.3390941619873047 0.09103976486987185 0.002436812734231353 4264
frame-000217.color.jpg 0.028421345239969253 0.11788638681173325 0.9349412322044373 -0.33343642950057983 0.046921323984861374 1.3408693075180054 0.3306756317615509 0.21605902716946956 0.005027890205383301 4252
frame-000218.color.jpg 0.036498262477120715 0.13992130756378174 0.9313703179359436 -0.33412453532218933 0.07628879696130753 1.3406386375427246 0.3256722390651703 0.27479635951490494 0.007232792675495148 4286
frame-000219.color.jpg 0.04713059882576276 0.16268008947372437 0.9275000691413879 -0.33325284719467163 0.09987544268369675 1.3375248908996582 0.3256050944328308 0.34996712700339094 0.008535902947187424 4266
frame-000220.color.jpg 0.05560349796187751 0.1752806454896927 0.9252709746360779 -0.3317505717277527 0.10434804856777191 1.3376015424728394 0.32643988728523254 0.24003803375681249 0.007728144526481628 4257
frame-000221.color.jpg 0.060910125119305006 0.19303981959819794 0.9215494394302368 -0.33131885528564453 0.12927399575710297 1.3392150402069092 0.3269937038421631 0.2477786124379939 0.006860028486698866 4222
frame-000222.color.jpg 0.0650462062243882 0.2068209946155548 0.9178481101989746 -0.3324889838695526 0.1486755907535553 1.3370347023010254 0.3221750259399414 0.30395731856774544 0.00831290241330862 4263
frame-000223.color.jpg 0.07342218283641924 0.2199888974428177 0.913600742816925 -0.3339875340461731 0.1595708578824997 1.3435404300689697 0.3134807348251343 0.17669947510788928 0.007211144082248211 4274
frame-000224.color.jpg 0.07778487657809333 0.22862933576107025 0.9097663760185242 -0.33764371275901794 0.17214356362819672 1.3490991592407227 0.3020455241203308 0.10341277261326895 0.007109479978680611 4299
frame-000225.color.jpg 0.09045138090393012 0.24127934873104095 0.9017319679260254 -0.3471056818962097 0.1821528524160385 1.3608744144439697 0.2739100158214569 0.08837742516648832 0.006514072418212891 4296
frame-000226.color.jpg 0.10120578105081188 0.25870487093925476 0.892644464969635 -0.35498595237731934 0.2116694301366806 1.366019606590271 0.2526986598968506 0.1909304944087282 0.007197278551757336 4304
frame-000227.color.jpg 0.11047566960828398 0.274217426776886 0.8847624659538269 -0.3602710962295532 0.23870722949504852 1.3665701150894165 0.2365405112504959 0.17602416683413072 0.008700080215930939 4314
frame-000228.color.jpg 0.12454836684091806 0.2899978756904602 0.8763523101806641 -0.3638618588447571 0.26155558228492737 1.3643646240234375 0.22291098535060883 0.20736114144721535 0.009270021691918373 4296
frame-000229.color.jpg 0.13276346923870566 0.30455300211906433 0.8708100318908691 -0.36236897110939026 0.2867562174797058 1.363153100013733 0.22061002254486084 0.1448727012261207 0.008279276080429554 4355
frame-000230.color.jpg 0.12783589065411713 0.30943816900253296 0.8651113510131836 -0.3734813630580902 0.31237202882766724 1.3674511909484863 0.18992093205451965 0.21127689423446894 0.0094261160120368 4337
frame-000231.color.jpg 0.1307834169562818 0.3021850883960724 0.864418625831604 -0.37994760274887085 0.2928796410560608 1.379342794418335 0.1633060872554779 0.23259069964269208 0.01041063666343689 4313
frame-000232.color.jpg 0.13739978044903015 0.29030126333236694 0.8664204478263855 -0.3823113739490509 0.2622586488723755 1.3811016082763672 0.1453285813331604 0.19276229244718743 0.009686253033578396 4216
frame-000233.color.jpg 0.14341024995173487 0.28223541378974915 0.8617383241653442 -0.396464079618454 0.2416779100894928 1.3913588523864746 0.09418290853500366 0.4071906386327429 0.011112076230347157 4147
frame-000234.color.jpg 0.15176512434191178 0.28774213790893555 0.8554639220237732 -0.4029308557510376 0.2514655590057373 1.3957507610321045 0.07048885524272919 0.24540021250294852 0.00951564870774746 4190
frame-000235.color.jpg 0.15744474391688618 0.2941736578941345 0.8504794239997864 -0.4066418707370758 0.2636456787586212 1.3980576992034912 0.056567177176475525 0.3155820870916956 0.009058065712451935 4165
frame-000236.color.jpg 0.1637305970289036 0.30053743720054626 0.8473040461540222 -0.40613481402397156 0.27489885687828064 1.4018816947937012 0.04614071547985077 0.310981714561854 0.008932862430810928 4208
frame-000237.color.jpg 0.17426311571347186 0.3135617673397064 0.8399291634559631 -0.4072227478027344 0.30524399876594543 1.404245138168335 0.03471189737319946 0.29551910009587073 0.006070178467780352 4247
frame-000238.color.jpg 0.18639212741011268 0.32688868045806885 0.8301471471786499 -0.41140925884246826 0.3425424098968506 1.401749849319458 0.019004549831151962 0.39870116706166664 0.007541134022176266 4237
frame-000239.color.jpg 0.19522948888591526 0.34627777338027954 0.8188897371292114 -0.4140009880065918 0.3966887593269348 1.407521367073059 0.010321661829948425 0.2690656440382791 0.006226680241525173 4240
frame-000240.color.jpg 0.20284126408028713 0.3632805645465851 0.8089289665222168 -0.41535115242004395 0.44751617312431335 1.4040559530258179 0.011091205291450024 0.24528252514189802 0.005205722991377115 4128
frame-000241.color.jpg 0.21037297538043903 0.3790294826030731 0.7992047667503357 -0.4163552224636078 0.4888451099395752 1.3994773626327515 0.011619698256254196 0.18813481260407736 0.0032754286658018827 4028
frame-000242.color.jpg 0.2277467458274633 0.39701762795448303 0.785205602645874 -0.41708576679229736 0.5277866721153259 1.38849675655365 0.009403929114341736 0.2245557024556861 0.005897427909076214 4014
frame-000243.color.jpg 0.24303851494407494 0.4142018258571625 0.7734459042549133 -0.41370341181755066 0.5614188313484192 1.381414771080017 0.02216620184481144 0.19858662954021003 0.005098432302474976 3937
frame-000244.color.jpg 0.25197784510486404 0.42403680086135864 0.7680144906044006 -0.40847721695899963 0.573939323425293 1.3797757625579834 0.0381285734474659 0.1456271836653559 0.005592533387243748 3999
frame-000245.color.jpg 0.27041108537530967 0.442511647939682 0.7490172982215881 -0.41235220432281494 0.6202327013015747 1.3683562278747559 0.0317208468914032 0.09494433855844485 0.002963043050840497 3896
frame-000246.color.jpg 0.2756983596921869 0.44795751571655273 0.7409111857414246 -0.41758260130882263 0.6399151086807251 1.3625468015670776 0.01836608164012432 0.1515044013635932 0.003694562939926982 3938
frame-000247.color.jpg 0.2832655571699166 0.4519912898540497 0.7326438426971436 -0.42272642254829407 0.6581518650054932 1.3645395040512085 0.0018292301101610065 0.34498284981742705 0.006397875491529703 3845
frame-000248.color.jpg 0.36850967439918403 0.4483450949192047 0.6663438677787781 -0.46815937757492065 0.7174815535545349 1.3475186824798584 -0.18786051869392395 1.4176784397177837 0.02224394865334034 3170
frame-000249.color.jpg 0.36180244050248245 0.45030924677848816 0.6569730639457703 -0.48446568846702576 0.7600118517875671 1.332801342010498 -0.23606081306934357 0.6294287191648261 0.009400922805070877 3059
frame-000250.color.jpg 0.34247255819711125 0.4525202512741089 0.653331995010376 -0.5010939836502075 0.8011584281921387 1.312936782836914 -0.26733890175819397 0.7479540590491153 0.009902960620820522 2891
frame-000251.color.jpg 0.32820731989763235 0.4497648775577545 0.6590884327888489 -0.5055630207061768 0.8087565302848816 1.3092304468154907 -0.2790292799472809 0.6095073518725732 0.007233661599457264 2898
frame-000252.color.jpg 0.3237969371903622 0.44574472308158875 0.6632403135299683 -0.5065367221832275 0.793198823928833 1.3087918758392334 -0.28799301385879517 0.6577637055757711 0.009616472758352757 2944
frame-000253.color.jpg 0.3227460132965285 0.43786880373954773 0.6632010340690613 -0.5140721797943115 0.779413640499115 1.303288221359253 -0.3166753053665161 0.8275494550984472 0.011847569607198238 2823
frame-000254.color.jpg 0.3244016353232341 0.4330258071422577 0.6665433645248413 -0.5128082036972046 0.7646273970603943 1.3107709884643555 -0.3187611699104309 0.7281035016086483 0.010289618745446205 2811
frame-000255.color.jpg 0.3205875308080177 0.4296053946018219 0.6693236231803894 -0.5144596695899963 0.7598699927330017 1.3079861402511597 -0.32321280241012573 0.7432235660794996 0.011138921603560448 2885
frame-000256.color.jpg 0.3205220380126961 0.4277901351451874 0.6692165732383728 -0.5161496996879578 0.754220724105835 1.304296851158142 -0.3290204703807831 0.7402730310797598 0.011481343768537045 2852
frame-000257.color.jpg 0.31873146000018554 0.4278935194015503 0.6710759401321411 -0.5147566199302673 0.7469273209571838 1.3040673732757568 -0.325180321931839 0.5008664696560562 0.007840591482818127 2955
frame-000258.color.jpg 0.31707236422964186 0.4253380596637726 0.6689240336418152 -0.5206661820411682 0.7391397953033447 1.2965408563613892 -0.34553128480911255 0.532275521441183 0.008734232746064663 3047
frame-000259.color.jpg 0.32319537829977174 0.425218403339386 0.667742908000946 -0.5185108184814453 0.732546329498291 1.2991660833358765 -0.34254059195518494 0.4016219800663462 0.0056609814055264 3081
frame-000260.color.jpg 0.3256584235470215 0.4268876612186432 0.6669678092002869 -0.5165922045707703 0.7275094985961914 1.300462007522583 -0.33617955446243286 0.41621873465289816 0.005741513334214687 3194
frame-000261.color.jpg 0.32443422345966144 0.42848485708236694 0.6662956476211548 -0.5169073939323425 0.7180641889572144 1.2960721254348755 -0.3351242244243622 0.6754402351477642 0.00989942904561758 3320
frame-000262.color.jpg 0.32356357087575427 0.43378499150276184 0.6651757955551147 -0.5144689679145813 0.7198686003684998 1.2942456007003784 -0.3202930688858032 0.38397653319116204 0.0054871998727321625 3464
frame-000263.color.jpg 0.324698409945025 0.4356129765510559 0.664435625076294 -0.513164222240448 0.710095226764679 1.2914015054702759 -0.31163135170936584 0.4751014486420343 0.006558528169989586 3693
frame-000264.color.jpg 0.3246073062411493 0.4376557171344757 0.663212776184082 -0.513065755367279 0.705534815788269 1.289552927017212 -0.3056560456752777 0.42811751115644214 0.005926738493144512 3743
frame-000265.color.jpg 0.3239246092161457 0.4409196674823761 0.662522554397583 -0.5115923285484314 0.6940662860870361 1.284896731376648 -0.2918519079685211 0.5718746637322426 0.008242609910666943 3975
frame-000266.color.jpg 0.32264931640766337 0.4442768394947052 0.6622411012649536 -0.5098552107810974 0.6897862553596497 1.2812777757644653 -0.2801373600959778 0.4407895397792257 0.0068406471982598305 4086
frame-000267.color.jpg 0.31761386153017174 0.45019349455833435 0.6595408320426941 -0.5113248825073242 0.6896270513534546 1.2742035388946533 -0.27161654829978943 0.32929742711019855 0.00524969631806016 4227
frame-000268.color.jpg 0.31865937022316765 0.4545709490776062 0.6617578268051147 -0.5038829445838928 0.675182044506073 1.280282974243164 -0.24431665241718292 0.22512989191321672 0.002745612058788538 4269
frame-000269.color.jpg 0.31554600726168236 0.4547840356826782 0.6646122932434082 -0.5018892288208008 0.651974618434906 1.2825074195861816 -0.23473119735717773 0.24208562308436182 0.004077997989952564 4295
frame-000270.color.jpg 0.3102995151705017 0.4517992436885834 0.666264533996582 -0.5056512355804443 0.6335628628730774 1.2819679975509644 -0.2469560205936432 0.10148937400071617 0.002716813934966922 4277
frame-000271.color.jpg 0.31120314153178796 0.44466260075569153 0.667357861995697 -0.5099619626998901 0.6029077172279358 1.2834843397140503 -0.2668347656726837 0.07987125831856386 0.0010516088223084807 4364
frame-000272.color.jpg 0.3105908591186143 0.440208375453949 0.6718542575836182 -0.5082929134368896 0.567451000213623 1.2880675792694092 -0.26687124371528625 0.1962016128594062 0.0022829161025583744 4290
frame-000273.color.jpg 0.3096176723452147 0.4392320513725281 0.6706972122192383 -0.511250913143158 0.546397864818573 1.2926304340362549 -0.27818024158477783 0.17495337459917254 0.002614368451759219 4267
frame-000274.color.jpg 0.312860323092313 0.4434800148010254 0.6641256213188171 -0.5141800045967102 0.5468186140060425 1.2866497039794922 -0.28852495551109314 0.10976027951835204 0.0016205501742661 4259
frame-000275.color.jpg 0.31843811767623775 0.45033299922943115 0.6557948589324951 -0.5154904723167419 0.5411586165428162 1.2807574272155762 -0.2993323504924774 0.02428235303086678 0.0018102811882272363 4185
frame-000276.color.jpg 0.3212606626740432 0.4565737545490265 0.65078204870224 -0.514601469039917 0.5450096726417542 1.283260464668274 -0.30005407333374023 0.3901240236092909 0.00547794857993722 4107
frame-000277.color.jpg 0.3189119023451107 0.4641878306865692 0.6474779844284058 -0.5134170651435852 0.5522807836532593 1.2853471040725708 -0.29404857754707336 0.6778322954611495 0.009516479447484016 3912
frame-000278.color.jpg 0.31922925848314593 0.4646204113960266 0.6433591842651367 -0.5179861187934875 0.5538726449012756 1.2804737091064453 -0.30768439173698425 0.6756816930070947 0.009290698915719986 3835
frame-000279.color.jpg 0.3213381042091481 0.46493130922317505 0.638700008392334 -0.5221522450447083 0.550588846206665 1.2782831192016602 -0.32361453771591187 0.9176258831508697 0.01273991260677576 3670
frame-000280.color.jpg 0.3302946777626391 0.46495357155799866 0.6273266673088074 -0.530268669128418 0.5488057732582092 1.268437385559082 -0.35702085494995117 0.4114610543287347 0.0058472296223044395 3373
frame-000281.color.jpg 0.33858501847498307 0.46818041801452637 0.6212748885154724 -0.5293247103691101 0.5459645390510559 1.2686502933502197 -0.36396464705467224 0.375435434994914 0.005244800820946693 3220
frame-000282.color.jpg 0.3479851047542766 0.47240740060806274 0.6173939108848572 -0.5239869356155396 0.533919095993042 1.2816849946975708 -0.36010295152664185 0.56478807566409 0.008842069655656815 3016
frame-000283.color.jpg 0.34706292720258 0.47687432169914246 0.6225176453590393 -0.5144025683403015 0.5119126439094543 1.3002729415893555 -0.33360499143600464 0.6922309745617711 0.010502041317522526 3095
frame-000284.color.jpg 0.3518563500127075 0.4829222559928894 0.6290077567100525 -0.49732527136802673 0.48182687163352966 1.3190947771072388 -0.2928692400455475 0.821775757454818 0.011934853158891201 3325
frame-000285.color.jpg 0.3633211534398786 0.49031734466552734 0.6291440725326538 -0.48141923546791077 0.4614882171154022 1.338302493095398 -0.25932776927948 0.8417373054692976 0.01242607831954956 3314
frame-000286.color.jpg 0.3685415902861911 0.4987143576145172 0.6273206472396851 -0.47109439969062805 0.4590437412261963 1.3414320945739746 -0.23231141269207 0.5397214414927018 0.007277125027030706 3340
frame-000287.color.jpg 0.37329937075621816 0.5128263831138611 0.6253892779350281 -0.454472154378891 0.46266964077949524 1.3434504270553589 -0.1874270737171173 0.2829458690922144 0.0031790791545063257 3322
frame-000288.color.jpg 0.3721197188898295 0.5230274796485901 0.6249203085899353 -0.44434645771980286 0.4637061357498169 1.3370811939239502 -0.15763288736343384 0.4789776877177223 0.006137121934443712 3383
frame-000289.color.jpg 0.3635407148969915 0.5366623997688293 0.6323332190513611 -0.424248069524765 0.4510086476802826 1.337577223777771 -0.09585318714380264 0.7434869018885153 0.010318608954548836 3220
frame-000290.color.jpg 0.34843992175402716 0.552668035030365 0.6426089406013489 -0.400251567363739 0.44243431091308594 1.3279539346694946 -0.01277177594602108 0.9628035290856843 0.01352733001112938 2968
frame-000291.color.jpg 0.3410701558258703 0.5660346746444702 0.6480657458305359 -0.3785322904586792 0.4375362694263458 1.322158932685852 0.04942525178194046 0.76442116489034 0.010126782581210136 3187
frame-000292.color.jpg 0.3342540003441031 0.5780532956123352 0.6523308753967285 -0.3585987389087677 0.43054983019828796 1.3099517822265625 0.10112052410840988 0.5311828512565396 0.008206703700125217 3223
frame-000293.color.jpg 0.3300649041608931 0.5868238210678101 0.6528905630111694 -0.3470284044742584 0.4286033809185028 1.3018490076065063 0.1332015097141266 0.409057174586434 0.006382758729159832 3284
frame-000294.color.jpg 0.3204207469999674 0.5942397713661194 0.6550745964050293 -0.339244544506073 0.4301350712776184 1.289074182510376 0.16674058139324188 0.2848807602984585 0.0046387012116611 3311
frame-000295.color.jpg 0.31640388516202556 0.5990270972251892 0.6587792038917542 -0.3272077739238739 0.4170229732990265 1.28292977809906 0.20533233880996704 0.13917760411879945 0.0017425809055566788 3530
frame-000296.color.jpg 0.31561059743404724 0.6064521670341492 0.658795177936554 -0.31399792432785034 0.4119090139865875 1.269810438156128 0.23997168242931366 0.139765147129766 0.0035519662778824568 3587
frame-000297.color.jpg 0.3150946270928636 0.6149125099182129 0.6568012833595276 -0.3020099997520447 0.4111235737800598 1.2532434463500977 0.26944097876548767 0.24977916417372006 0.006080167833715677 3647
frame-000298.color.jpg 0.3055080732823004 0.6225790977478027 0.656040370464325 -0.297776997089386 0.4173409342765808 1.23582124710083 0.2940402626991272 0.10521126013931116 0.0031098693143576384 3768
frame-000299.color.jpg 0.29729029451272015 0.6281880736351013 0.6586782932281494 -0.28834179043769836 0.4163653552532196 1.2206134796142578 0.3233288824558258 0.06324042804045717 0.003182296874001622 3848
frame-000300.color.jpg 0.2927432710743643 0.6363263726234436 0.6580196619033813 -0.2764059603214264 0.41734597086906433 1.2033343315124512 0.35178864002227783 0.09399559593426099 0.004589219577610493 3954
frame-000301.color.jpg 0.28220614813149475 0.648239016532898 0.6568948030471802 -0.2619832754135132 0.42462459206581116 1.1797682046890259 0.39493146538734436 0.1262015120160314 0.0038061521481722593 3998
frame-000302.color.jpg 0.2759868829695301 0.6652388572692871 0.6459773778915405 -0.252985417842865 0.46072226762771606 1.1523337364196777 0.4198260009288788 0.06518022844516723 0.0024925137404352427 4205
frame-000303.color.jpg 0.2731420485194427 0.6813293099403381 0.6336683630943298 -0.24422967433929443 0.49278801679611206 1.127732515335083 0.44628843665122986 0.16873097888379837 0.0032028749119490385 4265
frame-000304.color.jpg 0.2590944893804948 0.7028255462646484 0.618097722530365 -0.23845623433589935 0.5490674376487732 1.0812355279922485 0.4819377064704895 0.24734358808480225 0.004137526731938124 4306
frame-000305.color.jpg 0.25128952718775177 0.7206107974052429 0.6061514019966125 -0.22395136952400208 0.576787531375885 1.0376405715942383 0.5240100622177124 0.23614055706167397 0.004617756232619286 4304
frame-000306.color.jpg 0.24638134357881075 0.7290219664573669 0.6007080674171448 -0.21673259139060974 0.5815311670303345 1.0124564170837402 0.5460588335990906 0.2697166197631195 0.0060666585341095924 4290
frame-000307.color.jpg 0.24151553452648478 0.7395089864730835 0.5964409112930298 -0.19762295484542847 0.5698657035827637 0.9745172262191772 0.5834791660308838 0.20840033071704897 0.006589285098016262 4111
frame-000308.color.jpg 0.23515909396881562 0.7427902221679688 0.5982311964035034 -0.18730266392230988 0.5603779554367065 0.955508828163147 0.5995801091194153 0.3672614327861277 0.009725644253194332 3939
frame-000309.color.jpg 0.2256884342785509 0.7345046997070312 0.6101807951927185 -0.1929948627948761 0.542101263999939 0.9667050242424011 0.5878050923347473 0.36473925203296825 0.009213862009346485 4045
frame-000310.color.jpg 0.21945247745427462 0.7167714238166809 0.6332827806472778 -0.19243773818016052 0.47689518332481384 0.9895564317703247 0.580581545829773 0.3327060917124316 0.008166440762579441 3986
frame-000311.color.jpg 0.22309019030503927 0.6832028031349182 0.6586449146270752 -0.22282619774341583 0.37957119941711426 1.040083885192871 0.5165993571281433 0.6450034714631593 0.013806180097162724 4290
frame-000312.color.jpg 0.20889079216611342 0.6666315197944641 0.6736955642700195 -0.24104228615760803 0.35887226462364197 1.0394293069839478 0.500398576259613 0.6496468261600044 0.013005082495510578 4128
frame-000313.color.jpg 0.20423121015015927 0.6586514115333557 0.6789694428443909 -0.2519291639328003 0.34742340445518494 1.0467902421951294 0.4960336685180664 0.38441350521548423 0.007436226587742567 4087
frame-000314.color.jpg 0.2018592200506985 0.6581382155418396 0.6779322028160095 -0.257904589176178 0.32968586683273315 1.0477166175842285 0.50358647108078 0.31109393243548317 0.005385212600231171 4080
frame-000315.color.jpg 0.20247448067174084 0.6586287021636963 0.6768251061439514 -0.25907570123672485 0.3096349835395813 1.045933723449707 0.5079145431518555 0.47814675251650796 0.008625674992799759 4106
frame-000316.color.jpg 0.20216849480322524 0.6596025824546814 0.6751131415367126 -0.2612939774990082 0.2950069308280945 1.043992042541504 0.5124272704124451 0.5000241152323233 0.008777518756687641 4046
frame-000317.color.jpg 0.199663831887589 0.6618366837501526 0.6732475757598877 -0.2623818516731262 0.28416046500205994 1.0394179821014404 0.5229343175888062 0.4008658834613111 0.006454939022660255 4061
frame-000318.color.jpg 0.20095649913319477 0.6638473272323608 0.6708106994628906 -0.26255711913108826 0.26820582151412964 1.0384572744369507 0.529754102230072 0.4809778659274782 0.0071155233308672905 3992
frame-000319.color.jpg 0.20403527233964708 0.670254647731781 0.6643048524856567 -0.2604369521141052 0.25811299681663513 1.0389769077301025 0.5353322625160217 0.4935067273819559 0.006999988108873367 3877
frame-000320.color.jpg 0.20831392093864481 0.6831223964691162 0.651387631893158 -0.25620952248573303 0.2571839392185211 1.040185809135437 0.5396657586097717 0.3870849095937526 0.004731872119009495 3887
frame-000321.color.jpg 0.2112639643983841 0.6942124962806702 0.6415314078330994 -0.2487446516752243 0.25235089659690857 1.0378398895263672 0.5456973910331726 0.36776844092986893 0.004155511036515236 3892
frame-000322.color.jpg 0.21863443897967663 0.7042679190635681 0.6309988498687744 -0.2409275323152542 0.24281847476959229 1.0445071458816528 0.5435941219329834 0.3384213325417191 0.0029628186021000147 3931
frame-000323.color.jpg 0.23525873774276126 0.710612416267395 0.6182329058647156 -0.23973195254802704 0.2323356717824936 1.0578689575195312 0.5214686989784241 0.46179325193108756 0.005664110649377108 3734
frame-000324.color.jpg 0.24280180287683226 0.7198571562767029 0.60647052526474 -0.23461970686912537 0.22984649240970612 1.0664739608764648 0.517837405204773 0.4605027197039254 0.005761845037341118 3658
frame-000325.color.jpg 0.24399550733027892 0.7272872924804688 0.5985262393951416 -0.2308368980884552 0.23290660977363586 1.0665379762649536 0.5179646611213684 0.5235084933937956 0.00799273606389761 3588
frame-000326.color.jpg 0.24671464580423583 0.7413268685340881 0.582953929901123 -0.2230047732591629 0.24099691212177277 1.0733332633972168 0.5210919976234436 0.33799228460405123 0.0037647353019565344 3666
frame-000327.color.jpg 0.25449674158859864 0.754167377948761 0.5637615323066711 -0.2205355316400528 0.25018396973609924 1.083493947982788 0.5090431571006775 0.5225429821215908 0.008968193084001541 3638
frame-000328.color.jpg 0.26065163071563024 0.7653273344039917 0.5487120151519775 -0.21272030472755432 0.25374746322631836 1.0856575965881348 0.5098169445991516 0.43268730791757737 0.007204024121165276 3721
frame-000329.color.jpg 0.2729017933591104 0.7709560990333557 0.534829318523407 -0.21238885819911957 0.2540067136287689 1.1028168201446533 0.48609670996665955 0.3408945280319248 0.0058710151351988316 3749
frame-000330.color.jpg 0.2885237223360801 0.7715855836868286 0.5233104825019836 -0.21807317435741425 0.25184908509254456 1.1259948015213013 0.45132777094841003 0.3939810794583647 0.006869601085782051 3725
frame-000331.color.jpg 0.3023650317764967 0.7725646495819092 0.5120695233345032 -0.2224951833486557 0.2570958733558655 1.1443296670913696 0.41838300228118896 0.23980916905876418 0.006137007847428322 3713
frame-000332.color.jpg 0.31254520103566014 0.771568775177002 0.5055367350578308 -0.22678139805793762 0.25389906764030457 1.1599061489105225 0.3918829560279846 0.4477646303452632 0.007218149024993181 3652
frame-000333.color.jpg 0.31809592176726437 0.7688745856285095 0.5044693946838379 -0.23055900633335114 0.24775093793869019 1.1725488901138306 0.3737946152687073 0.34937925048709384 0.005678686313331127 3642
frame-000334.color.jpg 0.327827023607022 0.7646910548210144 0.5027550458908081 -0.23455137014389038 0.23876391351222992 1.1888542175292969 0.34617114067077637 0.24405610597948404 0.005400033202022314 3565
frame-000335.color.jpg 0.3385130054422032 0.7584202885627747 0.503548264503479 -0.2380056530237198 0.22412462532520294 1.2065486907958984 0.31758755445480347 0.15214189013286544 0.007045810576528311 3585
frame-000336.color.jpg 0.34951640455395266 0.7516358494758606 0.5044116973876953 -0.24176590144634247 0.20837506651878357 1.2243009805679321 0.28992003202438354 0.2095593818026884 0.008305583149194717 3489
frame-000337.color.jpg 0.3601089493446824 0.7478399872779846 0.5000447034835815 -0.24700665473937988 0.20809680223464966 1.2377713918685913 0.26246923208236694 0.14268047730681108 0.007250397000461817 3377
frame-000338.color.jpg 0.36987136458926073 0.7461643815040588 0.49356764554977417 -0.25064903497695923 0.20821796357631683 1.2502121925354004 0.2394409328699112 0.23670383422478847 0.007825315929949284 3225
frame-000339.color.jpg 0.38028417341171356 0.7450942993164062 0.4860711395740509 -0.252890020608902 0.2018311321735382 1.2621790170669556 0.22000065445899963 0.4861600585168138 0.010454855859279633 3120
frame-000340.color.jpg 0.38491001607805386 0.7476084232330322 0.47985634207725525 -0.25032731890678406 0.20226213335990906 1.264227032661438 0.2197132557630539 0.43601056847475883 0.0091978395357728 3089
frame-000341.color.jpg 0.3800878041443408 0.7554723024368286 0.47343868017196655 -0.2462737113237381 0.21844293177127838 1.2552789449691772 0.2397385984659195 0.24590631351219058 0.006183325313031673 3262
frame-000342.color.jpg 0.38141839099612734 0.7610378265380859 0.46106305718421936 -0.25052404403686523 0.24546493589878082 1.2537435293197632 0.23431773483753204 0.25270662060458454 0.006545101758092642 3203
frame-000343.color.jpg 0.38399816376063045 0.7610164880752563 0.46316400170326233 -0.24264876544475555 0.2271784543991089 1.2575167417526245 0.24234096705913544 0.3356370966400133 0.008099080994725227 3215
frame-000344.color.jpg 0.3927542639375853 0.7580941319465637 0.4580133259296417 -0.2475101351737976 0.23089654743671417 1.2656760215759277 0.2185126096010208 0.27225192728609005 0.006498817354440689 3132
frame-000345.color.jpg 0.39917823965324606 0.7544110417366028 0.4557521343231201 -0.2526078224182129 0.22836361825466156 1.2710765600204468 0.19626012444496155 0.22331953159740633 0.006058673374354839 3014
frame-000346.color.jpg 0.40408671173377897 0.7536447644233704 0.45475152134895325 -0.24886634945869446 0.21753501892089844 1.2751622200012207 0.19331349432468414 0.19965872911606403 0.0043618627823889256 3083
frame-000347.color.jpg 0.4045684085393911 0.7558915615081787 0.45551612973213196 -0.2397027313709259 0.2025785595178604 1.2756389379501343 0.2063300460577011 0.12079068151227224 0.002792644314467907 3124
frame-000348.color.jpg 0.40436911436433104 0.759072482585907 0.45530956983566284 -0.23019102215766907 0.18711994588375092 1.2731164693832397 0.21811378002166748 0.1423227194686052 0.004039866384118795 3391
frame-000349.color.jpg 0.4028542663975653 0.7617394924163818 0.4562947750091553 -0.22193817794322968 0.17615239322185516 1.2646840810775757 0.22999033331871033 0.10392877873082887 0.00230519101023674 3524
frame-000350.color.jpg 0.3998750199333354 0.7658265829086304 0.4542970657348633 -0.21731023490428925 0.17431633174419403 1.2595444917678833 0.23704034090042114 0.08769462636300522 0.004327145870774984 3696
frame-000351.color.jpg 0.3918942639718272 0.7692676186561584 0.45952439308166504 -0.2085273116827011 0.16044239699840546 1.2485145330429077 0.2645410895347595 0.13130039497379134 0.0028717145323753357 3771
frame-000352.color.jpg 0.3839276077869098 0.772619903087616 0.46337008476257324 -0.20235174894332886 0.15137937664985657 1.2384753227233887 0.28068965673446655 0.19311133912615888 0.0035470416769385338 4090
frame-000353.color.jpg 0.3789733242498901 0.7741451263427734 0.4681605100631714 -0.19469015300273895 0.13397641479969025 1.2329572439193726 0.2991451919078827 0.17505662784951612 0.001432835473679006 4102
frame-000354.color.jpg 0.3786273430928293 0.7774932384490967 0.46458765864372253 -0.1905357986688614 0.13179552555084229 1.2256879806518555 0.29949042201042175 0.22457389850652182 0.0019097450422123075 4149
frame-000355.color.jpg 0.37735715240461826 0.7820431590080261 0.45804527401924133 -0.19027507305145264 0.14129452407360077 1.2227704524993896 0.30135977268218994 0.1930258283594015 0.0010859151370823383 4113
frame-000356.color.jpg 0.37484370877838513 0.7869691252708435 0.45430439710617065 -0.18379144370555878 0.14025574922561646 1.2150827646255493 0.31721505522727966 0.2524466198488745 0.0017959027318283916 4029
frame-000357.color.jpg 0.37196026928117437 0.7898577451705933 0.45119524002075195 -0.18491417169570923 0.14963045716285706 1.2065801620483398 0.3188704252243042 0.22169002455225584 0.0030720033682882786 3984
frame-000358.color.jpg 0.36740165824581494 0.795845627784729 0.4398080110549927 -0.1954856514930725 0.1892702430486679 1.204019546508789 0.31433892250061035 0.23106900820080728 0.004157218616455793 3902
