frame-000000.color.jpg 0.008824547830359446 -0.08558163046836853 0.8940045833587646 -0.4397200644016266 0.50065016746521 0.9708102941513062 0.9388206601142883 0.7388394384059976 0.019670508801937103 1647
frame-000001.color.jpg 0.0060716057283346425 -0.09089579433202744 0.8906123638153076 -0.4455455541610718 0.5116479396820068 0.9853890538215637 0.9437573552131653 1.2212142381013023 0.030239276587963104 1754
frame-000002.color.jpg 0.004562556806994792 -0.09720807522535324 0.8938677310943604 -0.43764179944992065 0.5067322850227356 0.9855589270591736 0.9422631859779358 0.47753795854587766 0.011143319308757782 1840
frame-000003.color.jpg 0.0036169966654541657 -0.1027214452624321 0.8931229710578918 -0.4379115402698517 0.5086420178413391 0.9829990267753601 0.9367944002151489 0.684033680340698 0.015801433473825455 1766
frame-000004.color.jpg 0.017393145059428655 -0.07959487289190292 0.8679148554801941 -0.4899856448173523 0.4948257505893707 1.0760422945022583 0.8451623916625977 2.4720185632343923 0.03904256969690323 1529
frame-000005.color.jpg 0.013444332548377584 -0.08275140821933746 0.8631598353385925 -0.49792227149009705 0.4896337687969208 1.0934351682662964 0.8255671262741089 1.46324209806241 0.017007455229759216 1408
frame-000006.color.jpg 0.02424868269549263 -0.07551386952400208 0.8530915379524231 -0.5156980752944946 0.4531329572200775 1.173546314239502 0.8159391283988953 0.2864946059332856 0.0030143726617097855 2498
frame-000007.color.jpg 0.023979467218232145 -0.07446622848510742 0.8525789380073547 -0.5167098045349121 0.4481504261493683 1.1736937761306763 0.8201813697814941 0.2036806433201437 0.0043554226867854595 2509
frame-000008.color.jpg 0.029907967551859958 -0.07011457532644272 0.8531313538551331 -0.5160973072052002 0.43603670597076416 1.1739367246627808 0.8321611881256104 0.19419577839924387 0.0030383714474737644 2515
frame-000009.color.jpg 0.03733275434037032 -0.06272764503955841 0.8510048985481262 -0.5200597643852234 0.4169226586818695 1.1781980991363525 0.8295875191688538 0.14960727630098247 0.004492335021495819 2790
frame-000010.color.jpg 0.03806072450184536 -0.0628269761800766 0.851344108581543 -0.5194395780563354 0.4147244095802307 1.1803356409072876 0.8312379717826843 0.15723026100260595 0.004628668539226055 2789
frame-000011.color.jpg 0.04338328583555486 -0.05839920416474342 0.8482841849327087 -0.5245200991630554 0.40383675694465637 1.193390130996704 0.822449266910553 0.25459951681960363 0.004024051129817963 2819
frame-000012.color.jpg 0.050351018922374646 -0.052791476249694824 0.8447226881980896 -0.5302088260650635 0.38265156745910645 1.205588459968567 0.8160592913627625 0.16459552612498043 0.0038772867992520332 3017
frame-000013.color.jpg 0.05117309783102905 -0.05295905843377113 0.844821035861969 -0.529956579208374 0.37860482931137085 1.2078404426574707 0.8175323009490967 0.24865741232425123 0.0053052278235554695 2998
frame-000014.color.jpg 0.05567884054259551 -0.04778405278921127 0.8438311219215393 -0.5315690040588379 0.3699519634246826 1.2118000984191895 0.8188450336456299 0.341324189619401 0.007793466094881296 3034
frame-000015.color.jpg 0.05730832822681474 -0.04544485732913017 0.8386504054069519 -0.5397369861602783 0.36567097902297974 1.2288610935211182 0.8033139109611511 0.21130309441323827 0.005870791617780924 3031
frame-000016.color.jpg 0.05778449419300328 -0.04555317759513855 0.8382003903388977 -0.540375828742981 0.36372873187065125 1.2320677042007446 0.8023147583007812 0.25852132606366035 0.006463427562266588 3045
frame-000017.color.jpg 0.058040840041413924 -0.03992248699069023 0.8273259401321411 -0.557287335395813 0.36983048915863037 1.266587495803833 0.7584275007247925 0.16610096918716 0.0045418525114655495 2930
frame-000018.color.jpg 0.059318941561407296 -0.03667505085468292 0.8156589269638062 -0.5743141174316406 0.36505651473999023 1.3121399879455566 0.7128996253013611 0.25021370827923567 0.007261594291776419 3224
frame-000019.color.jpg 0.06040715535041341 -0.037560004740953445 0.815431535243988 -0.5744664072990417 0.36006057262420654 1.3160618543624878 0.7123720645904541 0.3204112175978797 0.008053092285990715 3130
frame-000020.color.jpg 0.055612305799671455 -0.036926183849573135 0.8043540120124817 -0.5903883576393127 0.37575849890708923 1.3517087697982788 0.6617700457572937 0.4366102911003977 0.007602502126246691 3162
frame-000021.color.jpg 0.05030661020785537 -0.039820849895477295 0.7965796589851379 -0.6011192798614502 0.3857516646385193 1.3759511709213257 0.6258814930915833 0.3191898943969168 0.005969984456896782 3169
frame-000022.color.jpg 0.049963123901940146 -0.04018012434244156 0.7953774333000183 -0.6027137637138367 0.3875225782394409 1.3791841268539429 0.6196234822273254 0.30723479551314664 0.0055399732664227486 3093
frame-000023.color.jpg 0.04542082569177157 -0.045427463948726654 0.7888745665550232 -0.6111875176429749 0.39077073335647583 1.4017956256866455 0.5895137786865234 0.2583445682384598 0.004187765996903181 3155
frame-000024.color.jpg 0.04509143063724381 -0.04648759588599205 0.7877777814865112 -0.6125453114509583 0.39098501205444336 1.4083316326141357 0.5842233300209045 0.3422158227907785 0.005942453630268574 3206
frame-000025.color.jpg 0.039928146870240294 -0.048529986292123795 0.7842946648597717 -0.6171973347663879 0.39815157651901245 1.4215151071548462 0.567597508430481 0.16894362188256792 0.004126930143684149 3262
frame-000026.color.jpg 0.025973811987652765 -0.052357327193021774 0.7807496190071106 -0.6221045255661011 0.4223249852657318 1.4350117444992065 0.5380532741546631 0.23929370321983978 0.003030724823474884 3367
frame-000027.color.jpg 0.02355067333583321 -0.05379270389676094 0.7803419828414917 -0.6225898265838623 0.42378610372543335 1.4363336563110352 0.535502552986145 0.22771767983500532 0.002901862608268857 3405
frame-000028.color.jpg 0.004418791853535529 -0.0675438717007637 0.7826433181762695 -0.6187793016433716 0.43107232451438904 1.4495272636413574 0.5249645709991455 0.17272294430919316 0.0025727655738592148 3548
frame-000029.color.jpg 0.01439541127857869 0.07389330863952637 -0.7919169068336487 0.6059705018997192 0.45971840620040894 1.4486244916915894 0.5327091813087463 0.26772658011541284 0.003959547728300095 3526
frame-000030.color.jpg 0.013990855706618387 0.0734843835234642 -0.792687714099884 0.6050209999084473 0.4595034122467041 1.4494094848632812 0.5326454639434814 0.28781755487857885 0.003865458071231842 3533
frame-000031.color.jpg 0.022891266201246797 0.09033066779375076 -0.7978516817092896 0.595608115196228 0.43775519728660583 1.4706734418869019 0.5002262592315674 0.4300333525382043 0.005468817427754402 3628
frame-000032.color.jpg 0.035397123226271046 0.10572651773691177 -0.7963001728057861 0.594537615776062 0.42953044176101685 1.4857505559921265 0.4653172194957733 0.07965033104738303 0.0009974701097235084 3642
frame-000033.color.jpg 0.03888492290278961 0.11029314994812012 -0.7951856851577759 0.5949814915657043 0.4268141984939575 1.4914240837097168 0.4514566957950592 0.10291202769963578 0.0008767971303313971 3628
frame-000034.color.jpg 0.05563682489289808 0.12094869464635849 -0.7888501286506653 0.5999927520751953 0.42970699071884155 1.5054926872253418 0.3986469507217407 0.233151308763162 0.002969341119751334 3598
frame-000035.color.jpg 0.055910698499872694 0.1224372610449791 -0.7889069318771362 0.5995907187461853 0.42624592781066895 1.505271553993225 0.3966403007507324 0.29600065511278306 0.0038106029387563467 3667
frame-000036.color.jpg 0.05731308876105651 0.13334546983242035 -0.784279465675354 0.6031914353370667 0.37996190786361694 1.52342689037323 0.36354514956474304 0.23290616900498204 0.002804362215101719 3615
frame-000037.color.jpg 0.06411605461427204 0.13338600099086761 -0.7831556797027588 0.6039573550224304 0.3794790804386139 1.528324007987976 0.3546018898487091 0.30716398566136066 0.0023750094696879387 3709
frame-000038.color.jpg 0.060556965083793816 0.1261606365442276 -0.7815655469894409 0.6079240441322327 0.3607548177242279 1.5344109535217285 0.35974276065826416 0.23461251567829516 0.0030829645693302155 3925
frame-000039.color.jpg 0.06438086624083034 0.1271568387746811 -0.7785643339157104 0.6111659407615662 0.35416796803474426 1.5378433465957642 0.35048139095306396 0.24909529148307252 0.003793066833168268 4055
frame-000040.color.jpg 0.06675349762287464 0.1294763684272766 -0.7791430354118347 0.6096851229667664 0.3478924632072449 1.53557288646698 0.35860663652420044 0.3351793939243431 0.00626938184723258 4045
frame-000041.color.jpg 0.07815413229727268 0.15316693484783173 -0.7815414071083069 0.5996872186660767 0.27503564953804016 1.5289547443389893 0.3968048691749573 0.22704314529361366 0.004183188546448946 4072
frame-000042.color.jpg 0.08272061537935013 0.16168718039989471 -0.7822481393814087 0.5959047675132751 0.249365895986557 1.5241806507110596 0.4095260202884674 0.22054934294022405 0.0028512394055724144 4103
frame-000043.color.jpg 0.08547777900942777 0.1722692847251892 -0.7790964245796204 0.5966788530349731 0.18445366621017456 1.522613525390625 0.40868639945983887 0.3045856159301073 0.0023832230363041162 4226
frame-000044.color.jpg 0.09228083094840672 0.17589621245861053 -0.7758248448371887 0.5988659858703613 0.16061007976531982 1.521488904953003 0.3965720534324646 0.3205267705248146 0.003791852155700326 4177
frame-000045.color.jpg 0.09746712859523902 0.1784307360649109 -0.7732740640640259 0.6005913615226746 0.14391890168190002 1.5229451656341553 0.3884686827659607 0.36268512600093983 0.003731957171112299 4230
frame-000046.color.jpg 0.10283943902457536 0.18170103430747986 -0.7688009738922119 0.6044450402259827 0.12094401568174362 1.5272587537765503 0.3756459653377533 0.384377006392107 0.004063470289111137 4209
frame-000047.color.jpg 0.11029214284235839 0.18815648555755615 -0.7652405500411987 0.6056728959083557 0.10214448720216751 1.5296036005020142 0.37214162945747375 0.32451912281639284 0.002126528648659587 4049
frame-000048.color.jpg 0.11341395010611224 0.19081595540046692 -0.7655725479125977 0.60384202003479 0.08469131588935852 1.5270227193832397 0.3822442889213562 0.46666712551242057 0.00299513665959239 4029
frame-000049.color.jpg 0.11342034587078635 0.19225168228149414 -0.7654979228973389 0.6034799218177795 0.06594720482826233 1.5225639343261719 0.390900194644928 0.4128884037827087 0.002464727032929659 3929
frame-000050.color.jpg 0.11473670700049135 0.19256339967250824 -0.764715313911438 0.604123592376709 0.055230867117643356 1.5220253467559814 0.39343172311782837 0.4007734091032515 0.0014603615272790194 3867
frame-000051.color.jpg 0.11283369260118854 0.19246962666511536 -0.7638223171234131 0.6056396961212158 0.03575365990400314 1.520450472831726 0.39873355627059937 0.4267208441928803 0.0019326095934957266 3903
frame-000052.color.jpg 0.11401039412782349 0.18961277604103088 -0.7636793255805969 0.6065001487731934 0.03020235151052475 1.5219775438308716 0.40339043736457825 0.45594308818526585 0.003773448755964637 3856
frame-000053.color.jpg 0.11574572169930963 0.18659035861492157 -0.7630784511566162 0.6078636646270752 0.02918892167508602 1.518635869026184 0.40404412150382996 0.4985527430747144 0.002740803873166442 3885
frame-000054.color.jpg 0.11783453772547484 0.1846027821302414 -0.7630408406257629 0.6081164479255676 0.026916202157735825 1.514082431793213 0.40466850996017456 0.48451003422372685 0.0031490314286202192 3856
frame-000055.color.jpg 0.12035704344192509 0.18592508137226105 -0.7651615738868713 0.6045442223548889 0.020637154579162598 1.5115463733673096 0.4226920008659363 0.6633977045065326 0.006504582241177559 3875
frame-000056.color.jpg 0.11700170161648436 0.1783262938261032 -0.7705998420715332 0.6005715727806091 0.02198692597448826 1.5042136907577515 0.4366687834262848 0.6863964455458464 0.00781760923564434 3961
frame-000057.color.jpg 0.11080373356580478 0.16672763228416443 -0.773579478263855 0.6012480854988098 0.023213669657707214 1.5025781393051147 0.42769819498062134 0.7234486743284317 0.00805162638425827 3994
frame-000058.color.jpg 0.09979247505188266 0.1553284078836441 -0.7756412029266357 0.6035686731338501 0.01766851358115673 1.5032674074172974 0.41212084889411926 0.5662399177495407 0.005351587198674679 3879
frame-000059.color.jpg 0.09306766850240979 0.1437729150056839 -0.7801339030265808 0.6017131209373474 0.01508033461868763 1.50180983543396 0.4043465256690979 0.6408582403280492 0.0077034044079482555 3902
frame-000060.color.jpg 0.08433144453907378 0.13571539521217346 -0.7869991064071655 0.5959043502807617 0.008184567093849182 1.4914346933364868 0.41650763154029846 0.5406169433259139 0.005654662847518921 3847
frame-000061.color.jpg 0.08829603510205553 0.12874875962734222 -0.7840299010276794 0.6007701754570007 0.022860659286379814 1.4906824827194214 0.3830810487270355 0.3908179815011348 0.004145872313529253 3912
frame-000062.color.jpg 0.09707156946754558 0.15969999134540558 -0.783822238445282 0.5921957492828369 -0.05438151955604553 1.4804784059524536 0.4000367224216461 0.5207836748017837 0.006266732234507799 3835
frame-000063.color.jpg 0.10136375125941548 0.169974222779274 -0.7826691269874573 0.5901382565498352 -0.08322589844465256 1.474678874015808 0.40335598587989807 0.5747916881163669 0.006641855929046869 3788
frame-000064.color.jpg 0.10583079163373312 0.18013660609722137 -0.7828958630561829 0.5860244035720825 -0.11768908053636551 1.464895486831665 0.41502201557159424 0.4467456248180355 0.00529300794005394 3684
frame-000065.color.jpg 0.11015683535512681 0.1870095431804657 -0.7815890312194824 0.5848175287246704 -0.13737931847572327 1.4617877006530762 0.41893768310546875 0.5081298955906888 0.005909809842705727 3656
frame-000066.color.jpg 0.11567609747028354 0.1942589282989502 -0.7795938849449158 0.584051251411438 -0.15659835934638977 1.4564930200576782 0.4200076460838318 0.5573952496611974 0.0075307805091142654 3648
frame-000067.color.jpg 0.12042982388986688 0.20366249978542328 -0.7773506045341492 0.5828758478164673 -0.1738208383321762 1.4522353410720825 0.42144548892974854 0.5074696617578718 0.005842320155352354 3556
frame-000068.color.jpg 0.12696944362797152 0.2083244025707245 -0.7763873934745789 0.5811216235160828 -0.18102063238620758 1.4523595571517944 0.4265597462654114 0.700840054484602 0.009165104478597641 3539
frame-000069.color.jpg 0.12845870745749066 0.21045640110969543 -0.777409017086029 0.5786550045013428 -0.19176554679870605 1.4481701850891113 0.4359283447265625 0.7348008756158161 0.009543086402118206 3501
frame-000070.color.jpg 0.12662227005167584 0.2086552381515503 -0.7785230875015259 0.5782141089439392 -0.19876916706562042 1.4442024230957031 0.4344026446342468 0.542731313760856 0.007000573445111513 3534
frame-000071.color.jpg 0.12619703224009074 0.20898063480854034 -0.7801918387413025 0.5759358406066895 -0.2055007964372635 1.4389549493789673 0.4391917884349823 0.6058112590362443 0.00791473500430584 3490
frame-000072.color.jpg 0.12310343202745137 0.2077329158782959 -0.782578706741333 0.5738145112991333 -0.21162442862987518 1.4324731826782227 0.4435746371746063 0.4943249627001823 0.006758991163223982 3505
frame-000073.color.jpg 0.12034213224590311 0.20289801061153412 -0.7854335904121399 0.572227418422699 -0.21711988747119904 1.4308143854141235 0.44573768973350525 0.4001997265738233 0.005590084008872509 3504
frame-000074.color.jpg 0.11978566489774263 0.198867529630661 -0.7860841155052185 0.57286536693573 -0.21742942929267883 1.4293044805526733 0.44442111253738403 0.39047689892945725 0.005766209214925766 3466
frame-000075.color.jpg 0.12165551474385566 0.1932523548603058 -0.7897879481315613 0.5692877173423767 -0.2069428414106369 1.4168250560760498 0.45231759548187256 0.5043908472677828 0.008219968527555466 3559
frame-000076.color.jpg 0.10738495594832215 0.1885720193386078 -0.8099152445793152 0.5449278354644775 -0.2120569348335266 1.3705745935440063 0.5286269783973694 0.739953613014356 0.009968451224267483 3354
frame-000077.color.jpg 0.10437287561719051 0.1865660548210144 -0.8145110607147217 0.5393247604370117 -0.2038803994655609 1.3594571352005005 0.5455788969993591 0.4255300700801974 0.00845538079738617 3313
frame-000078.color.jpg 0.10214051945543916 0.1860494613647461 -0.8231513500213623 0.5266637802124023 -0.19903090596199036 1.3344707489013672 0.5878111720085144 0.4902402427722502 0.008615541271865368 3297
frame-000079.color.jpg 0.088133592559149 0.17919552326202393 -0.8376826643943787 0.5083395838737488 -0.20527377724647522 1.289368987083435 0.6478235721588135 0.5862553068645872 0.00870582927018404 3209
frame-000080.color.jpg 0.07420943315187792 0.17696154117584229 -0.8466649055480957 0.4963226020336151 -0.2166173756122589 1.2575089931488037 0.6839840412139893 0.29505894278096756 0.009387586265802383 3095
frame-000081.color.jpg 0.065905526170759 0.17304717004299164 -0.8555634021759033 0.48344841599464417 -0.22598592936992645 1.2265592813491821 0.7297862768173218 0.686035299293482 0.007558862213045359 3099
frame-000082.color.jpg 0.04648328740050907 0.16292618215084076 -0.8630213141441345 0.4759081304073334 -0.24481546878814697 1.1976335048675537 0.7498592734336853 0.33833192643270066 0.0031232384499162436 3209
frame-000083.color.jpg 0.033706077074138016 0.15555305778980255 -0.8652762174606323 0.47535696625709534 -0.26656147837638855 1.1823312044143677 0.7503983974456787 0.40906515203394117 0.0030069500207901 3260
frame-000084.color.jpg 0.01188794187362003 0.14813578128814697 -0.8753386735916138 0.46010515093803406 -0.30216076970100403 1.136988878250122 0.7794080376625061 0.3865609593792185 0.003600008087232709 3290
frame-000085.color.jpg 0.002284361917515754 -0.1427156925201416 0.8848983645439148 -0.4433755874633789 -0.3251110017299652 1.099266767501831 0.8155757188796997 0.4422664881459616 0.005326748359948397 3235
frame-000086.color.jpg 0.013929111311929405 -0.14314083755016327 0.8926411271095276 -0.42721012234687805 -0.34444472193717957 1.0608173608779907 0.8459987640380859 0.48275270125547665 0.00739170890301466 3174
frame-000087.color.jpg 0.029526308834445694 -0.1309555470943451 0.9063401818275452 -0.4006572663784027 -0.356822669506073 1.0036852359771729 0.88482666015625 0.37537382989025164 0.0074760811403393745 3076
frame-000088.color.jpg 0.03126381531246357 -0.11534084379673004 0.9147226810455322 -0.3860071003437042 -0.34752073884010315 0.9723303318023682 0.9031127691268921 0.42225366035185397 0.006995026487857103 2881
frame-000089.color.jpg 0.0318536073652214 -0.09878256916999817 0.92570561170578 -0.3637257218360901 -0.33173269033432007 0.9263701438903809 0.9415941834449768 0.3916476093614533 0.0044912914745509624 2673
frame-000090.color.jpg 0.03550994345164046 -0.09568857401609421 0.9279564619064331 -0.35844025015830994 -0.3359636664390564 0.9034814238548279 0.9467898607254028 0.38827875195547673 0.006328872870653868 2369
frame-000091.color.jpg 0.042249454185053506 -0.08290111273527145 0.9228788018226624 -0.37368065118789673 -0.3402521014213562 0.9355902671813965 0.9088008403778076 0.4051282416685164 0.005151389166712761 2611
frame-000092.color.jpg 0.04767548729886674 -0.015185472555458546 0.9096931219100952 -0.41225576400756836 -0.27626630663871765 1.0669538974761963 0.8163959383964539 0.15744329086755895 0.0039020469412207603 3462
frame-000093.color.jpg 0.06894665074059693 0.035989098250865936 0.9020712375640869 -0.42452168464660645 -0.2600692808628082 1.1246232986450195 0.7679489254951477 0.1424697552987456 0.006191166117787361 4022
frame-000094.color.jpg 0.09975214613198494 0.07170797139406204 0.8830686211585999 -0.45287662744522095 -0.28104352951049805 1.1973732709884644 0.6774685978889465 0.3098500375937475 0.006514179520308971 4138
frame-000095.color.jpg 0.12380067690348016 0.09712476283311844 0.8646793365478516 -0.4770428538322449 -0.28770676255226135 1.2581177949905396 0.5935396552085876 0.22941530200887084 0.008501886390149593 4264
frame-000096.color.jpg 0.13773358103978606 0.11578873544931412 0.8547859787940979 -0.4867887496948242 -0.2833080589771271 1.2873550653457642 0.5517004728317261 0.20280900712838695 0.009468971751630306 4251
frame-000097.color.jpg 0.1494909894086323 0.13380445539951324 0.8467164635658264 -0.4927677810192108 -0.27678143978118896 1.3096100091934204 0.5245218873023987 0.11034926327234663 0.00901942141354084 4247
frame-000098.color.jpg 0.17013280340742695 0.1582271158695221 0.8380165696144104 -0.493707537651062 -0.27866432070732117 1.323993444442749 0.4969635307788849 0.14309076890468786 0.011376903392374516 4285
frame-000099.color.jpg 0.18694045511770685 0.1817522794008255 0.8265200853347778 -0.4988826513290405 -0.26367902755737305 1.3466993570327759 0.4652177691459656 0.12649164831341148 0.011490448378026485 4230
frame-000100.color.jpg 0.20190720624177172 0.19939039647579193 0.815361499786377 -0.5046408772468567 -0.25164011120796204 1.3649488687515259 0.43720877170562744 0.1654816364480838 0.011542044579982758 4232
frame-000101.color.jpg 0.21271811542645402 0.21719512343406677 0.8063349723815918 -0.5073472261428833 -0.22033636271953583 1.3793410062789917 0.4229632318019867 0.11817343839968798 0.00994872860610485 4280
frame-000102.color.jpg 0.21822158114940474 0.2446032017469406 0.8010627627372742 -0.500846266746521 -0.1581626683473587 1.3867640495300293 0.4327615797519684 0.2285625155383977 0.010877418331801891 4352
frame-000103.color.jpg 0.22014024085672002 0.25079476833343506 0.7989599108695984 -0.5003030896186829 -0.1446244716644287 1.3955427408218384 0.41296395659446716 0.19495597044973834 0.007615877315402031 4316
frame-000104.color.jpg 0.23402738466813436 0.2496936172246933 0.796355128288269 -0.4987010955810547 -0.16379719972610474 1.3931959867477417 0.3819695711135864 0.17283864397847346 0.003400161862373352 4229
frame-000105.color.jpg 0.23684030866743877 0.2712518274784088 0.7903378009796143 -0.49567654728889465 -0.09364623576402664 1.4256541728973389 0.36799731850624084 0.15615949544807423 0.0037323366850614548 4322
frame-000106.color.jpg 0.253794017515047 0.3077353537082672 0.7727946043014526 -0.49363547563552856 0.022023377940058708 1.4519556760787964 0.3482009768486023 0.16826473843166567 0.004335302393883467 4201
frame-000107.color.jpg 0.2778833202388381 0.3343414068222046 0.7621424198150635 -0.47972455620765686 0.08656700700521469 1.4580107927322388 0.3575206696987152 0.36527624897603406 0.005016263574361801 3954
frame-000108.color.jpg 0.28897214534142135 0.35048991441726685 0.7515712380409241 -0.4783226549625397 0.1529080867767334 1.4651424884796143 0.35363829135894775 0.3169330238043301 0.004053137730807066 3581
frame-000109.color.jpg 0.29973438745400577 0.3758723735809326 0.7430943846702576 -0.465499609708786 0.19946026802062988 1.4532274007797241 0.392839252948761 0.26094636338413224 0.004286376293748617 3413
frame-000110.color.jpg 0.31249379086714724 0.3938526213169098 0.7302306890487671 -0.4625915586948395 0.21723784506320953 1.4458425045013428 0.3981652855873108 0.2568279727580261 0.003289904212579131 3413
frame-000111.color.jpg 0.3215651106678318 0.42232730984687805 0.7236441969871521 -0.44110628962516785 0.19211946427822113 1.4261356592178345 0.44444677233695984 0.11295354636778507 0.006539677269756794 3348
frame-000112.color.jpg 0.33180470938841305 0.44056472182273865 0.7131969928741455 -0.432618111371994 0.16638202965259552 1.416308045387268 0.4488639831542969 0.15057841714316722 0.005374647211283445 3671
frame-000113.color.jpg 0.33511920008037227 0.4578210711479187 0.7113622426986694 -0.4147998094558716 0.11009880155324936 1.3937797546386719 0.4839257597923279 0.13600276677393355 0.007409410085529089 3974
frame-000114.color.jpg 0.3430396660152275 0.480919748544693 0.7038071751594543 -0.39458248019218445 0.06830134242773056 1.374037742614746 0.5070569515228271 0.23692875021972287 0.008403629064559937 4156
frame-000115.color.jpg 0.34613761795859826 0.492308646440506 0.6943029165267944 -0.39466995000839233 0.06963582336902618 1.376756191253662 0.4916347861289978 0.33022814710631854 0.007106653414666653 4179
frame-000116.color.jpg 0.3421749558397393 0.49420487880706787 0.6942958831787109 -0.39576640725135803 0.051324982196092606 1.3806909322738647 0.4812774658203125 0.16817064990780609 0.004326274152845144 4196
frame-000117.color.jpg 0.33756554678123063 0.5015426874160767 0.6976550817489624 -0.38442397117614746 0.022462885826826096 1.3657097816467285 0.5014840960502625 0.2232340475110754 0.003740027779713273 4335
frame-000118.color.jpg 0.33597513494623577 0.5197613835334778 0.6906437277793884 -0.3741390109062195 0.029776304960250854 1.3667322397232056 0.5205059051513672 0.05623688279961567 0.0013942650984972715 4303
frame-000119.color.jpg 0.3406300539656158 0.5340753197669983 0.679485023021698 -0.3701820373535156 0.03115520440042019 1.3703315258026123 0.5147091746330261 0.06978788473142841 0.0010529770515859127 4336
frame-000120.color.jpg 0.3418946831699723 0.5404292941093445 0.6733534336090088 -0.37099772691726685 0.035321906208992004 1.3682242631912231 0.5110489726066589 0.11279208976715095 0.0005235611461102962 4374
frame-000121.color.jpg 0.33301738364402217 0.5642208456993103 0.6738558411598206 -0.3415737450122833 0.023328974843025208 1.3175554275512695 0.5813491940498352 0.23617996405153377 0.002794788219034672 4325
frame-000122.color.jpg 0.32753419191940764 0.576613187789917 0.66951984167099 -0.3346368372440338 0.03943884000182152 1.306097149848938 0.6043868660926819 0.18011614383805594 0.0020686325151473284 4290
frame-000123.color.jpg 0.3204725786448733 0.5903931856155396 0.6696844696998596 -0.31663212180137634 0.03612241894006729 1.2700148820877075 0.6526377201080322 0.2791613573226455 0.0028361899312585592 4166
frame-000124.color.jpg 0.3174617101122265 0.5957058668136597 0.6681326031684875 -0.31297188997268677 0.03621077910065651 1.2543175220489502 0.664037823677063 0.22668453368176156 0.004568194039165974 4130
frame-000125.color.jpg 0.31278933021778704 0.5919595956802368 0.6750543117523193 -0.3099167048931122 0.030935216695070267 1.2349046468734741 0.6901901960372925 0.14000652494781718 0.0034039027523249388 4154
frame-000126.color.jpg 0.31315718344370824 0.5939497351646423 0.6705252528190613 -0.31551894545555115 0.062195442616939545 1.2350484132766724 0.6919151544570923 0.27095224367265713 0.005479918327182531 4213
frame-000127.color.jpg 0.3129265588871342 0.60309237241745 0.6625034809112549 -0.31535017490386963 0.09686566889286041 1.2259997129440308 0.706583559513092 0.2583491839522349 0.006455796770751476 3948
frame-000128.color.jpg 0.3029077902021588 0.6171033978462219 0.6557090282440186 -0.31221139430999756 0.1739451289176941 1.1808321475982666 0.7710832953453064 0.4894578125863135 0.006375493481755257 3710
frame-000129.color.jpg 0.3123381959262273 0.6184728145599365 0.653506338596344 -0.30473873019218445 0.16088742017745972 1.163318157196045 0.7920961976051331 0.44244127161960517 0.009536256082355976 3690
frame-000130.color.jpg 0.3179137318715931 0.6201893091201782 0.6479510068893433 -0.3073362708091736 0.16610339283943176 1.1641998291015625 0.7914920449256897 0.435098311333739 0.009385778568685055 3625
frame-000131.color.jpg 0.32159547462598587 0.6264832019805908 0.6409990191459656 -0.3053121566772461 0.16944520175457 1.1615656614303589 0.7945970892906189 0.4357811701681816 0.010400334373116493 3680
frame-000132.color.jpg 0.34241599735166134 0.6440597176551819 0.6172567009925842 -0.2948431372642517 0.14566034078598022 1.1692098379135132 0.7863279581069946 0.6510001107501661 0.013837544247508049 3690
frame-000133.color.jpg 0.35495261159919383 0.6539772748947144 0.5996049642562866 -0.2946118414402008 0.14398545026779175 1.1839171648025513 0.7702739834785461 0.5733823212698171 0.012935852631926537 3725
frame-000134.color.jpg 0.37118853753604497 0.6704702377319336 0.5740293860435486 -0.28840744495391846 0.1296866089105606 1.1978093385696411 0.7617745399475098 0.22222129854384912 0.011764082126319408 3802
frame-000135.color.jpg 0.38032364366048815 0.6808491349220276 0.5598772764205933 -0.2798851430416107 0.11969760060310364 1.1959846019744873 0.7614824771881104 0.26653780703471325 0.01305477600544691 3885
frame-000136.color.jpg 0.3917516833655279 0.6930550932884216 0.535723865032196 -0.2814340889453888 0.12579195201396942 1.2140538692474365 0.7398466467857361 0.24724374992904372 0.012885401956737041 3974
frame-000137.color.jpg 0.3970986610042104 0.696062445640564 0.5309388637542725 -0.27552416920661926 0.10245884954929352 1.2203481197357178 0.7354453802108765 0.17410959277262475 0.01135155837982893 4052
frame-000138.color.jpg 0.40362977032558695 0.703826367855072 0.5215520262718201 -0.26399824023246765 0.06124882027506828 1.2273619174957275 0.7288495898246765 0.15859256357690615 0.011907435953617096 4195
frame-000139.color.jpg 0.4050018179226369 0.7078520655632019 0.5159294605255127 -0.262175053358078 0.04515060782432556 1.23304283618927 0.71854567527771 0.13394394498685075 0.01104185450822115 4308
frame-000140.color.jpg 0.4089284216360801 0.7102752327919006 0.5115687251091003 -0.2580389976501465 0.017907636240124702 1.2447413206100464 0.6990895867347717 0.19427727376182122 0.00977037288248539 4340
frame-000141.color.jpg 0.41359671952800486 0.7081007361412048 0.5111547112464905 -0.2573945224285126 -0.00388359185308218 1.2593519687652588 0.669803261756897 0.38971914813798253 0.012597046792507172 4480
frame-000142.color.jpg 0.4216632646078592 0.6956712603569031 0.5169618129730225 -0.2664433419704437 -0.03578794375061989 1.2838085889816284 0.6225822567939758 0.2918592926395075 0.010846163146197796 4581
frame-000143.color.jpg 0.4288295304061738 0.6856370568275452 0.5205892324447632 -0.2738502025604248 -0.05450458452105522 1.3001986742019653 0.591279149055481 0.3270502681928379 0.009725159034132957 4586
frame-000144.color.jpg 0.43805001423169937 0.6816565990447998 0.514648973941803 -0.280344158411026 -0.055149100720882416 1.3242905139923096 0.5566309094429016 0.44216411534969075 0.010681141167879105 4502
frame-000145.color.jpg 0.45444910720020953 0.6839497685432434 0.4946081042289734 -0.2846957743167877 -0.04723646119236946 1.3646897077560425 0.5055690407752991 0.10714687838717592 0.008296672254800797 4560
frame-000146.color.jpg 0.4723155877990451 0.6804088950157166 0.48338815569877625 -0.28336814045906067 -0.06036872789263725 1.3967028856277466 0.45996513962745667 0.09275220802062777 0.007555742748081684 4514
frame-000147.color.jpg 0.4814136444978711 0.6754992604255676 0.47931352257728577 -0.2867059111595154 -0.06261543184518814 1.4125769138336182 0.429016649723053 0.07060085066543183 0.007740128319710493 4464
frame-000148.color.jpg 0.49036599913384304 0.6687192320823669 0.47799569368362427 -0.2896132469177246 -0.07134343683719635 1.4260963201522827 0.39855051040649414 0.08294757818878024 0.008348561823368073 4357
frame-000149.color.jpg 0.5061611751507693 0.655916690826416 0.4737119972705841 -0.298615425825119 -0.08285444229841232 1.450864315032959 0.3377244472503662 0.11614388504041571 0.008727540262043476 4157
frame-000150.color.jpg 0.5167819661870434 0.6486350893974304 0.46965909004211426 -0.302703320980072 -0.09036504477262497 1.4614893198013306 0.2972584366798401 0.08725911509203095 0.009821888990700245 4070
frame-000151.color.jpg 0.5333975255836201 0.6434262990951538 0.45938989520072937 -0.300750195980072 -0.10526398569345474 1.4788504838943481 0.24127541482448578 0.208000151000795 0.00980392750352621 3865
frame-000152.color.jpg 0.5377816788823758 0.6437014937400818 0.4546756446361542 -0.2995153069496155 -0.09865278750658035 1.4853274822235107 0.22164961695671082 0.3162070227203253 0.011212892830371857 3818
frame-000153.color.jpg 0.540204498839516 0.6522783637046814 0.44450920820236206 -0.2917596101760864 -0.08042682707309723 1.5071985721588135 0.21272850036621094 0.507114545281884 0.015244407579302788 3834
frame-000154.color.jpg 0.5451532926589723 0.673006534576416 0.4187541604042053 -0.2729743719100952 -0.040090009570121765 1.5224621295928955 0.20682868361473083 0.4601098771049439 0.011894398368895054 3953
frame-000155.color.jpg 0.5485298351171788 0.6907761096954346 0.3941987454891205 -0.2579742968082428 0.00028307599131949246 1.5203436613082886 0.2095222920179367 0.3577685904177207 0.00981745682656765 4120
frame-000156.color.jpg 0.5539016541135847 0.7114070653915405 0.3643409013748169 -0.23312802612781525 0.03668954595923424 1.5234005451202393 0.22149519622325897 0.09323931923634736 0.007748761214315891 4240
frame-000157.color.jpg 0.5615262017968327 0.7222557067871094 0.34138044714927673 -0.21562543511390686 0.05041297897696495 1.5262417793273926 0.21763049066066742 0.13314091751169824 0.009420638903975487 4248
frame-000158.color.jpg 0.5718096434336926 0.7361037731170654 0.3058452606201172 -0.1940198689699173 0.07324281334877014 1.5268678665161133 0.21686500310897827 0.09486959334375816 0.008041429333388805 4250
frame-000159.color.jpg 0.5743981802614947 0.7458336353302002 0.28663960099220276 -0.17786696553230286 0.0768907368183136 1.5233955383300781 0.23177145421504974 0.09292336295627476 0.007981239818036556 4299
frame-000160.color.jpg 0.5753169415958912 0.7590516209602356 0.260516881942749 -0.15805713832378387 0.09442935883998871 1.5142487287521362 0.25556859374046326 0.16496066110109844 0.008721770718693733 4380
frame-000161.color.jpg 0.5742555068475973 0.7660574913024902 0.24865835905075073 -0.14681805670261383 0.10357137024402618 1.5096526145935059 0.2769269645214081 0.12961854093195505 0.0071715605445206165 4394
frame-000162.color.jpg 0.5669175858096299 0.7763340473175049 0.2415534108877182 -0.13252079486846924 0.10229568928480148 1.485229730606079 0.32108074426651 0.258589601274934 0.0055738952942192554 4576
frame-000163.color.jpg 0.5541767490827167 0.7900941371917725 0.23257017135620117 -0.12062492221593857 0.10797883570194244 1.4621024131774902 0.37442365288734436 0.13046309649086976 0.0033248986583203077 4683
frame-000164.color.jpg 0.5448036639520433 0.7994696497917175 0.22329829633235931 -0.1190594807267189 0.12707176804542542 1.4450631141662598 0.4045456349849701 0.17421607435456818 0.005505017004907131 4643
frame-000165.color.jpg 0.5378674055543762 0.8078464865684509 0.21224182844161987 -0.1141757145524025 0.14197556674480438 1.4305479526519775 0.43325093388557434 0.15216007284348798 0.006691682618111372 4558
frame-000166.color.jpg 0.5349166492996006 0.8111602067947388 0.2121773362159729 -0.1042313501238823 0.12336454540491104 1.4223803281784058 0.4526515603065491 0.12011094428772374 0.005909162573516369 4484
frame-000167.color.jpg 0.5294074336373662 0.8185104131698608 0.20144370198249817 -0.09585881978273392 0.1277318298816681 1.4071435928344727 0.4809699058532715 0.14536842354947555 0.005992445163428783 4567
frame-000168.color.jpg 0.522915492281881 0.8253689408302307 0.19408254325389862 -0.08750705420970917 0.13086165487766266 1.3883055448532104 0.509223222732544 0.10673240463245383 0.005187679547816515 4503
frame-000169.color.jpg 0.5122590774707804 0.83614182472229 0.18075737357139587 -0.07605333626270294 0.1346292495727539 1.3569872379302979 0.5464863181114197 0.2768481376694062 0.007633984554558992 4606
frame-000170.color.jpg 0.49456471727906215 0.8474205136299133 0.1797550916671753 -0.07051422446966171 0.12328778207302094 1.3280341625213623 0.5933576226234436 0.12317197627358693 0.005867697764188051 4523
frame-000171.color.jpg 0.48732030614203214 0.8499224185943604 0.18925799429416656 -0.06581971049308777 0.083501435816288 1.3094967603683472 0.61468106508255 0.2117739238987196 0.006526024546474218 4462
frame-000172.color.jpg 0.48450322313172717 0.8497955203056335 0.1954890787601471 -0.06991489976644516 0.06227345019578934 1.2998530864715576 0.6271311640739441 0.17170455243177368 0.0066133118234574795 4462
frame-000173.color.jpg 0.46590204538392616 0.8589174151420593 0.19760411977767944 -0.07841480523347855 0.06506404280662537 1.2507739067077637 0.6884478330612183 0.29689236832543997 0.008751383982598782 4363
frame-000174.color.jpg 0.4638916494896549 0.8595630526542664 0.19929692149162292 -0.07897256314754486 0.05694989487528801 1.2401059865951538 0.696746826171875 0.2560260124999314 0.00970674678683281 4383
frame-000175.color.jpg 0.46416652099975314 0.8592148423194885 0.1995311677455902 -0.08053886145353317 0.04438653588294983 1.2254079580307007 0.7098577618598938 0.21062888003696398 0.009794282726943493 4394
frame-000176.color.jpg 0.4631319567870583 0.8597506284713745 0.19939716160297394 -0.08110678941011429 0.04389648512005806 1.2212227582931519 0.7146927714347839 0.16148748322772052 0.008520741946995258 4390
frame-000177.color.jpg 0.45392328940395027 0.8655779957771301 0.19284014403820038 -0.08683896064758301 0.06379599124193192 1.2002437114715576 0.7394411563873291 0.19692182429087232 0.008563878014683723 4376
frame-000178.color.jpg 0.442289851885077 0.8738335371017456 0.18393723666667938 -0.08343687653541565 0.06203747168183327 1.1729189157485962 0.7655556797981262 0.1924292006632303 0.008191651664674282 4320
frame-000179.color.jpg 0.4377526122149107 0.8761857151985168 0.18329311907291412 -0.08411253988742828 0.06007257476449013 1.1600561141967773 0.77754145860672 0.30022888905456474 0.009257206693291664 4351
frame-000180.color.jpg 0.4275187920220095 0.8815745115280151 0.18174225091934204 -0.08380874991416931 0.06464464962482452 1.135650396347046 0.8000714182853699 0.21547744723381357 0.0074790287762880325 4242
frame-000181.color.jpg 0.4251499259685696 0.8864614367485046 0.16634079813957214 -0.07592376321554184 0.07134547829627991 1.1323789358139038 0.8044993281364441 0.3060134989926102 0.008027675561606884 4364
frame-000182.color.jpg 0.42552408357592353 0.8926123976707458 0.13535287976264954 -0.062064167112112045 0.07068278640508652 1.1306995153427124 0.8054057955741882 0.254697487345511 0.0056241536512970924 4336
frame-000183.color.jpg 0.42516157903212626 0.8980228900909424 0.10292142629623413 -0.046901777386665344 0.062218789011240005 1.1280564069747925 0.8009341955184937 0.29845845599692983 0.005965979304164648 4439
frame-000184.color.jpg 0.42419068063859267 0.9005277156829834 0.08768787235021591 -0.03772115334868431 0.05090300366282463 1.1268938779830933 0.7979783415794373 0.2795987028729379 0.005807160399854183 4519
frame-000185.color.jpg 0.4251941640765294 0.9015413522720337 0.0738409236073494 -0.0313153900206089 0.04694673418998718 1.1315301656723022 0.7921528220176697 0.30865339378724654 0.0053742122836411 4572
frame-000186.color.jpg 0.43911865782550735 0.8965137600898743 0.055224351584911346 -0.019700365141034126 0.032831910997629166 1.1612612009048462 0.7556471824645996 0.2388114278314134 0.0034832684323191643 4617
frame-000187.color.jpg 0.4371287162153628 0.8982943296432495 0.043011922389268875 -0.011655670590698719 0.020338255912065506 1.1604881286621094 0.7598535418510437 0.22064734014655785 0.003021141979843378 4576
frame-000188.color.jpg 0.43324104943424835 0.9009681344032288 0.0235745869576931 -0.0016958842752501369 0.00988092366605997 1.1556459665298462 0.7671077251434326 0.21257549729063083 0.0025399166624993086 4613
frame-000189.color.jpg 0.43666730521920344 0.8995528221130371 0.009825441054999828 0.005458267871290445 0.004027249291539192 1.1628721952438354 0.7566062211990356 0.256156586506955 0.002795447828248143 4539
frame-000190.color.jpg 0.44856013222993446 0.8937027454376221 0.0024036483373492956 0.009129557758569717 -0.0015592797426506877 1.1862850189208984 0.7278441786766052 0.2531716070766743 0.00280594639480114 4572
frame-000191.color.jpg 0.46300601263637253 0.8862043023109436 0.002159667434170842 0.01620594784617424 -0.022439179942011833 1.2140436172485352 0.6934215426445007 0.04310058474120312 0.0011632767273113132 4628
frame-000192.color.jpg 0.47483009078983796 0.8799587488174438 0.001699969987384975 0.014361085370182991 -0.021675780415534973 1.2372137308120728 0.6659812331199646 0.0905867912597891 0.001998548861593008 4618
frame-000193.color.jpg 0.4825427399662689 0.8757880330085754 0.001741997548379004 0.012031786143779755 -0.018947603181004524 1.251193642616272 0.647972047328949 0.09814384195755947 0.001984973205253482 4630
frame-000194.color.jpg 0.49884904655970086 0.8666629791259766 0.0014880138915032148 0.006534028332680464 -0.009474268183112144 1.2842642068862915 0.6098898649215698 0.11381620459604297 0.0033513102680444717 4676
frame-000195.color.jpg 0.5147471246977008 0.8573012948036194 0.0016228562453761697 0.008199586533010006 -0.01647244207561016 1.309583306312561 0.5692591071128845 0.06598314252850736 0.002783664967864752 4695
frame-000196.color.jpg 0.5278826024017582 0.8492845892906189 0.0027393908239901066 0.006937464699149132 -0.014818092808127403 1.3325804471969604 0.5345130562782288 0.09096240497339353 0.002786372322589159 4711
frame-000197.color.jpg 0.5384199226312282 0.8426263928413391 0.00106425688136369 0.009147350676357746 -0.021666444838047028 1.3492255210876465 0.5059517025947571 0.08255584282749621 0.003477322170510888 4702
frame-000198.color.jpg 0.551653629092262 0.8339036703109741 -0.004825863521546125 0.01611148752272129 -0.03542029485106468 1.3750791549682617 0.4703427851200104 0.29480814677238115 0.0076846349984407425 4582
frame-000199.color.jpg 0.5595721444801884 0.8285568952560425 -0.006188503000885248 0.01827986352145672 -0.039818573743104935 1.3885024785995483 0.44652995467185974 0.3153013022837846 0.008518071845173836 4410
frame-000200.color.jpg 0.5873443058833766 0.8091915845870972 -0.0070671988651156425 0.013625377789139748 -0.03125336021184921 1.4244391918182373 0.3689865469932556 0.3233029756181603 0.009966340847313404 4258
frame-000201.color.jpg 0.592353001014858 0.8055805563926697 -0.005600352305918932 0.011247317306697369 -0.030434196814894676 1.430188775062561 0.35595306754112244 0.4227850810857927 0.012066306546330452 4190
frame-000202.color.jpg 0.6046494092312314 0.7964580059051514 -0.0004919694038107991 0.007317500188946724 -0.03473382443189621 1.445833444595337 0.32646507024765015 0.29334680645511574 0.011147650890052319 3987
frame-000203.color.jpg 0.6306387010303569 0.7759220600128174 0.00019398010044824332 0.01548171415925026 -0.06101740524172783 1.474819302558899 0.24517221748828888 0.3532611458131883 0.014873208478093147 3463
frame-000204.color.jpg 0.6387376056716723 0.7692306041717529 0.0018524309853091836 0.01718045026063919 -0.06676706671714783 1.4832570552825928 0.22141142189502716 0.36492286672776525 0.015697086229920387 3339
frame-000205.color.jpg 0.6434943745244867 0.7653605341911316 0.004275760613381863 0.010951856151223183 -0.0544927753508091 1.4857500791549683 0.2124999463558197 0.227453410211064 0.013254771009087563 3272
frame-000206.color.jpg 0.6420366962889543 0.7665433883666992 0.0033824737183749676 0.013734457083046436 -0.05721622705459595 1.480974793434143 0.21791115403175354 0.3256914073935491 0.014600164256989956 3332
frame-000207.color.jpg 0.6360574662109543 0.771003782749176 -0.0111260786652565 0.029330112040042877 -0.07152312248945236 1.4748228788375854 0.2290138602256775 0.3841463007446339 0.014058304950594902 3396
frame-000208.color.jpg 0.6275933458218842 0.7766279578208923 -0.032863032072782516 0.04353897273540497 -0.07215903699398041 1.4694892168045044 0.2477768361568451 0.17375833161825832 0.012328701093792915 3443
frame-000209.color.jpg 0.6210461853464978 0.7811477184295654 -0.040986549109220505 0.04929494857788086 -0.07436378300189972 1.4624075889587402 0.2630378305912018 0.148463379697564 0.010878866538405418 3550
frame-000210.color.jpg 0.614140093087476 0.7862039804458618 -0.04660312458872795 0.050433073192834854 -0.07219571620225906 1.455621600151062 0.27887094020843506 0.1221118428689937 0.010169615037739277 3626
frame-000211.color.jpg 0.6075725086657627 0.7904426455497742 -0.05400347709655762 0.056033216416835785 -0.07653461396694183 1.4465314149856567 0.2904833257198334 0.3083807731898279 0.01063722837716341 3777
frame-000212.color.jpg 0.6053288829407303 0.7903280854225159 -0.06693967431783676 0.06691440939903259 -0.08412936329841614 1.4443283081054688 0.28829216957092285 0.38288090147918324 0.009855004958808422 3827
frame-000213.color.jpg 0.6015521254928273 0.7911440134048462 -0.08180718868970871 0.07438930869102478 -0.08046649396419525 1.4436705112457275 0.29012206196784973 0.34327298132782313 0.009798585437238216 3677
frame-000214.color.jpg 0.5954363736600365 0.7937861680984497 -0.09429659694433212 0.0804191455245018 -0.07695968449115753 1.4375115633010864 0.30169549584388733 0.5396951879530796 0.011347049847245216 3890
frame-000215.color.jpg 0.586541492384381 0.7979669570922852 -0.10885261744260788 0.08584226667881012 -0.08243482559919357 1.4337258338928223 0.32008054852485657 0.12552217499787957 0.004225690849125385 3877
frame-000216.color.jpg 0.5790543122053563 0.8001560568809509 -0.1226552203297615 0.09696470201015472 -0.09114725887775421 1.426745057106018 0.3254888355731964 0.2805341719849652 0.004565054550766945 3972
frame-000217.color.jpg 0.5777770606240186 0.8001039028167725 -0.126834899187088 0.09960119426250458 -0.09579058736562729 1.425158143043518 0.32358458638191223 0.20399962115851125 0.003872110741212964 3998
frame-000218.color.jpg 0.5629637327478663 0.8046249151229858 -0.14833325147628784 0.11682402342557907 -0.1094224750995636 1.4087532758712769 0.3475545644760132 0.362807108910648 0.006229768041521311 4177
frame-000219.color.jpg 0.5459062513956583 0.8134399056434631 -0.16003072261810303 0.12121053040027618 -0.11668384075164795 1.3887947797775269 0.3897131681442261 0.17181052708561464 0.003165873931720853 4153
frame-000220.color.jpg 0.526392657983129 0.8243730068206787 -0.1686941534280777 0.12191084772348404 -0.12612727284431458 1.3636904954910278 0.43775424361228943 0.08449320864329314 0.0034704161807894707 4205
frame-000221.color.jpg 0.5162416750929668 0.8284621834754944 -0.17550291121006012 0.12784221768379211 -0.14026539027690887 1.3490016460418701 0.4583261013031006 0.10432989893211506 0.0031893241684883833 4287
frame-000222.color.jpg 0.50473027977502 0.8345798254013062 -0.17862927913665771 0.12967392802238464 -0.1499285101890564 1.3268340826034546 0.48791831731796265 0.20793324983148323 0.0032983580604195595 4250
frame-000223.color.jpg 0.49052598589703544 0.8408358693122864 -0.18481189012527466 0.1349957436323166 -0.16583752632141113 1.3099024295806885 0.519060492515564 0.22945446887489263 0.005436151288449764 4078
frame-000224.color.jpg 0.48510409186102116 0.8416932225227356 -0.19139759242534637 0.13997648656368256 -0.17575831711292267 1.301531434059143 0.5266854763031006 0.21776512037873147 0.0049201687797904015 4047
frame-000225.color.jpg 0.48001856338130333 0.8440626859664917 -0.194454625248909 0.13902431726455688 -0.17637725174427032 1.295522928237915 0.5404259562492371 0.44415130019176774 0.00871984101831913 4030
frame-000226.color.jpg 0.4620278313941086 0.854463517665863 -0.1969694048166275 0.13276086747646332 -0.1719813346862793 1.2645446062088013 0.5862610936164856 0.5183476985064691 0.009550490416586399 4019
frame-000227.color.jpg 0.44143218761644026 0.8646135330200195 -0.2033172845840454 0.12744857370853424 -0.16902504861354828 1.2268545627593994 0.6327231526374817 0.4053780238208979 0.0072471932508051395 3836
frame-000228.color.jpg 0.43236703056979914 0.8681893944740295 -0.20637689530849457 0.1292840838432312 -0.17322535812854767 1.2072731256484985 0.6488780379295349 0.17843962588150872 0.003353286301717162 3758
frame-000229.color.jpg 0.4300773778594757 0.870094895362854 -0.20602820813655853 0.12458214908838272 -0.16546106338500977 1.2000044584274292 0.6598711013793945 0.1836969638919277 0.003776786383241415 3891
