frame-000010.color.jpg 0.3975876557547313 0.7445106506347656 -0.485954612493515 0.2268833965063095 3.3979058265686035 1.3549991846084595 0.3834100067615509 0.6365426813505117 0.012150511145591736 1251
frame-000011.color.jpg 0.40265819010208176 0.7446703314781189 -0.48176324367523193 0.22635534405708313 3.396170139312744 1.3712310791015625 0.33960458636283875 0.44362857727685023 0.011823771521449089 1249
frame-000012.color.jpg 0.4091836185343195 0.746768057346344 -0.4732552766799927 0.22568920254707336 3.381021022796631 1.4159382581710815 0.2738092839717865 0.33468417852909077 0.008283669129014015 1289
frame-000013.color.jpg 0.41066815044323374 0.7481796145439148 -0.47025489807128906 0.22458702325820923 3.3713042736053467 1.4334125518798828 0.2575477361679077 0.4575709677244032 0.008284549228847027 1304
frame-000014.color.jpg 0.4170091906396839 0.7469533085823059 -0.4654349088668823 0.22701215744018555 3.356736183166504 1.4565577507019043 0.21518832445144653 0.14908067138401715 0.005378812551498413 1377
frame-000015.color.jpg 0.4203965405759546 0.7460829615592957 -0.46324989199638367 0.2280929982662201 3.344191551208496 1.472870111465454 0.19814282655715942 0.26213476293886157 0.0073591251857578754 1445
frame-000016.color.jpg 0.42179643103129894 0.7437402606010437 -0.4637663662433624 0.23207536339759827 3.330378770828247 1.4850951433181763 0.21346843242645264 0.3631667076982786 0.009177183732390404 1541
frame-000017.color.jpg 0.42356250984941013 0.7391213774681091 -0.4672476351261139 0.23658843338489532 3.3344335556030273 1.4748566150665283 0.22864125669002533 0.35283404554665093 0.008803111501038074 1664
frame-000018.color.jpg 0.42040194873919356 0.7394520044326782 -0.46873486042022705 0.2382446676492691 3.3242948055267334 1.4843686819076538 0.2532552182674408 0.33976391828087615 0.009348634630441666 1670
frame-000019.color.jpg 0.42304031876600384 0.7387306690216064 -0.46772754192352295 0.23779195547103882 3.3241183757781982 1.4938441514968872 0.2232467234134674 0.2965670272053652 0.008617372252047062 1803
frame-000020.color.jpg 0.4210242203569126 0.7408246994018555 -0.4653991460800171 0.23941844701766968 3.3055026531219482 1.5303494930267334 0.22447006404399872 0.22219285720925835 0.006801646668463945 1838
frame-000021.color.jpg 0.4180049978467157 0.7420148849487305 -0.46558135747909546 0.2406652271747589 3.300166130065918 1.5457829236984253 0.23963619768619537 0.3256981041805869 0.009030068293213844 1859
frame-000022.color.jpg 0.41663773342345045 0.7422639727592468 -0.4665891230106354 0.24031561613082886 3.3053476810455322 1.5562236309051514 0.22886846959590912 0.2569578263935357 0.006953408010303974 1923
frame-000023.color.jpg 0.41539976347298424 0.7415400147438049 -0.47195324301719666 0.2341400384902954 3.3118844032287598 1.5500481128692627 0.19302716851234436 0.14754390550119073 0.005090920254588127 2174
frame-000024.color.jpg 0.4098489814092856 0.7394205331802368 -0.4801463782787323 0.23396706581115723 3.3247227668762207 1.538479208946228 0.21711045503616333 0.1559192782285734 0.005909780040383339 2317
frame-000025.color.jpg 0.4098776878160132 0.7385035753250122 -0.48175570368766785 0.23350395262241364 3.332685947418213 1.5348889827728271 0.21027810871601105 0.1594943619907594 0.005524014122784138 2380
frame-000026.color.jpg 0.4132870443678684 0.7356801629066467 -0.48438408970832825 0.2309558242559433 3.347126007080078 1.526116967201233 0.1713941991329193 0.1421306337384118 0.004138685297220945 2536
frame-000027.color.jpg 0.42267551165557127 0.7327267527580261 -0.4764827489852905 0.23962721228599548 3.334277629852295 1.6367812156677246 0.051471058279275894 0.1399271906997819 0.005238558631390333 2979
frame-000028.color.jpg 0.42478864605432864 0.7336938381195068 -0.4732848107814789 0.23926857113838196 3.325226306915283 1.663628101348877 0.014492965303361416 0.09822861901258961 0.0030032098293304443 3002
frame-000029.color.jpg 0.42597474548507874 0.7340430021286011 -0.47343710064888 0.2357616275548935 3.326418876647949 1.6787285804748535 -0.04381994530558586 0.1712499846662108 0.004231504164636135 3141
frame-000030.color.jpg 0.4285440176768386 0.7349948883056641 -0.47454705834388733 0.2256935089826584 3.3348169326782227 1.6633472442626953 -0.11043739318847656 0.11794481382547767 0.0024631370324641466 3192
frame-000031.color.jpg 0.42972585444427686 0.7355216145515442 -0.4743625521659851 0.22208982706069946 3.332702875137329 1.6653319597244263 -0.13616707921028137 0.13449177418305336 0.0018087388016283512 3149
frame-000032.color.jpg 0.43942172892090453 0.7308444976806641 -0.47525694966316223 0.21657679975032806 3.333500385284424 1.6480945348739624 -0.23926670849323273 0.07105017572719817 0.003112145233899355 3262
frame-000033.color.jpg 0.45466518718141125 0.7441443800926208 -0.4369087517261505 0.22054369747638702 3.108381509780884 1.9246174097061157 -0.5400462746620178 0.16389591198273015 0.003287920728325844 3406
frame-000034.color.jpg 0.4594188253992268 0.745823085308075 -0.4269784390926361 0.22443659603595734 3.0420849323272705 1.9867099523544312 -0.6153141260147095 0.2882684807659319 0.005528531037271023 3359
frame-000035.color.jpg 0.4636844367534074 0.7494719624519348 -0.4174382984638214 0.22143565118312836 2.985321044921875 2.034956693649292 -0.6950767636299133 0.20589542554001292 0.00373773742467165 3294
frame-000036.color.jpg 0.46522820512762597 0.7536501884460449 -0.4070112407207489 0.2234189212322235 2.91422176361084 2.110445976257324 -0.7649677395820618 0.20318050538621218 0.0036537707783281803 3209
frame-000037.color.jpg 0.46645920752830655 0.754454493522644 -0.40631353855133057 0.21937085688114166 2.8999924659729004 2.1300580501556396 -0.8078071475028992 0.19100362545761493 0.0037880323361605406 3113
frame-000038.color.jpg 0.46475687366100615 0.7542775273323059 -0.4111003279685974 0.21462251245975494 2.8932955265045166 2.139975070953369 -0.8350171446800232 0.37769966938519967 0.011705058626830578 3047
frame-000039.color.jpg 0.4582605933433562 0.7475088834762573 -0.4255722463130951 0.22386591136455536 2.9669349193573 2.133058786392212 -0.7549375295639038 0.7192051525022969 0.019229399040341377 3106
frame-000040.color.jpg 0.463755305941372 0.7396907806396484 -0.4307120144367218 0.22863872349262238 2.985097885131836 2.0900676250457764 -0.7838540077209473 0.2486846263592255 0.005656436085700989 3297
frame-000041.color.jpg 0.46235067757976706 0.7355776429176331 -0.4379786252975464 0.23093758523464203 3.0225930213928223 2.086406946182251 -0.768207311630249 0.3551199444432102 0.010185271501541138 3479
frame-000042.color.jpg 0.4640334731397129 0.7335349321365356 -0.4385392665863037 0.23298625648021698 3.0280940532684326 2.078871488571167 -0.7797107696533203 0.2792030588291796 0.007868001237511635 3484
frame-000043.color.jpg 0.4595855846739859 0.7306115627288818 -0.4441288411617279 0.24028611183166504 3.042093515396118 2.1074979305267334 -0.7570852637290955 0.35018945499696014 0.01245955191552639 3505
frame-000044.color.jpg 0.46136249490644066 0.7239295840263367 -0.4520943760871887 0.24224206805229187 3.106590986251831 2.0894737243652344 -0.7863346338272095 0.197545439238393 0.007626568432897329 3520
frame-000045.color.jpg 0.46881173357087563 0.7200744152069092 -0.4514066278934479 0.24070800840854645 3.1055092811584473 2.0771868228912354 -0.866036057472229 0.4338465190857755 0.013612236827611923 3465
frame-000046.color.jpg 0.47366545152551154 0.716432511806488 -0.451844185590744 0.241251602768898 3.1144561767578125 2.0701422691345215 -0.900894820690155 0.4349301446058539 0.012685103341937065 3469
frame-000047.color.jpg 0.479789208869043 0.7120936512947083 -0.4499436616897583 0.24551080167293549 3.111947536468506 2.053419589996338 -0.9385606050491333 0.5227243556605664 0.015210503712296486 3386
frame-000048.color.jpg 0.48115899138844465 0.709912121295929 -0.44993382692337036 0.24913913011550903 3.1100802421569824 2.0532352924346924 -0.9408571720123291 0.7911523375068014 0.021579958498477936 3293
frame-000049.color.jpg 0.48288778459376264 0.7070748805999756 -0.4507206380367279 0.25241896510124207 3.1143887042999268 2.0453786849975586 -0.9394676685333252 0.7463764987942538 0.020707523450255394 3229
frame-000050.color.jpg 0.48273098388829305 0.7067346572875977 -0.45134782791137695 0.25255125761032104 3.1156742572784424 2.045867681503296 -0.9363163709640503 0.7739717970624276 0.02172095701098442 3249
frame-000051.color.jpg 0.4855342453501837 0.7022174000740051 -0.4544273316860199 0.2542499303817749 3.125425100326538 2.013478994369507 -0.9353697896003723 0.6518423050913403 0.01918138563632965 3166
frame-000052.color.jpg 0.4867865132808946 0.6963710784912109 -0.4599878787994385 0.2579094171524048 3.1438286304473877 1.9670461416244507 -0.9077202677726746 0.7763719682254524 0.02214874140918255 3170
frame-000053.color.jpg 0.4773148497865678 0.6889869570732117 -0.4781074523925781 0.2624514102935791 3.18487811088562 1.8947834968566895 -0.760812520980835 0.5757828659588121 0.017388751730322838 3301
frame-000054.color.jpg 0.4726396058957506 0.6858536005020142 -0.4850901663303375 0.2662785053253174 3.1903653144836426 1.867171287536621 -0.6836087107658386 0.22502543804368313 0.00875518936663866 3349
frame-000055.color.jpg 0.46730456340344884 0.6871548295021057 -0.4880388379096985 0.2669509947299957 3.165938377380371 1.8641430139541626 -0.6313371062278748 0.1744811177108764 0.006896508391946554 3366
frame-000056.color.jpg 0.4658885437991776 0.6870972514152527 -0.48845407366752625 0.26880815625190735 3.1623659133911133 1.8648440837860107 -0.6127964854240417 0.12100328449040211 0.0013159688096493483 3312
frame-000057.color.jpg 0.46011391924372314 0.6891790628433228 -0.490554541349411 0.269599050283432 3.1294729709625244 1.863595724105835 -0.5596040487289429 0.13654296536817281 0.0031974746380001307 3340
frame-000058.color.jpg 0.43725233295339194 0.6939437985420227 -0.5041208863258362 0.2703970670700073 3.0620973110198975 1.8372586965560913 -0.3510608971118927 0.31878584601882826 0.006013000383973122 3384
frame-000059.color.jpg 0.43463156788218504 0.6926113963127136 -0.5082771182060242 0.27025777101516724 3.033884286880493 1.8065944910049438 -0.31538820266723633 0.26275185452211636 0.0051321168430149555 3336
frame-000060.color.jpg 0.43075473213218535 0.6929970383644104 -0.5114011168479919 0.26958194375038147 3.0274059772491455 1.8019518852233887 -0.2839733362197876 0.24670763344005062 0.00700019346550107 3410
frame-000061.color.jpg 0.42704553310840965 0.6923190355300903 -0.5155752897262573 0.26927438378334045 3.013808250427246 1.775193214416504 -0.2428475320339203 0.18003027288554155 0.00593962799757719 3262
frame-000062.color.jpg 0.4217981604055308 0.6894649267196655 -0.5244223475456238 0.267779141664505 3.0060791969299316 1.7097382545471191 -0.17649079859256744 0.27851019483482004 0.006849492434412241 3078
frame-000063.color.jpg 0.4151183485117805 0.6874775290489197 -0.529728889465332 0.272834450006485 3.000401496887207 1.6925809383392334 -0.10810081660747528 0.3313091846250317 0.010389158502221107 3079
frame-000064.color.jpg 0.406678240896725 0.6895343065261841 -0.5339618921279907 0.2721027731895447 2.9891366958618164 1.6841825246810913 -0.04561784863471985 0.4773169912540572 0.01253556553274393 3118
frame-000065.color.jpg 0.39628035467068906 0.6904052495956421 -0.541140615940094 0.2710525095462799 2.98868727684021 1.6570631265640259 0.03551394119858742 0.465155572632585 0.013164117000997066 3101
frame-000066.color.jpg 0.39251361254999795 0.6911535859107971 -0.5457884669303894 0.26524463295936584 2.9998233318328857 1.6248823404312134 0.06515463441610336 0.382919107849853 0.01098391693085432 3101
frame-000067.color.jpg 0.38884834862761275 0.6867628693580627 -0.5534313917160034 0.2662096321582794 3.0194878578186035 1.55390202999115 0.13222846388816833 0.46812030161919366 0.014245335012674332 3187
frame-000068.color.jpg 0.3878363813158286 0.6874791979789734 -0.5540252327919006 0.2645968496799469 3.0185301303863525 1.5491515398025513 0.13841551542282104 0.4818721404610739 0.014703878201544285 3190
frame-000069.color.jpg 0.380790949596746 0.6812108755111694 -0.5698338150978088 0.25737038254737854 3.053990602493286 1.4085112810134888 0.2717866003513336 0.20335342123000458 0.005657187197357416 3110
frame-000070.color.jpg 0.3730531803548514 0.6815257668495178 -0.574215292930603 0.25812941789627075 3.046321392059326 1.3834660053253174 0.3530162274837494 0.545775443696566 0.01211429201066494 3068
frame-000071.color.jpg 0.3630084906464864 0.6783143877983093 -0.5826362371444702 0.2620104253292084 3.036820650100708 1.3060144186019897 0.4635976552963257 0.2714182440009518 0.007859800010919571 3204
frame-000072.color.jpg 0.36064037096465246 0.6788869500160217 -0.5838438272476196 0.2611081600189209 3.034611701965332 1.3017652034759521 0.4818311631679535 0.19558734940135464 0.00536592211574316 3198
frame-000073.color.jpg 0.3559853959520533 0.6771117448806763 -0.5887007713317871 0.2612003684043884 3.0341382026672363 1.2679684162139893 0.5268895626068115 0.30142716036707884 0.006510639563202858 3201
frame-000074.color.jpg 0.35652963627823503 0.6782419085502625 -0.5895248651504517 0.25560733675956726 3.0347065925598145 1.2377545833587646 0.5144033432006836 0.15931489610227467 0.004787085112184286 3204
frame-000075.color.jpg 0.3562485088021096 0.6784783601760864 -0.5896885991096497 0.25499314069747925 3.0348832607269287 1.2313653230667114 0.5154078602790833 0.19759163639678312 0.006036019884049892 3229
frame-000076.color.jpg 0.35211499369710686 0.6801130175590515 -0.5914873480796814 0.25219857692718506 3.0188236236572266 1.2092266082763672 0.5427581667900085 0.1953098329456832 0.005979902110993862 3153
frame-000077.color.jpg 0.350986494383243 0.6810230612754822 -0.5925349593162537 0.24883392453193665 3.0095436573028564 1.1845296621322632 0.556746780872345 0.2586516866272724 0.0076450989581644535 3197
frame-000078.color.jpg 0.3557760662917819 0.6856135725975037 -0.5873938202857971 0.2415076494216919 2.978909730911255 1.1661937236785889 0.527291476726532 0.29122141700405174 0.006352719385176897 3203
frame-000079.color.jpg 0.35496787977613165 0.6869653463363647 -0.5862075686454773 0.2417377531528473 2.9720678329467773 1.1666505336761475 0.5337345600128174 0.22903876115044744 0.005242456216365099 3233
frame-000080.color.jpg 0.3538968720733133 0.6925209164619446 -0.5819762349128723 0.2376454919576645 2.937136650085449 1.1626859903335571 0.5402179956436157 0.12099094479317113 0.002655457705259323 3258
frame-000081.color.jpg 0.350286617702612 0.697012186050415 -0.5791372060775757 0.23679852485656738 2.895378828048706 1.144771933555603 0.580346405506134 0.09715018950556145 0.001604455872438848 3380
frame-000082.color.jpg 0.34938616971822545 0.6982269883155823 -0.578406810760498 0.23633423447608948 2.8881709575653076 1.1426912546157837 0.5842663645744324 0.09167420540042273 0.002633253810927272 3389
frame-000083.color.jpg 0.3468582141255247 0.7001874446868896 -0.5789280533790588 0.2329576313495636 2.8742852210998535 1.1035850048065186 0.6026571989059448 0.35267585729825635 0.010264769196510315 3395
frame-000084.color.jpg 0.34220027073737747 0.7022072672843933 -0.583126962184906 0.22308465838432312 2.8679025173187256 1.0298875570297241 0.6260751485824585 0.333793372450933 0.010474856942892075 3294
frame-000085.color.jpg 0.3385410481361914 0.7034499645233154 -0.5856913924217224 0.21797679364681244 2.8692009449005127 0.989729106426239 0.6481452584266663 0.24398908474825332 0.006083048414438963 3208
frame-000086.color.jpg 0.3375363715132343 0.7048026323318481 -0.5852228403091431 0.21641786396503448 2.861130714416504 0.9774217009544373 0.6505885124206543 0.34702865155640455 0.010918882675468922 3142
frame-000087.color.jpg 0.331264529551256 0.7059086561203003 -0.5874871015548706 0.21636945009231567 2.8518991470336914 0.9568721055984497 0.6892732381820679 0.3374007528693311 0.01168912835419178 3063
frame-000088.color.jpg 0.32686720669195013 0.696118175983429 -0.6012610793113708 0.2169390171766281 2.8621296882629395 0.8368661999702454 0.7584845423698425 0.5061302509894617 0.017113661393523216 2963
frame-000089.color.jpg 0.3195069298618879 0.6911171078681946 -0.6097272038459778 0.22023877501487732 2.8649487495422363 0.7724294662475586 0.8351369500160217 0.5030610414528931 0.016574472188949585 3014
frame-000090.color.jpg 0.31719005542699996 0.6810351014137268 -0.6231015920639038 0.21754573285579681 2.881639003753662 0.6549003720283508 0.8828573226928711 0.6571969065963659 0.02147887647151947 2968
frame-000091.color.jpg 0.3160010483729999 0.676875114440918 -0.6291753053665161 0.21475982666015625 2.890381097793579 0.6026986241340637 0.8989511132240295 0.574511383556132 0.019541503861546516 2858
frame-000092.color.jpg 0.30996745405437504 0.6703523397445679 -0.6389274597167969 0.21522004902362823 2.8930411338806152 0.5247060656547546 0.9667998552322388 0.598477877023472 0.018126098439097404 2901
frame-000093.color.jpg 0.3067703742056924 0.6617783308029175 -0.6506054401397705 0.2113146185874939 2.8898208141326904 0.4247446656227112 1.0093352794647217 0.5878558122861915 0.0176693182438612 2735
frame-000094.color.jpg 0.2892853989374286 0.6343913674354553 -0.6801809668540955 0.22630824148654938 2.8284449577331543 0.23765340447425842 1.2337558269500732 0.32642968147371876 0.010518867522478104 2698
frame-000095.color.jpg 0.27958204651613966 0.6118699908256531 -0.7008108496665955 0.2373039275407791 2.756633996963501 0.1055772677063942 1.3752501010894775 0.41899891512978427 0.016383742913603783 2737
frame-000096.color.jpg 0.27756701692852437 0.5900975465774536 -0.7170799374580383 0.2460443526506424 2.706941604614258 -0.004324209410697222 1.469648003578186 0.23002465626845645 0.014885706827044487 2539
frame-000097.color.jpg 0.2772478201260344 0.5769739747047424 -0.7273143529891968 0.24748416244983673 2.6713974475860596 -0.07219989597797394 1.514318585395813 0.2431033746315466 0.009919039905071259 2723
frame-000098.color.jpg 0.2762501759978965 0.5610556602478027 -0.7365440130233765 0.25769224762916565 2.625452995300293 -0.11622344702482224 1.5845249891281128 0.30755786879697355 0.0134359672665596 2779
frame-000099.color.jpg 0.272265120933844 0.5477665662765503 -0.7454201579093933 0.2649005651473999 2.557321310043335 -0.15522325038909912 1.6528278589248657 0.28455811390145475 0.010368309915065765 2742
frame-000100.color.jpg 0.2717112761058513 0.541299045085907 -0.748952329158783 0.26877251267433167 2.5270745754241943 -0.17144639790058136 1.6843384504318237 0.32914849696978055 0.00735721318051219 2793
frame-000101.color.jpg 0.26568525668213105 0.5272865891456604 -0.758127748966217 0.27680766582489014 2.4662740230560303 -0.20946004986763 1.7564371824264526 0.18332498538642644 0.007260801736265421 2860
frame-000102.color.jpg 0.2609157492321017 0.5139576196670532 -0.7661942839622498 0.2841072380542755 2.400019645690918 -0.24815872311592102 1.8186112642288208 0.24073543342366782 0.007551658898591995 2966
frame-000103.color.jpg 0.2573818580980446 0.5034789443016052 -0.7735092639923096 0.2862637937068939 2.3599419593811035 -0.2879055142402649 1.8566597700119019 0.20523999418395614 0.007535026874393225 2897
frame-000104.color.jpg 0.2549161214184618 0.49274736642837524 -0.7799690365791321 0.28959646821022034 2.307084321975708 -0.3206233084201813 1.8885902166366577 0.2845951463333609 0.01026031095534563 2874
frame-000105.color.jpg 0.24764473376876917 0.481310099363327 -0.7871933579444885 0.2955319881439209 2.2330679893493652 -0.32449600100517273 1.9370555877685547 0.3928917976878799 0.01301107183098793 3063
frame-000106.color.jpg 0.24586937621385158 0.4761025309562683 -0.7897031903266907 0.2987363934516907 2.206559658050537 -0.3209575116634369 1.952351450920105 0.3226538141623182 0.011659312061965466 3108
frame-000107.color.jpg 0.24085343983545324 0.4616019129753113 -0.7959334850311279 0.3088739514350891 2.1240079402923584 -0.30150651931762695 1.9948660135269165 0.30879949580246135 0.010924839414656162 2918
frame-000108.color.jpg 0.24255709655408852 0.4516054391860962 -0.8001744747161865 0.31135109066963196 2.0762932300567627 -0.297964483499527 1.9879573583602905 0.5234995821313628 0.016311513260006905 2970
frame-000109.color.jpg 0.24079848197472628 0.4481583535671234 -0.8018885850906372 0.31328085064888 2.050844192504883 -0.289294570684433 1.9912444353103638 0.4448023559578875 0.014635305851697922 2982
frame-000110.color.jpg 0.24036156845745218 0.4466639757156372 -0.801330029964447 0.317155659198761 2.025876522064209 -0.2584322392940521 1.9852598905563354 0.40318017033160825 0.012607197277247906 2952
frame-000111.color.jpg 0.24373584672307336 0.44354644417762756 -0.8004586696624756 0.32113146781921387 2.011949062347412 -0.2344505935907364 1.9674419164657593 0.45263973122621265 0.01365726813673973 2865
frame-000112.color.jpg 0.24773724495861302 0.44199058413505554 -0.800815761089325 0.319318950176239 2.0118911266326904 -0.23456059396266937 1.9373979568481445 0.5053083337723859 0.014111618511378765 2671
frame-000113.color.jpg 0.2476233669432451 0.44609543681144714 -0.8002106547355652 0.3151894509792328 2.01501202583313 -0.2266778200864792 1.9106446504592896 0.4835431889301998 0.013701633550226688 2788
frame-000114.color.jpg 0.24831940145961853 0.4482685327529907 -0.8000742793083191 0.31188783049583435 2.016733169555664 -0.21200281381607056 1.882510781288147 0.44093073259597454 0.01280871033668518 3050
frame-000115.color.jpg 0.2577556404461224 0.44590145349502563 -0.799477219581604 0.30914419889450073 2.031306028366089 -0.19073399901390076 1.8246479034423828 0.3708779112299437 0.011047609150409698 3205
frame-000116.color.jpg 0.26543264266364736 0.4472859501838684 -0.7953298091888428 0.31133776903152466 2.0532612800598145 -0.14618797600269318 1.7860842943191528 0.3398028183426335 0.008727866224944592 3177
frame-000117.color.jpg 0.27773845660164953 0.45820263028144836 -0.7845579981803894 0.31205829977989197 2.0969276428222656 -0.06512758135795593 1.7001516819000244 0.3719802664093867 0.011986377649009228 3438
frame-000118.color.jpg 0.2854509736666937 0.4687192142009735 -0.7754626870155334 0.3122141659259796 2.1194067001342773 0.0035722912289202213 1.6351759433746338 0.289215555863463 0.009308027103543282 3458
frame-000119.color.jpg 0.2916189306240755 0.4870012402534485 -0.7620561718940735 0.311542272567749 2.140462636947632 0.09380891919136047 1.5634583234786987 0.2256601653888183 0.005082151386886835 3545
frame-000120.color.jpg 0.29116312839122727 0.5046200752258301 -0.7522003054618835 0.3078593909740448 2.1466546058654785 0.16180658340454102 1.512099027633667 0.15783873480811889 0.0033629329409450293 3611
frame-000121.color.jpg 0.293165563820325 0.5271957516670227 -0.739772379398346 0.2980862855911255 2.15500807762146 0.24293488264083862 1.4203548431396484 0.2245934819395327 0.004789596423506737 3545
frame-000122.color.jpg 0.2962297689727326 0.5418880581855774 -0.7284350395202637 0.2966271638870239 2.158389091491699 0.3339137136936188 1.3586534261703491 0.11287143735539946 0.004709124565124512 3655
frame-000123.color.jpg 0.32102177700178985 0.5726994276046753 -0.6929025053977966 0.2980712354183197 2.1892688274383545 0.5546484589576721 1.1696237325668335 0.2692860777215707 0.01145179197192192 3501
frame-000124.color.jpg 0.3358457855001249 0.5850815773010254 -0.6752885580062866 0.2981148958206177 2.1944639682769775 0.6445378661155701 1.0719234943389893 0.28924236969204054 0.011642071418464184 3432
frame-000125.color.jpg 0.34485560645080315 0.5947303175926208 -0.6615548133850098 0.2995256781578064 2.185051918029785 0.7170383334159851 1.0086394548416138 0.33066503908936135 0.010011652484536171 3377
frame-000126.color.jpg 0.3522306940104461 0.6057000756263733 -0.6447067260742188 0.30563730001449585 2.168797254562378 0.8099316358566284 0.9489966034889221 0.26837112585747985 0.007575134746730328 3155
frame-000127.color.jpg 0.3658356248106189 0.6215865612030029 -0.6226204633712769 0.3035428822040558 2.1460299491882324 0.9121306538581848 0.8411170840263367 0.252254947665291 0.004341805353760719 2932
frame-000128.color.jpg 0.36913184501063234 0.6234267950057983 -0.6184243559837341 0.30435502529144287 2.134204387664795 0.9356902837753296 0.8129422068595886 0.1224688669954723 0.003981904126703739 2916
frame-000129.color.jpg 0.37411683056976497 0.6242126226425171 -0.6154704093933105 0.30264055728912354 2.1256837844848633 0.9558748602867126 0.7853107452392578 0.1473747382573139 0.004276069346815348 2883
frame-000130.color.jpg 0.3812130838965347 0.6193080544471741 -0.615571141242981 0.3036547005176544 2.1155452728271484 0.9616127014160156 0.7671840190887451 0.08490121239460223 0.005096158944070339 2696
frame-000131.color.jpg 0.3824124810034225 0.6139576435089111 -0.6181545257568359 0.3077363073825836 2.073856830596924 0.9665015339851379 0.779860258102417 0.4829921847632502 0.015050934627652168 2621
frame-000132.color.jpg 0.37535324833589145 0.6108879446983337 -0.6223716735839844 0.31397366523742676 2.066678762435913 0.9604587554931641 0.8204647302627563 0.0381113650062402 0.0033734512981027365 2706
frame-000133.color.jpg 0.3698808895274579 0.6083285212516785 -0.6282939910888672 0.31364184617996216 2.042306661605835 0.9560427665710449 0.8437864184379578 0.3695699833647391 0.011687721125781536 2604
frame-000134.color.jpg 0.36133485667737686 0.6026730537414551 -0.6367639303207397 0.31741753220558167 2.019216299057007 0.945839524269104 0.8885255455970764 0.2233273356221416 0.006917457561939955 2694
frame-000135.color.jpg 0.3441221317103374 0.5886297225952148 -0.6551596522331238 0.3253626525402069 1.9705910682678223 0.9505980014801025 0.949897050857544 0.7419138773061497 0.02124367095530033 2738
frame-000136.color.jpg 0.3317255392969784 0.5720022916793823 -0.6667604446411133 0.3438052833080292 1.9247974157333374 1.010340929031372 0.9890416860580444 1.0831007694510628 0.03096635639667511 2717
frame-000137.color.jpg 0.32671251854671207 0.5696075558662415 -0.6702597141265869 0.34577175974845886 1.9258246421813965 1.032429814338684 1.0018924474716187 1.5521262312178419 0.0433214008808136 2684
frame-000138.color.jpg 0.3253287243979655 0.5688350796699524 -0.6716769337654114 0.3455978333950043 1.9231356382369995 1.0477612018585205 0.9974954724311829 1.8212272535015874 0.04967067390680313 2620
frame-000139.color.jpg 0.326420356031088 0.5652211904525757 -0.6730250716209412 0.347867876291275 1.9131380319595337 1.0505458116531372 0.9846524596214294 1.3646502383839798 0.03709535673260689 2593
frame-000140.color.jpg 0.31951359454166767 0.5575879216194153 -0.6816778779029846 0.3497457802295685 1.9178303480148315 1.0461297035217285 1.0090477466583252 1.940704124114624 0.05312783271074295 2615
frame-000141.color.jpg 0.3267352772935519 0.5522056221961975 -0.6838303804397583 0.3474033772945404 1.9084949493408203 1.026639461517334 0.980877161026001 1.2045830476374384 0.03311525285243988 2508
frame-000142.color.jpg 0.31383626940593456 0.5496875643730164 -0.6900904178619385 0.35089248418807983 1.9001801013946533 1.0449143648147583 1.027187466621399 2.2084637612784026 0.058137472718954086 2573
frame-000143.color.jpg 0.3098434597622388 0.5437643527984619 -0.6952381134033203 0.3534988760948181 1.882004737854004 1.0292880535125732 1.0404499769210815 1.6414084363358385 0.044109318405389786 2569
frame-000144.color.jpg 0.30297368259455004 0.5422604084014893 -0.700035035610199 0.3522947430610657 1.859429121017456 1.0307875871658325 1.0606389045715332 1.698527067208834 0.044914696365594864 2569
frame-000145.color.jpg 0.2918689836379367 0.5363039374351501 -0.7077493071556091 0.35536131262779236 1.8303920030593872 1.0235029458999634 1.100894808769226 1.3381290407236435 0.04226673021912575 2591
frame-000146.color.jpg 0.28037695805401436 0.5282533168792725 -0.7174997925758362 0.3571151793003082 1.7878326177597046 1.003273367881775 1.153061866760254 0.891717161360013 0.027140770107507706 2613
frame-000147.color.jpg 0.27210177590468115 0.5146913528442383 -0.7281019687652588 0.36183011531829834 1.7664391994476318 0.9852292537689209 1.1985032558441162 0.8459323756410077 0.030410636216402054 2662
frame-000148.color.jpg 0.2636618804019045 0.4937492609024048 -0.741448700428009 0.37006476521492004 1.7238130569458008 0.9617684483528137 1.2590997219085693 0.9350276043304754 0.03234008327126503 2820
frame-000149.color.jpg 0.2573921102696036 0.4802698791027069 -0.7483102679252625 0.37831470370292664 1.6958762407302856 0.9439402222633362 1.2915912866592407 1.0008626238014646 0.03743312135338783 2894
frame-000150.color.jpg 0.24446449374331214 0.45930755138397217 -0.7604891657829285 0.38849690556526184 1.648545503616333 0.9198505878448486 1.350943684577942 0.39358623582739977 0.013006600551307201 3049
frame-000151.color.jpg 0.23979637822177544 0.44838836789131165 -0.7666928768157959 0.39195364713668823 1.623000979423523 0.9009141325950623 1.3812977075576782 0.28534094429378815 0.010039813816547394 3154
frame-000152.color.jpg 0.23123418828891074 0.4299585819244385 -0.7770886421203613 0.39724001288414 1.5742805004119873 0.8643820285797119 1.434332251548767 0.1497337948831864 0.006309409160166979 3335
frame-000153.color.jpg 0.22619161118569547 0.4197204113006592 -0.7827808856964111 0.3999078869819641 1.5498734712600708 0.843650758266449 1.465673804283142 0.09673116673813043 0.0032579314429312944 3401
frame-000154.color.jpg 0.22164330969859924 0.40843355655670166 -0.788264274597168 0.4033554792404175 1.5185766220092773 0.8253931999206543 1.4933490753173828 0.04786601906430225 0.0034985702950507402 3459
frame-000155.color.jpg 0.21903306732037642 0.3968176245689392 -0.792831301689148 0.40740495920181274 1.4896132946014404 0.8069075345993042 1.5204216241836548 0.05941470835224344 0.002558165928348899 3385
frame-000156.color.jpg 0.21786697384382014 0.38958290219306946 -0.7959386706352234 0.4089508056640625 1.4724702835083008 0.7904146313667297 1.5370230674743652 0.14612125180227112 0.0029902367386966944 3495
frame-000157.color.jpg 0.21750186580056144 0.38274991512298584 -0.7986818552017212 0.4102471172809601 1.4557995796203613 0.7697913646697998 1.5529651641845703 0.11022475906233936 0.0005798735655844212 3549
frame-000158.color.jpg 0.2145874781520941 0.3781619369983673 -0.8024700880050659 0.4086410105228424 1.4349286556243896 0.739546537399292 1.5798627138137817 0.12716366155450404 0.0031966487877070904 3604
frame-000159.color.jpg 0.21950725598496645 0.3762555718421936 -0.8047387003898621 0.40329140424728394 1.4464141130447388 0.7086346745491028 1.5806915760040283 0.1879628038947841 0.006406363099813461 3627
frame-000160.color.jpg 0.22405295556580954 0.3796675503253937 -0.8044120073318481 0.3982135057449341 1.4451582431793213 0.68340003490448 1.5825079679489136 0.12519739416676018 0.006538814399391413 3684
frame-000161.color.jpg 0.22383476648878553 0.38905540108680725 -0.8013947606086731 0.3953483998775482 1.4284249544143677 0.6779701709747314 1.598059058189392 0.2932210616052788 0.009626929648220539 3704
frame-000162.color.jpg 0.222756087966052 0.3986493945121765 -0.7967435121536255 0.39580073952674866 1.409691572189331 0.6845120191574097 1.6097171306610107 0.1956695517952328 0.00795524101704359 3715
frame-000163.color.jpg 0.22485009826256958 0.4057743549346924 -0.7925432324409485 0.39580902457237244 1.4043381214141846 0.6898475289344788 1.615517497062683 0.20886550395212386 0.00933733768761158 3636
frame-000164.color.jpg 0.2342639272880398 0.417316734790802 -0.7846022844314575 0.3941654860973358 1.4086360931396484 0.6832769513130188 1.618190050125122 0.19903975656274484 0.008838075213134289 3495
frame-000165.color.jpg 0.23703568819752252 0.41803792119026184 -0.7841173410415649 0.39270639419555664 1.4034878015518188 0.6598373651504517 1.6367074251174927 0.23359049526287912 0.009365445002913475 3331
frame-000166.color.jpg 0.23572089029300558 0.41539090871810913 -0.787124752998352 0.39028263092041016 1.3918068408966064 0.6256809234619141 1.6632226705551147 0.2544813492108772 0.00911730993539095 3271
frame-000167.color.jpg 0.23562589211217522 0.41026487946510315 -0.7900388836860657 0.38987401127815247 1.3812878131866455 0.5924654603004456 1.695885419845581 0.30408554469724186 0.01026828121393919 3224
frame-000168.color.jpg 0.23396363979864634 0.4028841257095337 -0.7936609983444214 0.39121294021606445 1.367262363433838 0.5582184791564941 1.7357854843139648 0.28550118693501897 0.00952247902750969 3164
frame-000169.color.jpg 0.2331735836382793 0.3941150903701782 -0.7971046566963196 0.3936082720756531 1.356671929359436 0.5212270021438599 1.7843414545059204 0.25099595170218725 0.008967766538262367 3175
frame-000170.color.jpg 0.23373948167308053 0.3869708180427551 -0.7987738251686096 0.39696332812309265 1.3479857444763184 0.5003796815872192 1.8201756477355957 0.2534169602782659 0.010938188061118126 3221
frame-000171.color.jpg 0.23219785595257528 0.38466671109199524 -0.799440324306488 0.3987617492675781 1.3416742086410522 0.48362091183662415 1.8525868654251099 0.22228913352808644 0.010496571660041809 3254
frame-000172.color.jpg 0.22969660532618363 0.38225752115249634 -0.8005470633506775 0.4003039002418518 1.3360505104064941 0.4648655652999878 1.8774815797805786 0.24057022822311813 0.011101806536316872 3317
frame-000173.color.jpg 0.22319419246908592 0.37925833463668823 -0.8031538128852844 0.4016109108924866 1.3088082075119019 0.42692574858665466 1.935988187789917 0.30539139148918365 0.010034171864390373 3365
frame-000174.color.jpg 0.22081963992440604 0.3777804672718048 -0.8043763637542725 0.4018698036670685 1.296797275543213 0.4008846879005432 1.9708400964736938 0.28707287749606236 0.009283224120736122 3500
frame-000175.color.jpg 0.21256435784839145 0.3734889328479767 -0.8082163333892822 0.40262725949287415 1.2565562725067139 0.35644155740737915 2.031970977783203 0.2069657642077215 0.008093392476439476 3621
frame-000176.color.jpg 0.20951328385065826 0.3678044378757477 -0.8118562698364258 0.40213608741760254 1.230522871017456 0.3154107630252838 2.0687875747680664 0.11176111139855588 0.0053688227199018 3644
frame-000177.color.jpg 0.20977239722887137 0.3561183214187622 -0.817797064781189 0.4004787504673004 1.2084182500839233 0.25682324171066284 2.106602191925049 0.10543533570081254 0.0065406616777181625 3688
frame-000178.color.jpg 0.20939462062974593 0.35204610228538513 -0.8192920684814453 0.4012206196784973 1.194148063659668 0.23572750389575958 2.1324586868286133 0.15100427676987488 0.00772478524595499 3620
frame-000179.color.jpg 0.20968439591075724 0.34852248430252075 -0.8182762265205383 0.40618783235549927 1.1792104244232178 0.24111764132976532 2.1575398445129395 0.19361952120866371 0.00903179869055748 3500
frame-000180.color.jpg 0.21094865402085894 0.34925514459609985 -0.8148479461669922 0.41175755858421326 1.171255111694336 0.2594495713710785 2.182966470718384 0.19247562460524525 0.0066001382656395435 3493
frame-000181.color.jpg 0.21213194470222496 0.35099443793296814 -0.8125934600830078 0.41411951184272766 1.1662243604660034 0.2521582841873169 2.2126071453094482 0.27843215458746734 0.008298411965370178 3491
frame-000182.color.jpg 0.21321429711701734 0.35350853204727173 -0.8126458525657654 0.4113127291202545 1.164279580116272 0.21855393052101135 2.2313873767852783 0.3118849003578824 0.008177466690540314 3338
frame-000183.color.jpg 0.21416655553963976 0.3653396666049957 -0.8143311142921448 0.39689338207244873 1.1764600276947021 0.13098500669002533 2.2397115230560303 0.05077465578936284 0.004687915556132793 3595
frame-000184.color.jpg 0.21133061255897395 0.3737368881702423 -0.8107843995094299 0.3978552222251892 1.1586157083511353 0.11983471363782883 2.263915777206421 0.15536056341838106 0.005082941614091396 3596
frame-000185.color.jpg 0.20579736751565575 0.379691481590271 -0.8092558979988098 0.3982294201850891 1.1384791135787964 0.10876826196908951 2.2869420051574707 0.09757406811060554 0.006322730798274279 3671
frame-000186.color.jpg 0.21022041995865032 0.3821486234664917 -0.8080651760101318 0.3959805369377136 1.1438366174697876 0.08112585544586182 2.299041748046875 0.01934522516101178 0.006136431824415922 3608
frame-000187.color.jpg 0.2124949322472727 0.3842781186103821 -0.8077706694602966 0.39329731464385986 1.1531976461410522 0.0481826588511467 2.3143470287323 0.17272149022595187 0.007278678938746452 3737
frame-000188.color.jpg 0.21345107055422352 0.38605234026908875 -0.8068138360977173 0.3930058479309082 1.159624457359314 0.043037135154008865 2.314955711364746 0.16746117734798424 0.008847861550748348 3751
frame-000189.color.jpg 0.21194636241687329 0.3912736475467682 -0.8072670102119446 0.38769009709358215 1.1685491800308228 -0.0003904081240762025 2.3247647285461426 0.2108768612605604 0.008590523153543472 3627
frame-000190.color.jpg 0.2152345616276489 0.39611703157424927 -0.8093845844268799 0.37637993693351746 1.1961866617202759 -0.10169078409671783 2.337000608444214 0.20536340449647916 0.006615047808736563 3715
frame-000191.color.jpg 0.21435414173756595 0.3946476876735687 -0.8112472891807556 0.3744105398654938 1.1880393028259277 -0.11902710795402527 2.340714454650879 0.36539321596557056 0.010618884116411209 3868
frame-000192.color.jpg 0.21231530600040005 0.3852291405200958 -0.8158186674118042 0.3754473030567169 1.1456416845321655 -0.16109804809093475 2.3688220977783203 0.36793562048197553 0.012710502371191978 3765
frame-000193.color.jpg 0.20133601072120025 0.3649054765701294 -0.8287458419799805 0.37348106503486633 1.0393844842910767 -0.2668536305427551 2.4150044918060303 0.18247351959706237 0.007573307957500219 3549
frame-000194.color.jpg 0.19981895166495084 0.35744708776474 -0.8351228833198547 0.36725160479545593 1.0149246454238892 -0.33788979053497314 2.415015935897827 0.1837145062723155 0.007710035424679518 3654
frame-000195.color.jpg 0.19488878559340594 0.3495389223098755 -0.842353880405426 0.3609444499015808 0.9736580848693848 -0.4175286591053009 2.421295404434204 0.2175349216593609 0.00910161342471838 3588
frame-000196.color.jpg 0.1915456365283152 0.3432788848876953 -0.846996009349823 0.3578653931617737 0.9417145848274231 -0.4672014117240906 2.430609941482544 0.24299788022538166 0.011009995825588703 3293
frame-000197.color.jpg 0.17788432087203207 0.33822721242904663 -0.852207362651825 0.35735443234443665 0.8563293218612671 -0.5360773801803589 2.4531123638153076 0.6628417377802641 0.019117681309580803 2819
frame-000198.color.jpg 0.17272210378215316 0.3377862274646759 -0.8537130355834961 0.3567095100879669 0.8301494717597961 -0.548435389995575 2.4567251205444336 0.6644443242751312 0.019889138638973236 2764
frame-000199.color.jpg 0.15978991813511434 0.3219332695007324 -0.8624016642570496 0.35649630427360535 0.6984244585037231 -0.6143913865089417 2.479179620742798 0.3915217311094841 0.011422130279242992 2482
frame-000200.color.jpg 0.15466269388389908 0.31833112239837646 -0.8626624941825867 0.361328125 0.6293457746505737 -0.6099053621292114 2.488231897354126 0.4974872335641924 0.011979034170508385 2324
frame-000201.color.jpg 0.1559139276299023 0.3222813308238983 -0.8633175492286682 0.35568001866340637 0.624737560749054 -0.6377341151237488 2.4714066982269287 0.46487051895644277 0.009038427844643593 2351
frame-000202.color.jpg 0.14388296766050113 0.33293047547340393 -0.8619329333305359 0.3542972803115845 0.5292206406593323 -0.6545253396034241 2.438389539718628 0.6433088374970557 0.01280170027166605 1890
frame-000203.color.jpg 0.14065056663676367 0.3218197226524353 -0.8628790378570557 0.36344102025032043 0.41893309354782104 -0.6015979647636414 2.4245851039886475 0.4800621936918734 0.011388690210878849 1840
frame-000204.color.jpg 0.14130061392676174 0.31981977820396423 -0.8626171946525574 0.36556950211524963 0.4036398231983185 -0.5927815437316895 2.421243190765381 0.7713694949886528 0.01960228569805622 1865
frame-000205.color.jpg 0.13834163173248212 0.3149544596672058 -0.8646162152290344 0.3662024140357971 0.3617878258228302 -0.5836895704269409 2.414381265640259 0.6397304587022037 0.015144601464271545 1806
frame-000206.color.jpg 0.13653362099030456 0.307400107383728 -0.8661859631538391 0.3695748746395111 0.31380942463874817 -0.5609393119812012 2.4039759635925293 0.646280076507717 0.01554984599351883 1851
frame-000207.color.jpg 0.13862722047216933 0.2990896999835968 -0.8697141408920288 0.3673217296600342 0.27717334032058716 -0.5389594435691833 2.3790369033813477 0.5002322225585971 0.00878831371665001 1702
frame-000208.color.jpg 0.1343631010177903 0.2982250452041626 -0.8699568510055542 0.36903032660484314 0.25292614102363586 -0.5147906541824341 2.3676750659942627 0.3383662908219623 0.01004475262016058 1830
frame-000209.color.jpg 0.13035734653791964 0.29501521587371826 -0.871414303779602 0.3696081340312958 0.21974632143974304 -0.4966282546520233 2.3590714931488037 0.41065194371635266 0.00791540089994669 1766
frame-000210.color.jpg 0.13077998957899975 0.29936882853507996 -0.8638939261436462 0.38335660099983215 0.17863249778747559 -0.36966559290885925 2.3102970123291016 0.19469711695236544 0.006599975749850273 2157
frame-000211.color.jpg 0.13033630831731816 0.30511972308158875 -0.8621628880500793 0.3828701376914978 0.18011589348316193 -0.344271183013916 2.283189058303833 0.3498800954523262 0.012522071599960327 2227
frame-000212.color.jpg 0.13293845327092418 0.3058403730392456 -0.859157919883728 0.3881194293498993 0.1810537725687027 -0.2776491343975067 2.2420833110809326 0.25834152666984506 0.01394490897655487 2289
frame-000213.color.jpg 0.13534255524026814 0.30690979957580566 -0.8605220913887024 0.3833934962749481 0.18846389651298523 -0.26433825492858887 2.2169833183288574 0.34918277582675017 0.007475789170712233 2393
frame-000214.color.jpg 0.14217314875501413 0.31265687942504883 -0.8603877425193787 0.37651726603507996 0.2245430201292038 -0.25402888655662537 2.1824560165405273 0.3369140218496883 0.008953831158578396 2418
frame-000215.color.jpg 0.14389523641321433 0.3149108290672302 -0.8592628836631775 0.37655359506607056 0.23152463138103485 -0.23459461331367493 2.165888786315918 0.46408979631779856 0.00871787779033184 2409
frame-000216.color.jpg 0.15909405099771262 0.32004261016845703 -0.8565390110015869 0.3722938895225525 0.28809893131256104 -0.20464706420898438 2.131819725036621 0.36699102666410394 0.006593368481844664 2321
frame-000217.color.jpg 0.1674313838907678 0.32569313049316406 -0.8527682423591614 0.3723936676979065 0.3196956515312195 -0.17647340893745422 2.1082143783569336 0.44857678252626 0.007744445465505123 2341
frame-000218.color.jpg 0.17646740746198214 0.3452380895614624 -0.8452125191688538 0.367811918258667 0.36594271659851074 -0.14366379380226135 2.0727741718292236 0.3476470771609816 0.004431542474776506 2422
frame-000219.color.jpg 0.18041828617355715 0.3543429374694824 -0.8399497866630554 0.369289368391037 0.38360682129859924 -0.11446482688188553 2.054542303085327 0.4466136634288367 0.007083498872816563 2429
frame-000220.color.jpg 0.18713602140184993 0.37087735533714294 -0.832889199256897 0.36568525433540344 0.4186948239803314 -0.09088271856307983 2.0203070640563965 0.3503011926229133 0.004030187148600817 2506
frame-000221.color.jpg 0.19357474184303822 0.3933349549770355 -0.8209420442581177 0.3658831715583801 0.4589977562427521 -0.04158477857708931 1.9802873134613037 0.3438289213736651 0.0059180003590881824 2631
frame-000222.color.jpg 0.2158213722950568 0.4152250289916992 -0.8003312945365906 0.3748055398464203 0.5322061777114868 0.10252059996128082 1.9258133172988892 0.2236999277774511 0.004155750852078199 2660
frame-000223.color.jpg 0.21816678642888837 0.41516512632369995 -0.7985515594482422 0.37730154395103455 0.5328035354614258 0.11856721341609955 1.9198486804962158 0.17891728555616002 0.002511761151254177 2699
frame-000224.color.jpg 0.2247598435103887 0.42221352458000183 -0.7910916805267334 0.3813037872314453 0.5396440029144287 0.19560778141021729 1.8937609195709229 0.17996716033678503 0.0056082988157868385 2715
frame-000225.color.jpg 0.22583081170327332 0.41991350054740906 -0.7910545468330383 0.3832828998565674 0.5276538729667664 0.22740402817726135 1.8792496919631958 0.217660493086426 0.006277849432080984 2765
frame-000226.color.jpg 0.22745851786243226 0.42077142000198364 -0.790469765663147 0.38258543610572815 0.5291762948036194 0.2527533769607544 1.8594692945480347 0.32773427428561763 0.008439142256975174 2643
frame-000227.color.jpg 0.22564465167053638 0.42917147278785706 -0.7870885729789734 0.38129767775535583 0.5296881794929504 0.27828678488731384 1.8308738470077515 0.12981165385856658 0.005106059368699789 2556
frame-000228.color.jpg 0.21985079811653868 0.4369252622127533 -0.7807460427284241 0.3888413608074188 0.5084792375564575 0.33642926812171936 1.8031684160232544 0.2812544901381371 0.009444345720112324 2532
frame-000229.color.jpg 0.2197713695035164 0.44320449233055115 -0.7765020132064819 0.3902755081653595 0.5014858841896057 0.3784114122390747 1.7718784809112549 0.1405686415123813 0.005115923937410116 2363
frame-000230.color.jpg 0.22173560667448203 0.43953752517700195 -0.7746317386627197 0.3969707787036896 0.4788481593132019 0.42778724431991577 1.7439601421356201 0.09103650985784552 0.0028780291322618723 2293
frame-000231.color.jpg 0.2334848257515146 0.4367794990539551 -0.7772151827812195 0.3881303369998932 0.5132025480270386 0.4400536119937897 1.7021464109420776 0.08657295455481574 0.006521007977426052 2190
frame-000232.color.jpg 0.23981466370009355 0.4411754608154297 -0.7758188247680664 0.3820449709892273 0.531670331954956 0.454977422952652 1.6656455993652344 0.1960953980817272 0.006754219066351652 2159
frame-000233.color.jpg 0.2497981208931032 0.45129120349884033 -0.7697780728340149 0.3760039806365967 0.5609757900238037 0.48960989713668823 1.6212146282196045 0.3320055437552557 0.011111348867416382 2208
frame-000234.color.jpg 0.25621971948514405 0.45982974767684937 -0.7619442939758301 0.3772914707660675 0.5727760791778564 0.5317717790603638 1.58671236038208 0.38568309330788675 0.010776917450129986 2350
frame-000235.color.jpg 0.26241607746609047 0.475838303565979 -0.7502120137214661 0.3766930401325226 0.5818244814872742 0.5817577242851257 1.5379178524017334 0.3607147231470969 0.00947838556021452 2507
frame-000236.color.jpg 0.26834888684580854 0.48641476035118103 -0.7403162121772766 0.3785782754421234 0.5762133002281189 0.6246128678321838 1.5022873878479004 0.3263390213846574 0.008133956231176853 2616
frame-000237.color.jpg 0.2736307632205322 0.49970144033432007 -0.7304288744926453 0.3766939342021942 0.5771064162254333 0.6643365621566772 1.4640111923217773 0.23915840677733535 0.006554566323757172 2834
frame-000238.color.jpg 0.27392015177304263 0.50822514295578 -0.7244358062744141 0.37665340304374695 0.5665349960327148 0.6798156499862671 1.4415979385375977 0.16125128141239972 0.004719305783510208 2951
frame-000239.color.jpg 0.2757820087921261 0.511871337890625 -0.72196364402771 0.37510067224502563 0.5700851082801819 0.6871026754379272 1.4315495491027832 0.1887527713011916 0.006710621993988752 3008
frame-000240.color.jpg 0.282721774089391 0.5262689590454102 -0.7105429768562317 0.37180379033088684 0.5763584971427917 0.7175291776657104 1.401151418685913 0.24094514157552838 0.007286143023520708 3062
frame-000241.color.jpg 0.28458004713613794 0.533387303352356 -0.7054138779640198 0.37000441551208496 0.5745970010757446 0.730010449886322 1.3860669136047363 0.23850548338136443 0.00713058328256011 3113
frame-000242.color.jpg 0.2913426290853307 0.5391842126846313 -0.7015369534492493 0.3636561334133148 0.5884907245635986 0.7393642067909241 1.3642853498458862 0.31678361341623607 0.008984792046248913 3174
frame-000243.color.jpg 0.29039551623556464 0.5443124175071716 -0.6999837160110474 0.35974612832069397 0.5848871469497681 0.7415512204170227 1.3507015705108643 0.24924430166476988 0.007170023396611214 3216
frame-000244.color.jpg 0.29434653972119074 0.5420819520950317 -0.7011331915855408 0.357658326625824 0.5897786021232605 0.7502881288528442 1.3340626955032349 0.20412988834063073 0.005692337639629841 3329
frame-000245.color.jpg 0.29371178102291146 0.5398037433624268 -0.7019373774528503 0.3600406050682068 0.5736235976219177 0.7647251486778259 1.319855809211731 0.21371840671827083 0.005554906092584133 3331
frame-000246.color.jpg 0.2925590628792652 0.5361642837524414 -0.7041065692901611 0.3621754050254822 0.5635936856269836 0.7775241732597351 1.3099117279052734 0.2509657494594511 0.005971365608274937 3339
frame-000247.color.jpg 0.2939211027882461 0.5307061672210693 -0.7063694000244141 0.36469656229019165 0.5556973218917847 0.802513599395752 1.2804807424545288 0.226927725768811 0.005646473728120327 3421
frame-000248.color.jpg 0.2838996651626511 0.5303252339363098 -0.7086729407310486 0.3686988353729248 0.5270887017250061 0.8210126161575317 1.2687147855758667 0.18881125479595984 0.004679859150201082 3440
frame-000249.color.jpg 0.28154025368798974 0.5247561931610107 -0.7125803232192993 0.37093856930732727 0.5160281658172607 0.83788001537323 1.2518962621688843 0.21167367219635114 0.004796380177140236 3449
frame-000250.color.jpg 0.28017304138647076 0.5204503536224365 -0.7154099941253662 0.3725895881652832 0.5112079977989197 0.8552818298339844 1.2353230714797974 0.2939041605635594 0.0069445171393454075 3405
frame-000251.color.jpg 0.2782311961838089 0.5191175937652588 -0.7171772122383118 0.372506707906723 0.5049872398376465 0.8643746972084045 1.2235369682312012 0.4896891852444477 0.01056718174368143 3379
frame-000252.color.jpg 0.27588181204042483 0.5160645246505737 -0.7191314101219177 0.3747221529483795 0.4978611171245575 0.8760325312614441 1.2089898586273193 0.4604347913381955 0.0101853022351861 3378
frame-000253.color.jpg 0.276036380890453 0.5148454308509827 -0.7196407914161682 0.3753069043159485 0.4966830313205719 0.8799227476119995 1.2037074565887451 0.5110242416123345 0.011606439016759396 3361
frame-000254.color.jpg 0.2760920651764295 0.5116722583770752 -0.7203744649887085 0.3781868815422058 0.49620816111564636 0.9001561403274536 1.18096923828125 0.44403958924624104 0.009931891225278378 3387
frame-000255.color.jpg 0.27006136901611094 0.5110716819763184 -0.72134929895401 0.3814810812473297 0.4802362620830536 0.9207349419593811 1.1594698429107666 0.3255848991311793 0.007464492227882147 3479
frame-000256.color.jpg 0.27284181292362253 0.5076383948326111 -0.7232984900474548 0.3803943395614624 0.4836040735244751 0.9294017553329468 1.1378262042999268 0.4024216458077666 0.009797859005630016 3529
frame-000257.color.jpg 0.27388013874714856 0.5062682032585144 -0.7238809466362 0.38036632537841797 0.48506829142570496 0.9316725730895996 1.1334125995635986 0.40602753212228376 0.009706550277769566 3567
frame-000258.color.jpg 0.27583815564673325 0.5056580901145935 -0.7246862649917603 0.3782237470149994 0.48860734701156616 0.9350419640541077 1.1203269958496094 0.32107644067044194 0.008356274105608463 3520
frame-000259.color.jpg 0.2843963935417444 0.5139169692993164 -0.7181243300437927 0.3732364773750305 0.47338736057281494 0.9630600810050964 1.0749125480651855 0.20886705141685769 0.005799959879368544 3623
frame-000260.color.jpg 0.2805505404437725 0.5245058536529541 -0.713329017162323 0.3706030249595642 0.45028868317604065 0.9742230772972107 1.0707719326019287 0.1862181307888822 0.004032081924378872 3609
frame-000261.color.jpg 0.283898293510721 0.5343233942985535 -0.7053827047348022 0.3692363202571869 0.4412612020969391 0.9894480109214783 1.051424503326416 0.20649066585400894 0.004629026632755995 3442
frame-000262.color.jpg 0.27805394203021455 0.553484320640564 -0.694275975227356 0.3664996922016144 0.40132200717926025 1.001378059387207 1.0398540496826172 0.2254959473640471 0.005917624570429325 3427
frame-000263.color.jpg 0.28154494356000764 0.5618395209312439 -0.6891030669212341 0.36084046959877014 0.4049012362957001 1.0074267387390137 1.0172488689422607 0.3785717991648457 0.00822432804852724 3284
frame-000264.color.jpg 0.2829800709611515 0.5693405270576477 -0.6855356693267822 0.35470330715179443 0.39925462007522583 1.0152904987335205 0.9974520206451416 0.3028132618817683 0.008919080719351768 3204
frame-000265.color.jpg 0.2875149103749614 0.5725435018539429 -0.6839139461517334 0.3489854335784912 0.40451812744140625 1.0301584005355835 0.9729896187782288 0.4099096675722162 0.009704748168587685 3086
frame-000266.color.jpg 0.2863407389546491 0.5730807781219482 -0.6832574605941772 0.3503522574901581 0.3915494978427887 1.046266794204712 0.9554024934768677 0.5506943538377389 0.012028316035866737 3093
frame-000267.color.jpg 0.2874639875547657 0.5715152621269226 -0.6850742101669312 0.3484365940093994 0.3937762975692749 1.084165334701538 0.9267118573188782 0.44029064248512384 0.008027142845094204 2942
frame-000268.color.jpg 0.2869886306689461 0.5648784041404724 -0.6866058111190796 0.35654205083847046 0.3768898546695709 1.1343472003936768 0.8860268592834473 0.4970661630740317 0.008322462439537048 3004
frame-000269.color.jpg 0.28324074819047707 0.555823802947998 -0.6923500895500183 0.3626098334789276 0.360724538564682 1.1706124544143677 0.8463912010192871 0.5333746482890261 0.011281877756118774 3090
frame-000270.color.jpg 0.27902998175840305 0.5405375361442566 -0.7004238367080688 0.37331992387771606 0.34800106287002563 1.2426918745040894 0.7816411256790161 0.35807082628849374 0.006831138860434294 3248
frame-000271.color.jpg 0.27915406987473346 0.5391626358032227 -0.6985512375831604 0.3786855936050415 0.3350156843662262 1.2745232582092285 0.7512460947036743 0.4045607489980235 0.007427506148815155 3215
frame-000272.color.jpg 0.2826022805516047 0.5372084975242615 -0.696090042591095 0.3834080100059509 0.3249029517173767 1.3073760271072388 0.7063616514205933 0.5345174776753868 0.011438517831265926 3345
frame-000273.color.jpg 0.2862124698665207 0.5329551696777344 -0.6999135613441467 0.37968698143959045 0.33286434412002563 1.3200089931488037 0.680905818939209 0.5832736624876121 0.011896846815943718 3337
frame-000274.color.jpg 0.29033334629084534 0.5351126790046692 -0.7029732465744019 0.3676815629005432 0.3316381275653839 1.319880723953247 0.6647850871086121 0.5529939397930647 0.012008602730929852 3323
frame-000275.color.jpg 0.28861925578336384 0.5388389229774475 -0.7032315731048584 0.3630658984184265 0.3120323717594147 1.324307918548584 0.6594926118850708 0.518750626306647 0.011049238964915276 3291
frame-000276.color.jpg 0.29737577176310487 0.547245979309082 -0.6947792768478394 0.35968199372291565 0.27402883768081665 1.3483097553253174 0.62462317943573 0.31320675540569143 0.0061979168094694614 3127
frame-000277.color.jpg 0.2926342977362937 0.5577057600021362 -0.6874716281890869 0.3615415692329407 0.2036433219909668 1.3587249517440796 0.6187512278556824 0.3983275610501522 0.008906337432563305 3126
frame-000278.color.jpg 0.29583066808814845 0.5701595544815063 -0.6784932017326355 0.3564397394657135 0.146300807595253 1.379349708557129 0.6185684204101562 0.26876180734191935 0.00426641758531332 2950
frame-000279.color.jpg 0.2858401977705436 0.575659453868866 -0.6784916520118713 0.3557535707950592 0.10420059412717819 1.3798977136611938 0.6303439140319824 0.30261347884854545 0.006591548677533865 3089
frame-000280.color.jpg 0.2899040550607755 0.5741296410560608 -0.6834937334060669 0.34520581364631653 0.10689640045166016 1.4106042385101318 0.6309492588043213 0.3948246345012877 0.009682326577603817 3048
frame-000281.color.jpg 0.2925875611442677 0.5719229578971863 -0.684924840927124 0.34376513957977295 0.11619189381599426 1.4327058792114258 0.6222487688064575 0.3757034665589841 0.010344913229346275 2877
frame-000282.color.jpg 0.296488331412633 0.5699672698974609 -0.6845630407333374 0.3443911373615265 0.12398003041744232 1.4447332620620728 0.6116142272949219 0.28890206085272996 0.007847054861485958 2915
frame-000283.color.jpg 0.30360095103065055 0.5622084140777588 -0.6840419769287109 0.351901650428772 0.11528486013412476 1.4776612520217896 0.5679295063018799 0.584229355362885 0.013068052008748055 3026
frame-000284.color.jpg 0.3018842274892258 0.5614240765571594 -0.68426513671875 0.35418927669525146 0.10865075886249542 1.495436429977417 0.553699254989624 0.568234546430596 0.013439521193504333 3043
frame-000285.color.jpg 0.29601627635453803 0.559981107711792 -0.688215434551239 0.3537725508213043 0.08892255276441574 1.5087010860443115 0.5529439449310303 0.9443621250483556 0.02448360063135624 3093
frame-000286.color.jpg 0.2961669182826137 0.5567249059677124 -0.6895762085914612 0.3561280369758606 0.08392878621816635 1.521019458770752 0.5302243828773499 1.0144948276111638 0.026253513991832733 3126
frame-000287.color.jpg 0.2890904892273571 0.5574856996536255 -0.6913655400276184 0.35728156566619873 0.06378170847892761 1.5274629592895508 0.532052218914032 1.24061901897672 0.03289669007062912 3078
frame-000288.color.jpg 0.2802201882270911 0.5583548545837402 -0.6937028169631958 0.3584589958190918 0.045473117381334305 1.5263638496398926 0.5354610681533813 1.2313040283309977 0.031890545040369034 3096
frame-000289.color.jpg 0.2712858511485201 0.5615233778953552 -0.6981691122055054 0.3516466021537781 0.04717835783958435 1.523966670036316 0.5576836466789246 0.8074764896231318 0.0198158361017704 3040
frame-000290.color.jpg 0.2789065758558786 0.5654128193855286 -0.6966358423233032 0.3423713147640228 0.03703591972589493 1.520918846130371 0.556909441947937 1.2472387529429316 0.03155846148729324 3002
frame-000291.color.jpg 0.27742397198651153 0.5658398866653442 -0.6979347467422485 0.34021779894828796 0.038140855729579926 1.5247985124588013 0.5652557611465454 0.9448391710731987 0.02358093485236168 2989
frame-000292.color.jpg 0.281604767434887 0.577227771282196 -0.6895375847816467 0.3347308337688446 -0.058117419481277466 1.5048513412475586 0.5893223881721497 0.5131096904650099 0.012762241996824741 3125
frame-000293.color.jpg 0.28220637685925365 0.5804868340492249 -0.6876062154769897 0.3325541913509369 -0.10719834268093109 1.4884297847747803 0.6043897271156311 0.577889552430938 0.015059977769851685 3179
frame-000294.color.jpg 0.28561560281934817 0.5914610624313354 -0.677245020866394 0.33156707882881165 -0.20810538530349731 1.4542794227600098 0.627906084060669 0.2993012106270595 0.007151606492698193 3449
frame-000295.color.jpg 0.29583009872045063 0.5956459045410156 -0.6733998656272888 0.32283610105514526 -0.2179386466741562 1.4454529285430908 0.6406652927398682 0.2086166689548812 0.005141506437212229 3477
frame-000296.color.jpg 0.3084742991893965 0.5950138568878174 -0.6724826693534851 0.31395742297172546 -0.21139784157276154 1.450406551361084 0.6460581421852112 0.169896033065388 0.004006267990916967 3442
frame-000297.color.jpg 0.32575219740707884 0.5903058052062988 -0.6680788397789001 0.3147941529750824 -0.22763411700725555 1.4706575870513916 0.6152557730674744 0.26136153750004854 0.005411538295447826 3448
frame-000298.color.jpg 0.33497105100191255 0.5880553126335144 -0.6647356748580933 0.3164047598838806 -0.23910044133663177 1.482488751411438 0.5898602604866028 0.2723749240520032 0.005821675527840853 3374
frame-000299.color.jpg 0.33988909774124687 0.5968247056007385 -0.6522201299667358 0.32075604796409607 -0.29248395562171936 1.467108130455017 0.5738453269004822 0.45039083808113306 0.009179065003991127 3426
frame-000300.color.jpg 0.3534759441572783 0.6055319309234619 -0.6367882490158081 0.32075953483581543 -0.3382725417613983 1.4681100845336914 0.5648943781852722 0.2474698398627417 0.0044027408584952354 3328
frame-000301.color.jpg 0.35088145280860034 0.6081750392913818 -0.6346845626831055 0.3227705657482147 -0.35443115234375 1.459835171699524 0.5673577189445496 0.33504548486401386 0.006336728110909462 3359
frame-000302.color.jpg 0.3632472954039289 0.6262648701667786 -0.6230841875076294 0.29598963260650635 -0.3832174241542816 1.404342770576477 0.6480892896652222 0.0788394728670688 0.003629182232543826 3572
frame-000303.color.jpg 0.36564223866488327 0.63774573802948 -0.6151775121688843 0.284855455160141 -0.40332141518592834 1.3705588579177856 0.6928557753562927 0.12195693631305192 0.00507836788892746 3527
frame-000304.color.jpg 0.3659642073148523 0.6470387578010559 -0.6090747714042664 0.27647635340690613 -0.42255085706710815 1.3493750095367432 0.7271690964698792 0.10472014685962476 0.003734931815415621 3521
frame-000305.color.jpg 0.36758481178803026 0.6635377407073975 -0.5946740508079529 0.26638683676719666 -0.47716590762138367 1.314062237739563 0.7836448550224304 0.10828477856475079 0.0032713303808122873 3630
frame-000306.color.jpg 0.36600203742056414 0.6673085689544678 -0.5899009704589844 0.26973792910575867 -0.5199859738349915 1.301430106163025 0.7949681282043457 0.08307020142872312 0.0038657577242702246 3641
frame-000307.color.jpg 0.3694403758603736 0.6652336716651917 -0.5881262421607971 0.2740171551704407 -0.5744366645812988 1.3011640310287476 0.8015516996383667 0.23128181128213549 0.007357367780059576 3478
frame-000308.color.jpg 0.3633822373084192 0.6609821319580078 -0.5926933884620667 0.2824367582798004 -0.6298485994338989 1.2960978746414185 0.7979040145874023 0.16206784920397327 0.0077785286121070385 3488
frame-000309.color.jpg 0.3624181518709119 0.6554640531539917 -0.5975666046142578 0.2862415015697479 -0.6541671752929688 1.300559163093567 0.7914125323295593 0.10380608878981988 0.00768896471709013 3434
frame-000310.color.jpg 0.3592437910907355 0.6496151089668274 -0.6030856966972351 0.29194459319114685 -0.7060447931289673 1.3093262910842896 0.7852709889411926 0.32134223107869064 0.012203454039990902 3304
frame-000311.color.jpg 0.35593337156775257 0.6404348611831665 -0.6113030910491943 0.2991040050983429 -0.7259971499443054 1.3188471794128418 0.7688106298446655 0.16699671114421016 0.009765377268195152 3292
frame-000312.color.jpg 0.34695213151618837 0.6294448375701904 -0.623669445514679 0.307343065738678 -0.7693294286727905 1.323691964149475 0.7503040432929993 0.1738199500631339 0.01036252360790968 3280
frame-000313.color.jpg 0.3440199388882368 0.6215134263038635 -0.6329156756401062 0.3078785240650177 -0.7919450402259827 1.330534815788269 0.7432012557983398 0.38700091961130256 0.014406378380954266 3172
frame-000314.color.jpg 0.33401141972666903 0.6057896018028259 -0.6493528485298157 0.3159053921699524 -0.8152908682823181 1.3525279760360718 0.7053025960922241 0.1914945986650625 0.014477545395493507 3370
frame-000315.color.jpg 0.3287479990295791 0.599186897277832 -0.6543359756469727 0.3236420452594757 -0.8390182256698608 1.3654003143310547 0.678970217704773 0.1423605389730915 0.014448589645326138 3431
frame-000316.color.jpg 0.32547616398587054 0.5919597744941711 -0.6600323915481567 0.3286428153514862 -0.849120020866394 1.3768128156661987 0.6541366577148438 0.18601003680282158 0.012508749030530453 3512
frame-000317.color.jpg 0.3238629168446446 0.583871603012085 -0.6668388247489929 0.33095723390579224 -0.8589980602264404 1.399909496307373 0.634038507938385 0.14037784978287052 0.010808807797729969 3546
frame-000318.color.jpg 0.3191298413986476 0.5793309211730957 -0.6718634366989136 0.3333636224269867 -0.8755993247032166 1.412785530090332 0.6096107959747314 0.1471139504290237 0.009115205146372318 3588
frame-000319.color.jpg 0.31704432564487356 0.5786161422729492 -0.6728236079216003 0.3346560597419739 -0.9001299142837524 1.4168274402618408 0.588515043258667 0.11594024668557149 0.009068256244063377 3579
frame-000320.color.jpg 0.3161084921703312 0.5775238871574402 -0.6736463904380798 0.33577096462249756 -0.9147582650184631 1.4255170822143555 0.5673484802246094 0.2793629546248667 0.008603837341070175 3624
frame-000321.color.jpg 0.31730502856553483 0.5811427235603333 -0.6709766387939453 0.333737850189209 -0.9445019364356995 1.4282386302947998 0.5542027354240417 0.3050115689383075 0.008520142175257206 3577
frame-000322.color.jpg 0.31861756182774564 0.5854891538619995 -0.6681647896766663 0.33051633834838867 -0.9846047759056091 1.4390934705734253 0.5437080264091492 0.3190713532622201 0.009506739675998688 3693
frame-000323.color.jpg 0.3211663978481516 0.5803858637809753 -0.6686881184577942 0.33594757318496704 -1.0079128742218018 1.4560081958770752 0.5030801892280579 0.22439153779176776 0.005661549977958202 3723
frame-000324.color.jpg 0.3194008576615179 0.5810937285423279 -0.6712107062339783 0.3313446044921875 -1.0217164754867554 1.4575551748275757 0.49731388688087463 0.18931135270925173 0.005145291332155466 3672
frame-000325.color.jpg 0.3245680675793857 0.5836383104324341 -0.670214056968689 0.323782354593277 -1.0338108539581299 1.472066044807434 0.506151556968689 0.24403598893794426 0.006688577588647604 3622
frame-000326.color.jpg 0.3265283009265246 0.5879766345024109 -0.666232705116272 0.32217493653297424 -1.0593665838241577 1.4827725887298584 0.5050255656242371 0.180447674817066 0.005520986393094063 3640
frame-000327.color.jpg 0.335843764364767 0.5947533249855042 -0.65635085105896 0.32043886184692383 -1.0942732095718384 1.467278003692627 0.5126960873603821 0.19469799740643814 0.005666483659297228 3636
frame-000328.color.jpg 0.3376229986685836 0.5968754887580872 -0.6525607705116272 0.32235807180404663 -1.1460916996002197 1.4629827737808228 0.49899089336395264 0.10894649983134205 0.002426660619676113 3656
frame-000329.color.jpg 0.3335437238951989 0.5913088917732239 -0.659051239490509 0.32365724444389343 -1.176252841949463 1.4727236032485962 0.4781528115272522 0.25284485189399797 0.005484708584845066 3638
frame-000330.color.jpg 0.3292022348408452 0.5823849439620972 -0.6685324907302856 0.3248353898525238 -1.1779781579971313 1.4952703714370728 0.45393577218055725 0.1410556259960753 0.003207544097676873 3643
frame-000331.color.jpg 0.3227840367046924 0.5757455229759216 -0.6762997508049011 0.32702624797821045 -1.1908020973205566 1.499411702156067 0.4302107095718384 0.1274857743429789 0.00575908413156867 3596
frame-000332.color.jpg 0.3169149827797668 0.5690985321998596 -0.6858571767807007 0.3244869112968445 -1.1903162002563477 1.5116703510284424 0.4233377277851105 0.1800991217259838 0.006285474169999361 3631
frame-000333.color.jpg 0.3039738191997722 0.5624182224273682 -0.7012603878974915 0.31546732783317566 -1.1921979188919067 1.514488935470581 0.43858879804611206 0.22006957551188353 0.006237323395907879 3443
frame-000334.color.jpg 0.29373012715190583 0.5598945617675781 -0.7111982703208923 0.3073072135448456 -1.1900988817214966 1.5082124471664429 0.4596656858921051 0.3165062703833365 0.008317909203469753 3442
frame-000335.color.jpg 0.2799672810032045 0.563970148563385 -0.7170032262802124 0.29910263419151306 -1.2009859085083008 1.4804927110671997 0.4894575774669647 0.10215548419745771 0.0021176431328058243 3566
frame-000336.color.jpg 0.26911625665085204 0.5702992081642151 -0.7212769985198975 0.28652194142341614 -1.2164217233657837 1.4428390264511108 0.5372473001480103 0.11518301616241243 0.002518736058846116 3528
frame-000337.color.jpg 0.26234590750952147 0.5725735425949097 -0.7242752909660339 0.28064119815826416 -1.2230267524719238 1.4264448881149292 0.5562284588813782 0.0854426582987778 0.0021673135925084352 3547
frame-000338.color.jpg 0.2541200889450383 0.5752627849578857 -0.7270451784133911 0.2755015194416046 -1.2387652397155762 1.395176887512207 0.5739243626594543 0.20817550810360713 0.004371039569377899 3477
frame-000339.color.jpg 0.24925867726097087 0.578023374080658 -0.728531002998352 0.2701883316040039 -1.2492889165878296 1.366398572921753 0.5902839303016663 0.3789260085063343 0.010109476745128632 3415
frame-000340.color.jpg 0.2457079495689119 0.5785762667655945 -0.7309711575508118 0.26562806963920593 -1.251231074333191 1.3510757684707642 0.6052951216697693 0.6317817193338955 0.015799356624484062 2936
frame-000341.color.jpg 0.24442230233319812 0.5796982049942017 -0.7319332957267761 0.26168930530548096 -1.2791025638580322 1.3383210897445679 0.6262722015380859 0.18937583929997015 0.005696352105587721 3313
frame-000342.color.jpg 0.2387751498836182 0.5783051252365112 -0.7356964349746704 0.2594234049320221 -1.2997013330459595 1.3259457349777222 0.6318655014038086 0.11690969332067694 0.006456382106989622 3423
frame-000343.color.jpg 0.23266603969454872 0.5732436776161194 -0.7412093281745911 0.26051291823387146 -1.3351918458938599 1.3155603408813477 0.6234049797058105 0.38010600372673337 0.010721627622842789 3431
frame-000344.color.jpg 0.22705382749832337 0.5642772912979126 -0.7497954964637756 0.26046958565711975 -1.3475409746170044 1.3361668586730957 0.6175186634063721 0.36749894194234434 0.008498698472976685 3202
frame-000345.color.jpg 0.21466967858319624 0.5374903678894043 -0.7706096172332764 0.26679933071136475 -1.340700626373291 1.4055957794189453 0.5607227087020874 0.5182875608252613 0.011705038137733936 3197
frame-000346.color.jpg 0.20309211260489024 0.5111321210861206 -0.7881780862808228 0.27617570757865906 -1.3288391828536987 1.4799669981002808 0.4961315989494324 0.8817269424818115 0.019711079075932503 2976
frame-000347.color.jpg 0.1972851328612036 0.4834838807582855 -0.8040108680725098 0.2844087779521942 -1.3046196699142456 1.5585194826126099 0.4268344044685364 0.6870640965372151 0.01690111681818962 3303
frame-000348.color.jpg 0.18962573701529592 0.45995205640792847 -0.8172171115875244 0.2909340262413025 -1.2866548299789429 1.6179931163787842 0.3709135353565216 0.5000939645887572 0.011939987540245056 3249
frame-000349.color.jpg 0.18502222599346096 0.4502713680267334 -0.8226229548454285 0.293792188167572 -1.2890104055404663 1.6410269737243652 0.34217581152915955 0.5522042525311348 0.011757253669202328 3223
frame-000350.color.jpg 0.17434258498253222 0.4373880922794342 -0.829620897769928 0.30004236102104187 -1.31370210647583 1.667285442352295 0.27860385179519653 0.1537998785332464 0.0016604826087132096 3252
frame-000351.color.jpg 0.1678780849110063 0.43815121054649353 -0.8296951055526733 0.3024011254310608 -1.348036766052246 1.6656990051269531 0.25849592685699463 0.18194188541971207 0.0028836694546043873 3084
frame-000352.color.jpg 0.1689437522884961 0.44263529777526855 -0.8277303576469421 0.3006567060947418 -1.383158564567566 1.6655436754226685 0.2625720798969269 0.3039007560636813 0.006463778670877218 3269
frame-000353.color.jpg 0.16793707836687735 0.4500545263290405 -0.8238107562065125 0.30097150802612305 -1.4371418952941895 1.6564366817474365 0.26407644152641296 0.31632452331839067 0.007266829255968332 3178
frame-000354.color.jpg 0.16541721943032356 0.4515102505683899 -0.8217326998710632 0.30582866072654724 -1.4690452814102173 1.6527947187423706 0.23729515075683594 0.44039981879013823 0.010984513908624649 3208
frame-000355.color.jpg 0.16732889987905084 0.45037034153938293 -0.8200646638870239 0.31090444326400757 -1.4855948686599731 1.663597822189331 0.21810053288936615 0.26583072237305827 0.004578384105116129 2989
frame-000356.color.jpg 0.1694037296898871 0.4536890685558319 -0.8177909851074219 0.31094449758529663 -1.518168330192566 1.66304349899292 0.21660751104354858 0.27713463208857647 0.006018077488988638 3175
frame-000357.color.jpg 0.17273865964569396 0.44976091384887695 -0.8180291652679443 0.31417322158813477 -1.5307602882385254 1.6846988201141357 0.1948968470096588 0.2318322284797033 0.005997438915073872 3171
frame-000358.color.jpg 0.17719086877195672 0.4476337730884552 -0.8173850774765015 0.3164002001285553 -1.5425200462341309 1.701973795890808 0.18240037560462952 0.257087066379237 0.007328163366764784 3127
frame-000359.color.jpg 0.1909882082576556 0.4489178955554962 -0.8082879185676575 0.3296468257904053 -1.5768953561782837 1.7155144214630127 0.14364194869995117 0.2964097994523227 0.00770720886066556 3289
frame-000360.color.jpg 0.20019937105317764 0.45262765884399414 -0.8010674715042114 0.33665919303894043 -1.6017917394638062 1.723071813583374 0.12599056959152222 0.449516307063107 0.012225745245814323 3300
frame-000361.color.jpg 0.20688810436545602 0.45622533559799194 -0.7922484278678894 0.34842225909233093 -1.6454226970672607 1.718583345413208 0.09347520023584366 0.17681822968599759 0.0068930150009691715 3439
frame-000362.color.jpg 0.20989687831047885 0.4563148617744446 -0.7884330749511719 0.35509616136550903 -1.6669397354125977 1.7219544649124146 0.07518421858549118 0.0901265472335 0.0032251630909740925 3468
frame-000363.color.jpg 0.21511418656478853 0.45507851243019104 -0.7849534153938293 0.36121678352355957 -1.6752698421478271 1.729698896408081 0.05372999608516693 0.22510062348540616 0.00582316517829895 3415
frame-000364.color.jpg 0.21892233442768727 0.45570147037506104 -0.7813202142715454 0.36598894000053406 -1.6872862577438354 1.72830069065094 0.03921867534518242 0.18753230187387496 0.005231838673353195 3280
frame-000365.color.jpg 0.22181616147951783 0.4564914405345917 -0.7791286706924438 0.36792874336242676 -1.6908624172210693 1.7302727699279785 0.03828039392828941 0.35542516852174516 0.008548549376428127 3329
frame-000366.color.jpg 0.22721589409924078 0.45729750394821167 -0.7765335440635681 0.3691173493862152 -1.693328619003296 1.734320044517517 0.04230476915836334 0.2688924347097958 0.00731239328160882 3264
frame-000367.color.jpg 0.2311402446312695 0.45971304178237915 -0.7727401256561279 0.3716326057910919 -1.702115774154663 1.7327853441238403 0.04036268591880798 0.16481785411854966 0.005046069622039795 3236
frame-000368.color.jpg 0.2327665565173336 0.4584355652332306 -0.7714112401008606 0.37494173645973206 -1.704167127609253 1.7414766550064087 0.022919777780771255 0.08746919676986174 0.0018586977384984493 3253
frame-000369.color.jpg 0.23439731684000167 0.4551982879638672 -0.770460307598114 0.3797939121723175 -1.702530860900879 1.7518391609191895 -0.0011229083174839616 0.12155831740174498 0.0037409584037959576 3206
frame-000370.color.jpg 0.23371154796449983 0.4533323049545288 -0.7705689668655396 0.38222023844718933 -1.7042156457901 1.7585760354995728 -0.02064567059278488 0.30751315240225113 0.007284490391612053 3170
frame-000371.color.jpg 0.2264844548972755 0.45054012537002563 -0.773223340511322 0.3845050036907196 -1.7109791040420532 1.7733581066131592 -0.05462916940450668 0.14010505576267993 0.0034124075900763273 3148
frame-000372.color.jpg 0.21841283376226844 0.441048800945282 -0.7785820364952087 0.3893352150917053 -1.697654128074646 1.811476707458496 -0.11788676679134369 0.17557454828767347 0.004644833505153656 3072
frame-000373.color.jpg 0.212347807000962 0.4292857050895691 -0.7840402722358704 0.39484554529190063 -1.673730492591858 1.857767939567566 -0.1947655975818634 0.12961928798389552 0.003137776395305991 2937
frame-000374.color.jpg 0.20401823388276688 0.4198076128959656 -0.787559449672699 0.40235328674316406 -1.6578830480575562 1.8936405181884766 -0.293846994638443 0.08944042671692444 0.002577804261818528 2843
frame-000375.color.jpg 0.20339757184464022 0.41748911142349243 -0.78972989320755 0.4008227288722992 -1.6546757221221924 1.9210221767425537 -0.3246588408946991 0.08188519695825897 0.004142183810472488 2787
frame-000376.color.jpg 0.20516515724601334 0.41914764046669006 -0.7908268570899963 0.39599916338920593 -1.6755064725875854 1.9519305229187012 -0.3314129412174225 0.14686975782598252 0.00646578473970294 2799
frame-000377.color.jpg 0.21196709954884263 0.42414990067481995 -0.7886099219322205 0.3914858400821686 -1.7120295763015747 1.9660404920578003 -0.33164718747138977 0.029327334857100505 0.004968493711203337 2893
frame-000378.color.jpg 0.21922312119146606 0.4358695149421692 -0.7809067964553833 0.39005598425865173 -1.7903858423233032 1.9494465589523315 -0.32884711027145386 0.09801705657109111 0.0010062834480777383 2901
frame-000379.color.jpg 0.23470904410580018 0.4581376016139984 -0.7659708261489868 0.3851108253002167 -1.9131168127059937 1.9135591983795166 -0.28718748688697815 0.2732657034497345 0.013799031265079975 2720
frame-000380.color.jpg 0.24220411866679295 0.47547465562820435 -0.7553315162658691 0.3804410398006439 -2.035226345062256 1.8858083486557007 -0.25630316138267517 0.2923918873122098 0.00558250630274415 2753
frame-000381.color.jpg 0.2499896145582468 0.477451354265213 -0.7545557022094727 0.3744208514690399 -2.0735414028167725 1.9167183637619019 -0.23579168319702148 0.3786516803616231 0.004398669116199017 2687
frame-000382.color.jpg 0.2506234707415248 0.4801148474216461 -0.7572575807571411 0.36501869559288025 -2.1171090602874756 1.961244821548462 -0.22290383279323578 0.1169258349786764 0.00236893561668694 2767
frame-000383.color.jpg 0.2531084586370567 0.4773947298526764 -0.7592762112617493 0.3626706898212433 -2.1328015327453613 2.0009889602661133 -0.24646373093128204 0.1538672332698077 0.0037609143182635307 2773
frame-000384.color.jpg 0.24817736399802093 0.4731115400791168 -0.7602332234382629 0.3696199655532837 -2.1693320274353027 2.0351383686065674 -0.340791255235672 0.14145396476290453 0.005573916248977184 2628
frame-000385.color.jpg 0.2396356243753103 0.4732165038585663 -0.7607289552688599 0.37407562136650085 -2.214874744415283 2.0426981449127197 -0.4192756116390228 0.07463226977143268 0.00630278280004859 2921
frame-000386.color.jpg 0.23766855008782656 0.47036054730415344 -0.7612771391868591 0.37779852747917175 -2.2421460151672363 2.0644285678863525 -0.48326539993286133 0.2391946654768746 0.013281420804560184 2859
frame-000387.color.jpg 0.23053814223992097 0.45676177740097046 -0.771632730960846 0.37789386510849 -2.2306900024414062 2.163083076477051 -0.5730692148208618 0.3502573033214107 0.014381848275661469 3069
frame-000388.color.jpg 0.22034129272825795 0.44919273257255554 -0.7785287499427795 0.3789044916629791 -2.2456626892089844 2.2189390659332275 -0.660726010799408 0.14193242485034924 0.00974402204155922 3282
frame-000389.color.jpg 0.22134280768155087 0.44709983468055725 -0.7794105410575867 0.3789832890033722 -2.2631804943084717 2.2388086318969727 -0.68431556224823 0.2803521847961814 0.008462722413241863 3331
frame-000390.color.jpg 0.22698660748562857 0.4521911144256592 -0.7763118743896484 0.37595224380493164 -2.3296215534210205 2.2539029121398926 -0.686486005783081 0.14006308745188137 0.008068094961345196 3443
frame-000391.color.jpg 0.23734732591887123 0.4610019028186798 -0.7681559324264526 0.3756062090396881 -2.4425363540649414 2.246187925338745 -0.6905419826507568 0.14825940783738922 0.004604728892445564 3459
frame-000392.color.jpg 0.2379000145517636 0.478675901889801 -0.7588596343994141 0.3720282018184662 -2.5716586112976074 2.195312261581421 -0.639373779296875 0.23143989280882427 0.006681084167212248 3374
frame-000393.color.jpg 0.24733680885492626 0.495728462934494 -0.7449036240577698 0.37174779176712036 -2.6858975887298584 2.108595371246338 -0.5898037552833557 0.30169295077532754 0.010117597877979279 3397
frame-000394.color.jpg 0.254531903089338 0.5029881000518799 -0.741078794002533 0.3647173047065735 -2.744609832763672 2.124929666519165 -0.537345290184021 0.33741577394941985 0.010956157930195332 3265
frame-000395.color.jpg 0.2572488076264045 0.5084999799728394 -0.7378467917442322 0.3617083430290222 -2.798386335372925 2.120238780975342 -0.5166635513305664 0.18461160893111436 0.00847852136939764 3317
frame-000396.color.jpg 0.2617957730279697 0.5063145756721497 -0.7388021945953369 0.3595552444458008 -2.8082640171051025 2.1604905128479004 -0.5233405828475952 0.26416495662836853 0.011156465858221054 3396
frame-000397.color.jpg 0.26224732212870594 0.5028470158576965 -0.7395689487457275 0.36250367760658264 -2.8367059230804443 2.1922202110290527 -0.588007926940918 0.23231693178693621 0.010080833919346333 3425
frame-000398.color.jpg 0.2599657522027656 0.5031757950782776 -0.7374157905578613 0.36803507804870605 -2.8774702548980713 2.185124397277832 -0.6593149900436401 0.24594838854469495 0.009441937319934368 3486
frame-000399.color.jpg 0.2556258914404312 0.5223103761672974 -0.729102373123169 0.36091136932373047 -3.005882740020752 2.1098837852478027 -0.6097573637962341 0.2118804455013027 0.00626468937844038 3520
frame-000400.color.jpg 0.2524333847215191 0.5298622846603394 -0.7258745431900024 0.3586496114730835 -3.0779714584350586 2.086188316345215 -0.6160797476768494 0.2350231274412893 0.006990545894950628 3504
frame-000401.color.jpg 0.25317938442206883 0.5320693254470825 -0.7308977246284485 0.3443702161312103 -3.089573621749878 2.145718812942505 -0.5456555485725403 0.3125541521748379 0.00734731275588274 3589
frame-000402.color.jpg 0.2555932759260089 0.5317203402519226 -0.7324046492576599 0.33989572525024414 -3.117215871810913 2.1774380207061768 -0.5374876856803894 0.22046623341184673 0.007281213067471981 3580
frame-000403.color.jpg 0.26483746812011855 0.5330438613891602 -0.7311709523200989 0.3333381414413452 -3.147702217102051 2.211836814880371 -0.49003151059150696 0.3766071059222621 0.009443248622119427 3470
frame-000404.color.jpg 0.269665470521423 0.5385521650314331 -0.7252403497695923 0.3335692286491394 -3.205192804336548 2.1793453693389893 -0.4694978594779968 0.21951011364975073 0.006919854786247015 3381
frame-000405.color.jpg 0.2708404060899288 0.5497644543647766 -0.7133094668388367 0.33999136090278625 -3.3283939361572266 2.077589511871338 -0.4801569879055023 0.14725946547485672 0.0033048551995307207 3126
frame-000406.color.jpg 0.26629694832329204 0.5545859336853027 -0.709130048751831 0.34446316957473755 -3.3840506076812744 2.023872137069702 -0.5068522095680237 0.20471852524908155 0.004910701885819435 2971
frame-000407.color.jpg 0.26498391479388506 0.5602765679359436 -0.7058042287826538 0.34309500455856323 -3.444396734237671 1.9928454160690308 -0.49117693305015564 0.4268532057884758 0.009712764993309975 2744
frame-000408.color.jpg 0.2638951896051336 0.5605042576789856 -0.7042555212974548 0.3467254638671875 -3.48013973236084 1.9719488620758057 -0.5211384296417236 0.3559097651072723 0.008551604114472866 2483
frame-000409.color.jpg 0.26732668753795663 0.5623757839202881 -0.704633891582489 0.34023669362068176 -3.509167194366455 1.9902315139770508 -0.46428513526916504 0.36887821326786374 0.010048518888652325 2315
frame-000410.color.jpg 0.2659558943169553 0.5625227689743042 -0.7054752707481384 0.3393234312534332 -3.5116357803344727 1.9966744184494019 -0.465492308139801 0.5277242142155744 0.012125732377171516 2230
frame-000411.color.jpg 0.2661756067807301 0.5612378716468811 -0.7066832780838013 0.33876433968544006 -3.519301176071167 2.011188507080078 -0.46564656496047974 0.4446655920919286 0.011964474804699421 1961
frame-000412.color.jpg 0.2629397775644575 0.5579882264137268 -0.710412859916687 0.33885884284973145 -3.518073797225952 2.0348927974700928 -0.4970428943634033 0.5066227183007902 0.012262380681931973 1836
frame-000413.color.jpg 0.26278151396211336 0.5561907887458801 -0.711143434047699 0.3404008746147156 -3.5214829444885254 2.0364181995391846 -0.514809787273407 0.2426950573852268 0.007230155169963837 1754
frame-000414.color.jpg 0.261204243305307 0.5551947355270386 -0.7124133706092834 0.34058526158332825 -3.514988422393799 2.0439274311065674 -0.5248379707336426 0.3036057505884749 0.007385487202554941 1744
