frame-000000.color.jpg 0.024551145794411266 -0.0074481721967458725 0.9456275105476379 -0.324238121509552 -0.4993172883987427 4.491830348968506 -1.909030795097351 0.2179571660882852 0.0035099340602755547 3711
frame-000001.color.jpg 0.027868314101127525 -0.006209070794284344 0.9455707669258118 -0.3241617679595947 -0.4895877540111542 4.4907050132751465 -1.917624831199646 0.2332569365714592 0.0032430675346404314 3557
frame-000002.color.jpg 0.01943616465417013 -0.01153650600463152 0.9467970728874207 -0.3210366666316986 -0.5518843531608582 4.5013322830200195 -1.8801497220993042 0.32345692167875006 0.004612268414348364 3706
frame-000003.color.jpg 0.015032277550791116 -0.014611649326980114 0.9472787380218506 -0.3197242319583893 -0.5871284008026123 4.501841068267822 -1.8634159564971924 0.1874066370653173 0.0016845948994159698 3787
frame-000004.color.jpg 0.013504289377478707 -0.01645427942276001 0.9483059644699097 -0.31664302945137024 -0.6021710634231567 4.512825012207031 -1.8337230682373047 0.39075050670265443 0.006315250881016254 3771
frame-000005.color.jpg 0.01125987020829771 -0.018599584698677063 0.9489195346832275 -0.31476807594299316 -0.6303861141204834 4.513893127441406 -1.812099575996399 0.16257130885099724 0.0033639913890510798 3970
frame-000006.color.jpg 0.014114701927958363 -0.01674530655145645 0.9503816962242126 -0.31031444668769836 -0.6114511489868164 4.531231880187988 -1.7751373052597046 0.2486642691938477 0.0027138846926391125 3812
frame-000007.color.jpg 0.0140441370236413 -0.01666366122663021 0.9498409628868103 -0.31197303533554077 -0.61016446352005 4.522068500518799 -1.7914104461669922 0.2525866120464333 0.0043157972395420074 3766
frame-000008.color.jpg 0.013646969747298968 -0.016392624005675316 0.9503934383392334 -0.3103181719779968 -0.6091654300689697 4.529282093048096 -1.7749719619750977 0.16022583256218545 0.002056818688288331 3819
frame-000009.color.jpg 0.013421327231325992 -0.017025263980031013 0.9506828784942627 -0.30940598249435425 -0.6149796843528748 4.5330328941345215 -1.7676113843917847 0.132213359146112 0.0022685404401272535 3848
frame-000010.color.jpg 0.013281030403545497 -0.018390076234936714 0.9508202075958252 -0.3089115023612976 -0.6255019307136536 4.533228397369385 -1.7623766660690308 0.18244791972788804 0.0017171954968944192 3874
frame-000011.color.jpg 0.013568418099193557 -0.018610293045639992 0.9512600898742676 -0.30752864480018616 -0.625201940536499 4.535531520843506 -1.7511872053146362 0.235747447658428 0.003762803040444851 3902
frame-000012.color.jpg 0.010050679897287083 -0.021050376817584038 0.9517994523048401 -0.30583280324935913 -0.6503880620002747 4.537191390991211 -1.7289470434188843 0.1295330568456241 0.002034052973613143 4020
frame-000013.color.jpg 0.006310734979489219 -0.027969839051365852 0.9518667459487915 -0.3051678240299225 -0.7131404876708984 4.526724815368652 -1.7132904529571533 0.15570699541556088 0.00270870141685009 4035
frame-000014.color.jpg 0.0069058147503614845 -0.03197832778096199 0.9525160193443298 -0.30272579193115234 -0.7474156618118286 4.5268778800964355 -1.689167857170105 0.08544028374082416 0.0024280615616589785 4086
frame-000015.color.jpg 0.0008995094662587072 -0.03816623613238335 0.9516564607620239 -0.3047827184200287 -0.8004683256149292 4.508808612823486 -1.6980363130569458 0.15010347887201334 0.003765497822314501 4188
frame-000016.color.jpg 0.004528344094337341 0.04939660057425499 -0.9514132142066956 0.3038952946662903 -0.9042227268218994 4.490557670593262 -1.673380732536316 0.1027424068885094 0.003187339985743165 4287
frame-000017.color.jpg 0.007172240911043941 0.06825395673513412 -0.9506891965866089 0.3024565279483795 -1.069822072982788 4.450483322143555 -1.6430222988128662 0.09516156392045637 0.0026132354978471994 4345
frame-000018.color.jpg 0.015749594065523044 0.08722560107707977 -0.9499910473823547 0.29943370819091797 -1.2332781553268433 4.416994094848633 -1.5868369340896606 0.19824145152307315 0.0021026707254350185 4346
frame-000019.color.jpg 0.021224410921764754 0.10457060486078262 -0.9484208822250366 0.29851701855659485 -1.3798719644546509 4.373077392578125 -1.5518596172332764 0.14497495396047255 0.0023363844957202673 4342
frame-000020.color.jpg 0.028957208744593666 0.1199835017323494 -0.946825385093689 0.2971315085887909 -1.5064635276794434 4.33132791519165 -1.5074201822280884 0.10415830376943172 0.0020073861815035343 4333
frame-000021.color.jpg 0.03209833803531323 0.14177900552749634 -0.9448021650314331 0.29362785816192627 -1.6859546899795532 4.281377792358398 -1.448734164237976 0.30902868066562705 0.0034176642075181007 3935
frame-000022.color.jpg 0.05487350367354658 0.17061389982700348 -0.9334151744842529 0.31083109974861145 -1.9399926662445068 4.123757362365723 -1.5137804746627808 0.15580636666385664 0.003325891215354204 4307
frame-000023.color.jpg 0.06277408301557985 0.1789036989212036 -0.9331279397010803 0.30549168586730957 -2.007012367248535 4.11480712890625 -1.4340234994888306 0.19989913309854995 0.00373642286285758 4317
frame-000024.color.jpg 0.06601959889795954 0.20872314274311066 -0.9242104291915894 0.31290778517723083 -2.2513697147369385 3.9744229316711426 -1.4401042461395264 0.17880991017993067 0.002866238821297884 4296
frame-000025.color.jpg 0.06716848533507823 0.21914799511432648 -0.9180353879928589 0.3235327899456024 -2.327467679977417 3.8931503295898438 -1.5097540616989136 0.264501423486271 0.0028506130911409855 4299
frame-000026.color.jpg 0.07866693665443363 0.2207479029893875 -0.9145612716674805 0.3296354115009308 -2.33473801612854 3.876878261566162 -1.5233582258224487 0.16518581721987086 0.003560866927728057 4174
frame-000027.color.jpg 0.09464413561822885 0.2519477903842926 -0.9013137817382812 0.3394086956977844 -2.592108726501465 3.722790241241455 -1.5068951845169067 0.21609803395293267 0.0057022450491786 4002
frame-000028.color.jpg 0.10758833395808169 0.29349207878112793 -0.8850718140602112 0.344869464635849 -2.9357855319976807 3.5185089111328125 -1.4442304372787476 0.08528310267852793 0.007237971760332584 3779
frame-000029.color.jpg 0.12129296236454151 0.3304828107357025 -0.8650951385498047 0.35732269287109375 -3.2089316844940186 3.2874839305877686 -1.4270215034484863 0.11264049158408841 0.008233411237597466 3647
frame-000030.color.jpg 0.11646229714977797 0.33764874935150146 -0.8607518076896667 0.362679123878479 -3.230480670928955 3.24698543548584 -1.48113214969635 0.2865113879215197 0.007584093604236841 3543
frame-000031.color.jpg 0.10647005501357996 0.32884326577186584 -0.8637880682945251 0.36660125851631165 -3.1021182537078857 3.3028934001922607 -1.5770626068115234 0.30042885885077275 0.008376195095479488 3643
frame-000032.color.jpg 0.10758833395808169 0.3176661729812622 -0.86515873670578 0.3728448152542114 -2.992574691772461 3.3520867824554443 -1.659408688545227 0.22332283997028557 0.008276131935417652 3616
frame-000033.color.jpg 0.11686602498219238 0.3088323175907135 -0.8703604340553284 0.3652910888195038 -2.916682481765747 3.434748411178589 -1.5947216749191284 0.2716329147121312 0.007799211423844099 3710
frame-000034.color.jpg 0.12748461769755565 0.29445719718933105 -0.8768706321716309 0.3579672574996948 -2.8193845748901367 3.5282669067382812 -1.5242050886154175 0.152051163342738 0.006503650918602943 3750
frame-000035.color.jpg 0.12620341807414737 0.3042095899581909 -0.8789696097373962 0.34487906098365784 -2.9386866092681885 3.4702281951904297 -1.3405437469482422 0.28687640283571875 0.009061654098331928 3931
frame-000036.color.jpg 0.12457900157891352 0.313495934009552 -0.8795362710952759 0.3355836272239685 -3.0431437492370605 3.401273727416992 -1.2090214490890503 0.18129648590399877 0.005669370759278536 4048
frame-000037.color.jpg 0.13052825035630666 0.322558730840683 -0.8797839879989624 0.32388028502464294 -3.137495517730713 3.3425815105438232 -1.0277646780014038 0.19691305977078502 0.004924747161567211 4352
frame-000038.color.jpg 0.12203082928535418 0.322845995426178 -0.8793964982032776 0.32793399691581726 -3.166609048843384 3.2867584228515625 -1.059279203414917 0.13460963496687575 0.006258354056626558 4409
frame-000039.color.jpg 0.10230796118927032 0.30507662892341614 -0.8873082399368286 0.3303716778755188 -3.0528759956359863 3.3373866081237793 -1.1680673360824585 0.2730788604233376 0.004649268463253975 4458
frame-000040.color.jpg 0.07896129954031804 0.26856109499931335 -0.8997215628623962 0.3348747789859772 -2.796675682067871 3.4694650173187256 -1.3369719982147217 0.20262832728049895 0.006740898359566927 4488
frame-000041.color.jpg 0.06582844630114056 0.24688856303691864 -0.9068408012390137 0.3351898789405823 -2.6465718746185303 3.5413906574249268 -1.409609317779541 0.2013299243275354 0.01015950832515955 4524
frame-000042.color.jpg 0.06161903989219888 0.2450537085533142 -0.9102193713188171 0.32810431718826294 -2.6632373332977295 3.5255703926086426 -1.362920880317688 0.20651178341154044 0.007930545136332512 4260
frame-000043.color.jpg 0.05515464959544674 0.27040308713912964 -0.9071710109710693 0.31761759519577026 -2.8762826919555664 3.3761725425720215 -1.2710654735565186 0.14408713609007667 0.010281561873853207 4174
frame-000044.color.jpg 0.06326103684477523 0.31442931294441223 -0.8898788690567017 0.32441917061805725 -3.1906349658966064 3.0358352661132812 -1.2576295137405396 0.17279499480080884 0.0012648706324398518 4185
frame-000045.color.jpg 0.07162567400505862 0.34017041325569153 -0.8734660744667053 0.3408972918987274 -3.3625710010528564 2.775609254837036 -1.318185806274414 0.18418237423046138 0.002659539459273219 4207
frame-000046.color.jpg 0.10332986196194306 0.3842443823814392 -0.850594699382782 0.34375548362731934 -3.6479990482330322 2.4215173721313477 -1.131629228591919 0.18040485273262122 0.002652011113241315 4185
frame-000047.color.jpg 0.12565197023383812 0.38225799798965454 -0.850732147693634 0.3381495773792267 -3.648512125015259 2.448282241821289 -1.0270767211914062 0.22949328889537063 0.004195564426481724 4059
frame-000048.color.jpg 0.16186104314568076 0.3846103250980377 -0.8484230041503906 0.32565996050834656 -3.6552743911743164 2.4734561443328857 -0.8096888661384583 0.4087439997408183 0.005925048608332872 3929
frame-000049.color.jpg 0.20629161936857165 0.40211647748947144 -0.8383722901344299 0.30475902557373047 -3.7122552394866943 2.4405179023742676 -0.42301231622695923 0.5874691061852925 0.00807607639580965 3633
frame-000050.color.jpg 0.22169422439690953 0.4289875626564026 -0.8338121771812439 0.2675417959690094 -3.7789433002471924 2.322553873062134 -0.02210157737135887 0.28396618196033796 0.003497249213978648 3412
frame-000051.color.jpg 0.2222497132742345 0.43682652711868286 -0.8361294865608215 0.24632301926612854 -3.7676336765289307 2.3017618656158447 0.14439687132835388 0.3259254747747543 0.0018167729722335935 3206
frame-000052.color.jpg 0.23022191902488748 0.4301002025604248 -0.845551609992981 0.2169196754693985 -3.6364924907684326 2.408571243286133 0.3675282895565033 0.1784650256474847 0.004900230560451746 2975
frame-000053.color.jpg 0.20980841317237015 0.4635356068611145 -0.8346986174583435 0.21069741249084473 -3.7724883556365967 2.0930185317993164 0.43783608078956604 0.44323781575113147 0.008796562440693378 2710
frame-000054.color.jpg 0.21270809804763752 0.49687355756759644 -0.8173238635063171 0.19963380694389343 -3.8539230823516846 1.7961301803588867 0.637803852558136 0.5337942246753059 0.00382584473118186 2933
frame-000055.color.jpg 0.2252587178923281 0.5302504897117615 -0.7969748973846436 0.18144971132278442 -3.875537633895874 1.5096162557601929 0.9231690764427185 0.5520826431473969 0.008891966193914413 3007
frame-000056.color.jpg 0.2264261664635794 0.5826161503791809 -0.7624964714050293 0.16699926555156708 -3.9195005893707275 1.006834626197815 1.1816697120666504 0.28668467729128233 0.0055268630385398865 2962
frame-000057.color.jpg 0.22298827734122473 0.595744788646698 -0.7546447515487671 0.16085951030254364 -3.916353464126587 0.8727387189865112 1.2391321659088135 0.10566051182990478 0.0034076939336955547 2893
frame-000058.color.jpg 0.2199611584404656 0.6172688603401184 -0.7392932176589966 0.15505379438400269 -3.9049055576324463 0.6484809517860413 1.3244930505752563 0.12992409851582057 0.003308673156425357 2796
frame-000059.color.jpg 0.22140349102135082 0.6433746218681335 -0.7197522521018982 0.13786332309246063 -3.8391201496124268 0.3840012550354004 1.499823808670044 0.23448199503212447 0.0038714949041604996 2645
frame-000060.color.jpg 0.21875343807383538 0.6724110245704651 -0.6948599219322205 0.13107307255268097 -3.7862110137939453 0.09095292538404465 1.609591007232666 0.23991039459669788 0.005289541091769934 2806
frame-000061.color.jpg 0.22590908239268273 0.6760219931602478 -0.6865491271018982 0.14356033504009247 -3.775069236755371 0.08312114328145981 1.6197017431259155 0.6595074315265342 0.011941074393689632 2862
frame-000062.color.jpg 0.23497949720504513 0.6887851357460022 -0.670634925365448 0.14355666935443878 -3.7092316150665283 -0.021853897720575333 1.7476017475128174 0.1864825071345293 0.0030358186922967434 3274
frame-000063.color.jpg 0.22897558225204562 0.6915406584739685 -0.6680799126625061 0.1516936719417572 -3.729466199874878 -0.04786450043320656 1.7109917402267456 0.13800685366616372 0.004499705042690039 3472
frame-000064.color.jpg 0.2275863249906361 0.6898836493492126 -0.6703799962997437 0.1511811465024948 -3.7285878658294678 0.005426397081464529 1.735308289527893 0.13840968808484905 0.003342832438647747 3594
frame-000065.color.jpg 0.21587247154148154 0.6856757402420044 -0.6809712648391724 0.13973607122898102 -3.74629282951355 0.08103678375482559 1.7518399953842163 0.1546405520901133 0.0038099088706076145 3670
frame-000066.color.jpg 0.19862190024114865 0.6861748099327087 -0.6856933832168579 0.13977894186973572 -3.8097269535064697 0.07267317920923233 1.6827809810638428 0.37660980064533306 0.006156520452350378 3619
frame-000067.color.jpg 0.20700391665482606 0.6886036396026611 -0.6821446418762207 0.13286446034908295 -3.7771265506744385 0.09993255138397217 1.791856050491333 0.11576404914932631 0.0023755331058055162 3864
frame-000068.color.jpg 0.2076407740479321 0.6904919743537903 -0.6785679459571838 0.14018471539020538 -3.788945436477661 0.11908137798309326 1.7760330438613892 0.12793776744738977 0.003580293385311961 4150
frame-000069.color.jpg 0.20774327410036775 0.6846677660942078 -0.6824495196342468 0.14945010840892792 -3.809676170349121 0.27265042066574097 1.6941066980361938 0.17771698653123608 0.00446510361507535 4281
frame-000070.color.jpg 0.2020491771459315 0.6749669909477234 -0.6952118277549744 0.14239436388015747 -3.805288791656494 0.4220391809940338 1.6534857749938965 0.1400396353570359 0.0036185896024107933 4331
frame-000071.color.jpg 0.19343883884667254 0.6639052629470825 -0.7067407369613647 0.14942800998687744 -3.834573984146118 0.5730268359184265 1.5278055667877197 0.31431004440006005 0.0059029823169112206 4415
frame-000072.color.jpg 0.188017031536633 0.6500114798545837 -0.7187459468841553 0.15980902314186096 -3.8493998050689697 0.7460322976112366 1.3883039951324463 0.1889845575059357 0.004024970810860395 4440
frame-000073.color.jpg 0.18070566572402402 0.6400910019874573 -0.730375349521637 0.15550218522548676 -3.8323566913604736 0.8689181804656982 1.3349494934082031 0.19895710060161712 0.00422261469066143 4379
frame-000074.color.jpg 0.17695293258843603 0.6247116923332214 -0.7437624931335449 0.15887223184108734 -3.8214111328125 1.0460127592086792 1.2436449527740479 0.26282407843650396 0.0037471307441592216 4374
frame-000075.color.jpg 0.17292347143221387 0.6087599396705627 -0.7573622465133667 0.1609695553779602 -3.8086631298065186 1.2159837484359741 1.1608052253723145 0.25490087223630403 0.0043507530353963375 4277
frame-000076.color.jpg 0.17283998986031981 0.6113155484199524 -0.7567613124847412 0.15405188500881195 -3.8390920162200928 1.2225886583328247 1.1971418857574463 0.33073899723146793 0.005564204882830381 4403
frame-000077.color.jpg 0.17985356572312136 0.6173235774040222 -0.7495904564857483 0.1570935696363449 -3.889479160308838 1.20280122756958 1.221372365951538 0.4432298383036243 0.007510365452617407 4472
frame-000078.color.jpg 0.1807433018059075 0.6305269598960876 -0.7388538718223572 0.1544753611087799 -3.9662773609161377 1.0912903547286987 1.2638769149780273 0.18147792614404046 0.005201790947467089 4477
frame-000079.color.jpg 0.1697766191555853 0.6336043477058411 -0.7386724948883057 0.15519148111343384 -4.046221733093262 1.0607248544692993 1.1917831897735596 0.12131120329200804 0.0042261085473001 4663
frame-000080.color.jpg 0.1671975014483536 0.6235571503639221 -0.7493967413902283 0.14705730974674225 -4.055306434631348 1.2047163248062134 1.182734727859497 0.11834814183205221 0.0036626984365284443 4669
frame-000081.color.jpg 0.16021189530430807 0.6120644211769104 -0.760260283946991 0.14735564589500427 -4.075764179229736 1.3493465185165405 1.1001194715499878 0.0867908469274884 0.004054227378219366 4662
frame-000082.color.jpg 0.14370589406558393 0.5884221196174622 -0.7784491777420044 0.16469687223434448 -4.110735893249512 1.6062474250793457 0.8225119709968567 0.050840536432363054 0.002187098143622279 4570
frame-000083.color.jpg 0.13275059043942156 0.5603865385055542 -0.7990208268165588 0.17294490337371826 -4.076446056365967 1.9136096239089966 0.627896785736084 0.12223740095584557 0.0019615276250988245 4569
frame-000084.color.jpg 0.12461401256263098 0.5312104821205139 -0.8185054659843445 0.17982128262519836 -3.9878902435302734 2.2112128734588623 0.462768018245697 0.10245160358046816 0.0036625012289732695 4576
frame-000085.color.jpg 0.12246847700725545 0.5128440856933594 -0.828239381313324 0.18976843357086182 -3.9381046295166016 2.393577814102173 0.3247549533843994 0.1808027512724141 0.0032445485703647137 4562
frame-000086.color.jpg 0.11296102328040143 0.48133978247642517 -0.8463928699493408 0.19791646301746368 -3.803675889968872 2.6852309703826904 0.14003655314445496 0.2883858479618651 0.0052956207655370235 4548
frame-000087.color.jpg 0.10852670621069743 0.4547586739063263 -0.8598384261131287 0.2051691710948944 -3.673151731491089 2.9216701984405518 -0.009592722170054913 0.05565523616289355 0.003064691321924329 4528
frame-000088.color.jpg 0.10318757549001191 0.4449331760406494 -0.8658164143562317 0.2043248564004898 -3.629772663116455 3.014483690261841 -0.058584824204444885 0.18022696098929675 0.005274081137031317 4517
frame-000089.color.jpg 0.1009537587327749 0.43487828969955444 -0.8720139861106873 0.2007008194923401 -3.5946848392486572 3.126542806625366 -0.07217374444007874 0.2678239636719384 0.00564924068748951 4522
frame-000090.color.jpg 0.10451929385826392 0.43978697061538696 -0.8701885938644409 0.19604848325252533 -3.6701669692993164 3.123889207839966 -0.01831062324345112 0.27031674259515504 0.006129746790975332 4554
frame-000091.color.jpg 0.1128220846889363 0.45777514576911926 -0.8591915369033813 0.1987534910440445 -3.846168041229248 3.001636266708374 0.020579997450113297 0.15443303173322126 0.004350781440734863 4561
frame-000092.color.jpg 0.12313702988544097 0.47521722316741943 -0.8485910892486572 0.19722887873649597 -4.042464733123779 2.8887667655944824 0.09507250040769577 0.10405527730271295 0.0036685389932245016 4536
frame-000093.color.jpg 0.11817344932435364 0.47812432050704956 -0.845737636089325 0.20532919466495514 -4.126735687255859 2.8736534118652344 -0.0027641039341688156 0.09751677189481411 0.0019217898370698094 4528
frame-000094.color.jpg 0.11584459186357958 0.48069822788238525 -0.8433724641799927 0.2103143185377121 -4.159857749938965 2.85654878616333 -0.06327847391366959 0.0811041941751371 0.0026120084803551435 4546
frame-000095.color.jpg 0.11575116846875613 0.48595014214515686 -0.8412812352180481 0.20663996040821075 -4.189700126647949 2.8575239181518555 -0.033660661429166794 0.12178722212043297 0.0034421454183757305 4447
frame-000096.color.jpg 0.12150074567159305 0.4838395416736603 -0.8388142585754395 0.21800804138183594 -4.186155319213867 2.891770601272583 -0.12359865754842758 0.0973446031029622 0.002606066409498453 4443
frame-000097.color.jpg 0.12311928455549513 0.48544538021087646 -0.8345531821250916 0.22957651317119598 -4.2086710929870605 2.8804924488067627 -0.2272302359342575 0.2227759179085821 0.004923058208078146 4341
frame-000098.color.jpg 0.1280216296534241 0.48485326766967773 -0.8313124179840088 0.23968200385570526 -4.2193989753723145 2.889058828353882 -0.3066333532333374 0.15081998172420352 0.00385993137024343 4332
frame-000099.color.jpg 0.13360101557347664 0.4848909378051758 -0.8274393677711487 0.24975129961967468 -4.234624862670898 2.8775739669799805 -0.37491387128829956 0.15732270868023912 0.003251417074352503 4258
frame-000100.color.jpg 0.1372446233919254 0.4896188974380493 -0.818051278591156 0.26875507831573486 -4.290646553039551 2.786438465118408 -0.5150854587554932 0.1105200980428763 0.0021250334102660418 4071
frame-000101.color.jpg 0.13430746236755592 0.4955429434776306 -0.8107372522354126 0.281253844499588 -4.335947513580322 2.68894624710083 -0.6203193664550781 0.15201858654204822 0.004002736881375313 3918
frame-000102.color.jpg 0.1357010175960187 0.5037723779678345 -0.7993199825286865 0.2981381416320801 -4.396387100219727 2.5470221042633057 -0.7280128598213196 0.1480761266479228 0.003038107417523861 3747
frame-000103.color.jpg 0.14105632223868628 0.50689697265625 -0.7954349517822266 0.3007350265979767 -4.410979270935059 2.5123696327209473 -0.7092775106430054 0.12260400335541806 0.0021441583521664143 3700
frame-000104.color.jpg 0.14839482702236606 0.5126964449882507 -0.790162205696106 0.301272451877594 -4.4369282722473145 2.459963321685791 -0.6536619067192078 0.1749835768419087 0.0036990263033658266 3735
frame-000105.color.jpg 0.14860784977343008 0.5247824788093567 -0.7864496111869812 0.28985536098480225 -4.483428478240967 2.384373188018799 -0.512443482875824 0.1458910931035402 0.0032797600142657757 3931
frame-000106.color.jpg 0.14693708148179865 0.5312998294830322 -0.7818984389305115 0.2911442518234253 -4.50985860824585 2.3102564811706543 -0.502606987953186 0.1292438543631696 0.0026704028714448214 3934
frame-000107.color.jpg 0.14642931854986566 0.5406039953231812 -0.7767390608787537 0.28806620836257935 -4.538349628448486 2.2223920822143555 -0.44204163551330566 0.14763273798104054 0.004341379273682833 4047
frame-000108.color.jpg 0.14424170156970464 0.5599428415298462 -0.769012987613678 0.27253851294517517 -4.593764781951904 2.058962345123291 -0.25739210844039917 0.11084097019152145 0.0026868130080401897 4250
frame-000109.color.jpg 0.14542712246891676 0.573224663734436 -0.7626924514770508 0.2618486285209656 -4.626214981079102 1.944372534751892 -0.12151474505662918 0.08031586094484937 0.0019138857023790479 4274
frame-000110.color.jpg 0.14809137265460437 0.5892443060874939 -0.7536643147468567 0.2506994605064392 -4.663856029510498 1.7977656126022339 0.03371359780430794 0.06447039569958836 0.002307739108800888 4358
frame-000111.color.jpg 0.14654653432426026 0.5946539640426636 -0.7515290975570679 0.24518296122550964 -4.673016548156738 1.7431421279907227 0.08852921426296234 0.12421812913472281 0.002633434720337391 4441
frame-000112.color.jpg 0.14823532069734593 0.600580632686615 -0.7492055296897888 0.23668622970581055 -4.676915645599365 1.699020266532898 0.18402527272701263 0.13779430404888676 0.0026321494951844215 4433
frame-000113.color.jpg 0.1493318633173795 0.6064968705177307 -0.745205819606781 0.23351606726646423 -4.682505130767822 1.6395875215530396 0.2338409572839737 0.1539164586565994 0.003581590950489044 4475
frame-000114.color.jpg 0.15227376959372374 0.618308424949646 -0.7366802096366882 0.22761766612529755 -4.6962571144104 1.5219910144805908 0.3343295753002167 0.2329502183890433 0.005041264928877354 4442
frame-000115.color.jpg 0.15520561271632777 0.6282248497009277 -0.7295268774032593 0.22143946588039398 -4.697268962860107 1.4254311323165894 0.42708396911621094 0.3288266243051437 0.006863167975097895 4424
frame-000116.color.jpg 0.15949089209202902 0.6348028182983398 -0.7241438627243042 0.21726444363594055 -4.6904072761535645 1.3623403310775757 0.5026198625564575 0.29605993902034466 0.006110670510679483 4424
frame-000117.color.jpg 0.16167540855500565 0.6402884721755981 -0.7194264531135559 0.21521466970443726 -4.692282199859619 1.303213357925415 0.5463600754737854 0.20028297105360618 0.004638794343918562 4399
frame-000118.color.jpg 0.16623672194401415 0.6444345712661743 -0.7167497277259827 0.208180770277977 -4.678106307983398 1.2755409479141235 0.6353994607925415 0.13843121918899046 0.0035205453168600798 4338
frame-000119.color.jpg 0.1681268639897487 0.6515419483184814 -0.7112143039703369 0.20347151160240173 -4.669619083404541 1.1999576091766357 0.7025758028030396 0.17593191925969587 0.0035846997052431107 4308
frame-000120.color.jpg 0.16766161373500996 0.6551673412322998 -0.7077564001083374 0.20427052676677704 -4.658403396606445 1.1569187641143799 0.7088226675987244 0.21647189342849832 0.005063341930508614 4340
frame-000121.color.jpg 0.17671756739207992 0.6612665057182312 -0.6998988389968872 0.20405644178390503 -4.631455421447754 1.1003741025924683 0.7846344709396362 0.2691524621459323 0.006131896749138832 4287
frame-000122.color.jpg 0.181423050590202 0.6622844338417053 -0.6988008618354797 0.20035618543624878 -4.595024108886719 1.1028028726577759 0.8414806127548218 0.20933035702208141 0.005406062118709087 4278
frame-000123.color.jpg 0.18392651450786043 0.662468433380127 -0.697625458240509 0.20155763626098633 -4.577565670013428 1.0935041904449463 0.852405846118927 0.3391516024939551 0.006929067429155111 4275
frame-000124.color.jpg 0.18579419431973343 0.6646687984466553 -0.6953368782997131 0.20050568878650665 -4.555508136749268 1.0610263347625732 0.8828030228614807 0.22396216968898255 0.004463574383407831 4321
frame-000125.color.jpg 0.1882271917243418 0.6690300703048706 -0.692257821559906 0.19428931176662445 -4.514029026031494 1.0096222162246704 0.9677608609199524 0.19500448880522925 0.004289679229259491 4352
frame-000126.color.jpg 0.1934775516962742 0.6618874073028564 -0.7002759575843811 0.1846216917037964 -4.42624044418335 1.0812327861785889 1.056098222732544 0.39995584079568625 0.007295192219316959 4124
frame-000127.color.jpg 0.17285137912120324 0.6560932397842407 -0.7136552333831787 0.17424218356609344 -4.379544258117676 1.110357403755188 1.013765573501587 0.07373483360730325 0.004680710844695568 4358
frame-000128.color.jpg 0.165043932289606 0.6628942489624023 -0.709352970123291 0.17363758385181427 -4.357219696044922 1.0045394897460938 1.0112924575805664 0.10652905309219389 0.004607734736055136 4443
frame-000129.color.jpg 0.16911693839838637 0.668796956539154 -0.7021233439445496 0.17644524574279785 -4.33464241027832 0.9438844323158264 1.0455015897750854 0.07677518159256468 0.004774789791554213 4361
frame-000130.color.jpg 0.18266895322341428 0.6746775507926941 -0.6917891502380371 0.181300550699234 -4.275510311126709 0.8871587514877319 1.1162294149398804 0.05306637101888723 0.004915299825370312 4297
frame-000131.color.jpg 0.17935281922586085 0.6825789213180542 -0.6859023571014404 0.17735984921455383 -4.2322187423706055 0.7947333455085754 1.1462081670761108 0.10542915918209043 0.004797171801328659 4365
frame-000132.color.jpg 0.1766654712364841 0.6889075636863708 -0.6837896704673767 0.16317875683307648 -4.158308982849121 0.7425962090492249 1.2311441898345947 0.17512022064594862 0.0049711959436535835 4434
frame-000133.color.jpg 0.1741933884184847 0.6925188899040222 -0.6807723641395569 0.16316615045070648 -4.125024795532227 0.7089877724647522 1.2235170602798462 0.261922119940092 0.00489543192088604 4434
frame-000134.color.jpg 0.17189483565896532 0.6910784244537354 -0.6819005012512207 0.16695670783519745 -4.105195999145508 0.7204310894012451 1.1818197965621948 0.2729229933720438 0.005346173886209726 4449
frame-000135.color.jpg 0.1756888115509934 0.6918798089027405 -0.682303249835968 0.15779131650924683 -4.027288913726807 0.7396630048751831 1.2536448240280151 0.0629636052758733 0.0028986032120883465 4403
frame-000136.color.jpg 0.17825195193705334 0.6953606009483337 -0.6780523657798767 0.1579396277666092 -4.000824451446533 0.7051436901092529 1.2734038829803467 0.07982003856989538 0.003177508246153593 4396
frame-000137.color.jpg 0.17917338352132492 0.7017667889595032 -0.6718065738677979 0.15522953867912292 -3.96761155128479 0.6380361914634705 1.311638593673706 0.04404853028764692 0.0024487199261784554 4395
frame-000138.color.jpg 0.18109080750829828 0.7156087160110474 -0.6575115919113159 0.15095984935760498 -3.919337511062622 0.4852929711341858 1.3799729347229004 0.1359735650471891 0.0032941875979304314 4408
frame-000139.color.jpg 0.18198608145171022 0.7236529588699341 -0.6489245891571045 0.1486753225326538 -3.8897721767425537 0.39765018224716187 1.4189356565475464 0.03481727282527015 0.0019150354200974107 4472
frame-000140.color.jpg 0.18560947119491739 0.7322323322296143 -0.6392601728439331 0.14398354291915894 -3.8448305130004883 0.31001681089401245 1.4867870807647705 0.07846159798732313 0.0021130929235368967 4427
frame-000141.color.jpg 0.18541419871812506 0.7393850088119507 -0.6311683654785156 0.14338040351867676 -3.8223302364349365 0.227769672870636 1.5075575113296509 0.12321837353517542 0.003015035530552268 4406
frame-000142.color.jpg 0.1867985185396081 0.7472381591796875 -0.6219387650489807 0.14118681848049164 -3.788240671157837 0.13844649493694305 1.547263503074646 0.03426804290667915 0.0026781309861689806 4330
frame-000143.color.jpg 0.18797347637034 0.7561736106872559 -0.6116842031478882 0.13678377866744995 -3.748368978500366 0.036887891590595245 1.600287914276123 0.06363797306459967 0.00239938055165112 4319
frame-000144.color.jpg 0.19024405554962395 0.7799339294433594 -0.5822946429252625 0.12823104858398438 -3.6425702571868896 -0.24049049615859985 1.7203117609024048 0.09512856690305008 0.0031103407964110374 4325
frame-000145.color.jpg 0.19354281315953636 0.7877784967422485 -0.5714821815490723 0.12391265481710434 -3.58886981010437 -0.3320164978504181 1.7816252708435059 0.0675048072899657 0.0036234550643712282 4233
frame-000146.color.jpg 0.19545197389574848 0.795347273349762 -0.5613499283790588 0.1187749058008194 -3.5335707664489746 -0.4225914478302002 1.8377277851104736 0.0478672263535989 0.004397729877382517 4159
frame-000147.color.jpg 0.1998855301540758 0.8072131276130676 -0.5437142848968506 0.11325807869434357 -3.447814702987671 -0.5604845881462097 1.9237875938415527 0.05171177575277644 0.004154083784669638 4193
frame-000148.color.jpg 0.20333244310447407 0.817221999168396 -0.5283495187759399 0.10793953388929367 -3.3716604709625244 -0.6805410385131836 2.001279354095459 0.09520766102724734 0.0032531176693737507 4142
frame-000149.color.jpg 0.20502351359765944 0.8291334509849548 -0.5085521340370178 0.10898487269878387 -3.300936698913574 -0.835126519203186 2.0465102195739746 0.08738353926075891 0.002812532940879464 4070
frame-000150.color.jpg 0.21489368450262958 0.8440356254577637 -0.4820343255996704 0.09522262215614319 -3.130638599395752 -1.001031756401062 2.2067573070526123 0.23322401292522563 0.005320638883858919 3981
frame-000151.color.jpg 0.22440960894257286 0.863261878490448 -0.4443182945251465 0.08367006480693817 -2.9024267196655273 -1.234399437904358 2.36268949508667 0.14344669913368222 0.0058679585345089436 3893
frame-000152.color.jpg 0.23351137006163164 0.8752774000167847 -0.4163910746574402 0.07733267545700073 -2.7309062480926514 -1.3768961429595947 2.470825433731079 0.16349609245223318 0.006705034989863634 3897
frame-000153.color.jpg 0.2524052395538112 0.8943859934806824 -0.3635745942592621 0.06464336812496185 -2.36549711227417 -1.5693527460098267 2.683572292327881 0.22074640456994948 0.006910067517310381 3699
frame-000154.color.jpg 0.2612853672734229 0.8946713805198669 -0.35651934146881104 0.06470625102519989 -2.320047378540039 -1.5604623556137085 2.733893871307373 0.5457764041919181 0.012340221554040909 3855
frame-000155.color.jpg 0.26670104496880614 0.902452826499939 -0.3327959179878235 0.060797207057476044 -2.15274715423584 -1.6522716283798218 2.8043668270111084 0.21407844573293777 0.0072585586458444595 3949
frame-000156.color.jpg 0.28577919540453534 0.9169136881828308 -0.2758472263813019 0.038829874247312546 -1.6958427429199219 -1.8371531963348389 3.015420436859131 0.18565880232888163 0.008515414781868458 3815
frame-000157.color.jpg 0.28836049845093165 0.9213165640830994 -0.2584823668003082 0.03479919210076332 -1.5640102624893188 -1.9032230377197266 3.060302495956421 0.24290930120958304 0.010990752838551998 3785
frame-000158.color.jpg 0.28865771945441665 0.9276750683784485 -0.2346697598695755 0.0320265106856823 -1.3976459503173828 -1.9996901750564575 3.0918986797332764 0.158533666535528 0.009354486130177975 3780
frame-000159.color.jpg 0.2940537305153272 0.9305589199066162 -0.2166743129491806 0.02539161965250969 -1.249868392944336 -2.031496286392212 3.1420414447784424 0.21044518530088765 0.011733856052160263 3644
frame-000160.color.jpg 0.29262232867565235 0.9324387311935425 -0.21095572412014008 0.020685939118266106 -1.1844229698181152 -2.055661678314209 3.144758462905884 0.33481181768920537 0.013446182012557983 3734
frame-000161.color.jpg 0.2990560357749701 0.933628261089325 -0.1960524618625641 0.021615030243992805 -1.080938458442688 -2.0417213439941406 3.175388813018799 0.2585602794862706 0.011251529678702354 3763
frame-000162.color.jpg 0.3087081119488811 0.9325689077377319 -0.18675075471401215 0.011775833554565907 -0.9285845160484314 -1.9594721794128418 3.2103471755981445 0.5165875374130158 0.01717779040336609 3894
frame-000163.color.jpg 0.30855673675685424 0.936961829662323 -0.16281741857528687 0.01964111626148224 -0.7858502864837646 -1.9720686674118042 3.183905839920044 0.5935645697718528 0.01870705746114254 3919
frame-000164.color.jpg 0.3043091677016741 0.9420009255409241 -0.14022918045520782 0.019124628975987434 -0.6232156753540039 -2.0127429962158203 3.1529834270477295 0.6877562935209136 0.02061038836836815 3892
frame-000165.color.jpg 0.31111794637949847 0.9428602457046509 -0.118416428565979 0.01406447496265173 -0.4324105679988861 -1.9555203914642334 3.160417318344116 0.4124049277750923 0.012973956763744354 3936
frame-000166.color.jpg 0.3266144960365176 0.9351447820663452 -0.13580259680747986 0.019617430865764618 -0.5351919531822205 -1.776239037513733 3.1912999153137207 0.30068336343863505 0.009343532845377922 4340
frame-000167.color.jpg 0.3294739519016235 0.9325671195983887 -0.14522132277488708 0.02600991167128086 -0.6101122498512268 -1.7228496074676514 3.1804237365722656 0.4773474069402049 0.01440388336777687 4398
frame-000168.color.jpg 0.32608195838544 0.9294123649597168 -0.16576537489891052 0.04883797466754913 -0.8428709506988525 -1.6733894348144531 3.119231939315796 0.45793035306862223 0.013822740875184536 4392
frame-000169.color.jpg 0.32095042344373975 0.9299212694168091 -0.17353476583957672 0.04607551172375679 -0.8898274898529053 -1.659909963607788 3.0620226860046387 0.5347478898381689 0.014809408225119114 4389
frame-000170.color.jpg 0.31491224475573876 0.9294225573539734 -0.18778125941753387 0.0417405441403389 -0.9836567640304565 -1.5891344547271729 2.9647648334503174 0.3973403585912474 0.01190962828695774 4042
frame-000171.color.jpg 0.3223634936689964 0.9245763421058655 -0.19622762501239777 0.052296821027994156 -1.0815186500549316 -1.4977664947509766 2.9529340267181396 0.37706801028910575 0.011219645850360394 3803
frame-000172.color.jpg 0.31862366363219735 0.9206975102424622 -0.22009681165218353 0.04850127920508385 -1.2149577140808105 -1.4390684366226196 2.9064829349517822 0.08510313653204735 0.00485425628721714 3541
frame-000173.color.jpg 0.31721345741721285 0.9111757278442383 -0.2555735409259796 0.06177898496389389 -1.4764796495437622 -1.2953979969024658 2.8254497051239014 0.3727076548755666 0.010627913288772106 3448
frame-000174.color.jpg 0.31533639020581944 0.9034410119056702 -0.2832518517971039 0.06423165649175644 -1.640733003616333 -1.1909785270690918 2.7705771923065186 0.5884704225897869 0.015333089046180248 3436
frame-000175.color.jpg 0.299367363843544 0.8869584798812866 -0.34049785137176514 0.08800540864467621 -2.0399892330169678 -0.9879691004753113 2.520559787750244 0.17785717883199323 0.0029027818236500025 3732
frame-000176.color.jpg 0.2771088849390652 0.8700324892997742 -0.3985685110092163 0.08600648492574692 -2.291931390762329 -0.7946378588676453 2.3276610374450684 0.11046655042700046 0.0036994044203311205 3780
frame-000177.color.jpg 0.26530403007226394 0.8522690534591675 -0.44086846709251404 0.09426631033420563 -2.4802446365356445 -0.5922605991363525 2.162144899368286 0.06641703963368167 0.0029022423550486565 3772
frame-000178.color.jpg 0.2585304967354256 0.8461874127388 -0.4554317593574524 0.09854362905025482 -2.5474302768707275 -0.5162257552146912 2.081505060195923 0.08847056653520907 0.00607857434079051 3856
frame-000179.color.jpg 0.23623442070101855 0.8337787985801697 -0.4868975579738617 0.10925639420747757 -2.7282369136810303 -0.39066657423973083 1.879435420036316 0.11102979423958188 0.002792865503579378 4072
frame-000180.color.jpg 0.2338289609676082 0.8232383131980896 -0.5037519931793213 0.11762958765029907 -2.8591935634613037 -0.23840419948101044 1.7758897542953491 0.17107390719188464 0.0047675687819719315 4096
frame-000181.color.jpg 0.22994975734983664 0.8192813396453857 -0.5103457570075989 0.1242918148636818 -2.9537265300750732 -0.16574180126190186 1.6941733360290527 0.1581114754674566 0.005064207129180431 4099
frame-000182.color.jpg 0.23000950452753394 0.8181924223899841 -0.5107997059822083 0.12938494980335236 -3.016120672225952 -0.13597220182418823 1.632317066192627 0.24777220913564701 0.00832108873873949 4039
frame-000183.color.jpg 0.23151519452891758 0.820797324180603 -0.5066817998886108 0.12635745108127594 -3.039372444152832 -0.12207083404064178 1.6279739141464233 0.17573935328182647 0.006244194693863392 3962
frame-000184.color.jpg 0.24746490218741157 0.8207009434700012 -0.49886465072631836 0.12784823775291443 -3.028301477432251 -0.04544474557042122 1.6617177724838257 0.2353274443853251 0.007853491231799126 3941
frame-000185.color.jpg 0.2588443998149829 0.8196874260902405 -0.4953889548778534 0.12530693411827087 -3.0038180351257324 0.03201892226934433 1.6972383260726929 0.2196157414580479 0.007029753178358078 3902
frame-000186.color.jpg 0.2610250736229239 0.8240820169448853 -0.4882005751132965 0.1200621947646141 -2.967156171798706 0.06060975790023804 1.704645037651062 0.21161232055574003 0.00648941146209836 3901
frame-000187.color.jpg 0.2780783322140576 0.8185350298881531 -0.48896563053131104 0.11655666679143906 -2.9259591102600098 0.24680738151073456 1.7020117044448853 0.08591284078391781 0.005335648078471422 3828
frame-000188.color.jpg 0.2823210818087982 0.8092410564422607 -0.5019533038139343 0.11604563891887665 -2.9431447982788086 0.40554139018058777 1.6469765901565552 0.37977692734695623 0.008321966975927353 3721
frame-000189.color.jpg 0.2764272970677034 0.8087300658226013 -0.507934033870697 0.10745595395565033 -2.9615676403045654 0.4555519223213196 1.6312419176101685 0.13848640765109269 0.005716323386877775 3671
frame-000190.color.jpg 0.2830506159419549 0.8135971426963806 -0.49306631088256836 0.12176836282014847 -3.0209381580352783 0.41109853982925415 1.5746490955352783 0.5638349974706087 0.01201439369469881 3586
frame-000191.color.jpg 0.290863633643618 0.8430599570274353 -0.4389999806880951 0.10921158641576767 -2.9540810585021973 0.1325961947441101 1.7498831748962402 0.4708822593648176 0.00926810223609209 3400
frame-000192.color.jpg 0.29773017529604706 0.8605687618255615 -0.4022783041000366 0.09460610151290894 -2.8488211631774902 -0.042045772075653076 1.8881094455718994 0.6250946439713357 0.011685775592923164 3098
frame-000193.color.jpg 0.2941238021575009 0.8724300265312195 -0.3812326192855835 0.08377765119075775 -2.7853260040283203 -0.12480197846889496 1.9148248434066772 0.3365341726183857 0.003687826218083501 2784
frame-000194.color.jpg 0.2957543718801691 0.8725481033325195 -0.38096433877944946 0.07781584560871124 -2.7724008560180664 -0.04998912289738655 1.9106765985488892 0.5754388485402256 0.010781760327517986 2547
frame-000195.color.jpg 0.297223823206373 0.8694034218788147 -0.3871132731437683 0.07706452161073685 -2.8037874698638916 0.06283625960350037 1.8600029945373535 1.1326985082742278 0.0231227558106184 2384
frame-000196.color.jpg 0.2972284899033259 0.8666704893112183 -0.3933676481246948 0.0761539414525032 -2.8146872520446777 0.12033560127019882 1.8375998735427856 1.2770281961211192 0.025656599551439285 2288
frame-000197.color.jpg 0.29450261738776534 0.8628727197647095 -0.40284883975982666 0.08019848167896271 -2.832897663116455 0.1760208010673523 1.7786109447479248 0.7018575392275223 0.012544103898108006 2294
frame-000198.color.jpg 0.2859626559522078 0.8388704657554626 -0.4539151191711426 0.09210149198770523 -2.9345171451568604 0.5039898157119751 1.579098105430603 0.7559241961194325 0.01497082319110632 2292
frame-000199.color.jpg 0.2821202597242 0.8174689412117004 -0.4894337058067322 0.11228250712156296 -3.0103037357330322 0.739676296710968 1.3813048601150513 0.9261259468512447 0.020129874348640442 2352
frame-000200.color.jpg 0.2845112496884382 0.7924352884292603 -0.5251256227493286 0.12386636435985565 -3.040205478668213 0.9935206770896912 1.2366228103637695 0.18622161258453332 0.006281640846282244 2483
frame-000201.color.jpg 0.2757641332695012 0.7673461437225342 -0.5621128678321838 0.1384309083223343 -3.058570623397827 1.2351055145263672 1.0500504970550537 0.27522434023551495 0.0074546379037201405 2600
frame-000202.color.jpg 0.25930438079765583 0.7344814538955688 -0.6081771850585938 0.15303193032741547 -3.0623834133148193 1.5235064029693604 0.8245560526847839 0.14913597990803837 0.003873376175761223 2755
frame-000203.color.jpg 0.24668403173834957 0.7160057425498962 -0.6330996155738831 0.16021095216274261 -3.0416853427886963 1.6770524978637695 0.7049413919448853 0.26338097897769797 0.0057975719682872295 2721
frame-000204.color.jpg 0.23226429540815843 0.6967434287071228 -0.6578384041786194 0.16688445210456848 -3.0239899158477783 1.8192319869995117 0.5823927521705627 0.35145541455136614 0.0068203601986169815 2833
frame-000205.color.jpg 0.22706160591010915 0.6716188788414001 -0.6856626868247986 0.1650388240814209 -2.932868242263794 2.025216817855835 0.5159642696380615 0.3903907478324652 0.005706241354346275 2936
frame-000206.color.jpg 0.218345710168911 0.6573675870895386 -0.7025375366210938 0.16319946944713593 -2.8801891803741455 2.132976770401001 0.47225701808929443 0.2783336771334575 0.00430236104875803 3116
frame-000207.color.jpg 0.20178227767705265 0.6417624354362488 -0.7222728133201599 0.16045798361301422 -2.814415454864502 2.243915319442749 0.420427143573761 0.17038435157040427 0.0013938751071691513 3205
frame-000208.color.jpg 0.19138159708415822 0.6412076950073242 -0.7253110408782959 0.1617085486650467 -2.840324640274048 2.236499547958374 0.38999828696250916 0.16362012975477766 0.0025101478677242994 3370
frame-000209.color.jpg 0.18797909641257074 0.6356191635131836 -0.7317638397216797 0.15866254270076752 -2.841747999191284 2.254812240600586 0.3964787423610687 0.2540286890958051 0.004852993413805962 3713
frame-000210.color.jpg 0.1865678047266932 0.6357424855232239 -0.7324216961860657 0.15678761899471283 -2.85147762298584 2.246556520462036 0.4112475514411926 0.2244384419814587 0.004664475563913584 3802
frame-000211.color.jpg 0.1807981726286291 0.6403895616531372 -0.7309918403625488 0.15120914578437805 -2.923215627670288 2.188689947128296 0.4705098271369934 0.14983763510291173 0.0029866015538573265 3964
frame-000212.color.jpg 0.18077542709945313 0.6470617651939392 -0.7256945967674255 0.14831948280334473 -2.9925477504730225 2.100978374481201 0.5324229001998901 0.3142059373760703 0.00603149738162756 4014
frame-000213.color.jpg 0.17930708127929146 0.6506646871566772 -0.7229207754135132 0.14788468182086945 -3.026606798171997 2.055424451828003 0.545063853263855 0.16219155300118718 0.004808009136468172 4044
frame-000214.color.jpg 0.17479472823673925 0.6538949012756348 -0.7207556962966919 0.14959773421287537 -3.0602943897247314 2.014399290084839 0.5354046821594238 0.2503152006214338 0.005877103190869093 4118
frame-000215.color.jpg 0.17511104227609878 0.649652898311615 -0.7220665812492371 0.16095677018165588 -3.0949151515960693 2.0171830654144287 0.45992302894592285 0.14532658864080922 0.003748652758076787 4194
frame-000216.color.jpg 0.1681983110805884 0.6375694870948792 -0.7315526604652405 0.17333567142486572 -3.1009411811828613 2.0873029232025146 0.3424498438835144 0.17388531710792504 0.004153424873948097 4068
frame-000217.color.jpg 0.16372777461453294 0.614432692527771 -0.7493473887443542 0.18478132784366608 -3.0537402629852295 2.25238037109375 0.2038642317056656 0.2722507800277529 0.006818051915615797 4171
frame-000218.color.jpg 0.15741802085463552 0.5944395065307617 -0.7650237679481506 0.19131070375442505 -2.990635633468628 2.4097445011138916 0.10287173092365265 0.16877461472124977 0.0071882824413478374 4170
frame-000219.color.jpg 0.14328743472617392 0.5334362387657166 -0.8085073828697205 0.20305250585079193 -2.7081668376922607 2.8235745429992676 -0.132766991853714 0.13763180691162127 0.007786815520375967 3903
frame-000220.color.jpg 0.14188227671744733 0.5217147469520569 -0.8163450360298157 0.20313513278961182 -2.6439177989959717 2.9027209281921387 -0.1606389433145523 0.16486885375369995 0.007930819876492023 3862
frame-000221.color.jpg 0.1353939339648435 0.5022435784339905 -0.8280208110809326 0.20928791165351868 -2.5289835929870605 3.022563934326172 -0.25548073649406433 0.355339070785606 0.01136719062924385 3785
frame-000222.color.jpg 0.1162451522823224 0.428681880235672 -0.866197943687439 0.2289540320634842 -2.031630516052246 3.4249799251556396 -0.5648494958877563 0.2602338892763353 0.007598781026899815 3568
frame-000223.color.jpg 0.10761488180448964 0.4149499237537384 -0.8728845715522766 0.23304098844528198 -1.9258795976638794 3.4795219898223877 -0.6250790357589722 0.13963940227992902 0.0044402205385267735 3581
frame-000224.color.jpg 0.08969130512819595 0.37519776821136475 -0.8908002376556396 0.24011872708797455 -1.59307861328125 3.6649560928344727 -0.7478804588317871 0.20164372616317253 0.004015916958451271 3476
frame-000225.color.jpg 0.07980596505922506 0.3267403841018677 -0.9089970588684082 0.2461628019809723 -1.1727920770645142 3.8482511043548584 -0.8613893389701843 0.5376180633934552 0.011844072490930557 3354
frame-000226.color.jpg 0.06985913799905984 0.2700108289718628 -0.9255083799362183 0.25621891021728516 -0.682532548904419 3.968759775161743 -0.9988541007041931 0.6960832546145113 0.01657681353390217 3351
frame-000227.color.jpg 0.06170815773450764 0.24493110179901123 -0.9340192675590515 0.252604216337204 -0.461816668510437 4.023772239685059 -0.9922499060630798 0.5010411197275676 0.011688065715134144 3308
frame-000228.color.jpg 0.049969076921286715 0.21480315923690796 -0.9450489282608032 0.24134056270122528 -0.19255627691745758 4.116816520690918 -0.924584686756134 0.6476055067326697 0.015214163810014725 3289
frame-000229.color.jpg 0.05492932850702403 0.19793452322483063 -0.9500597715377808 0.2349281758069992 -0.04125954583287239 4.163664817810059 -0.9062904715538025 0.7404267103360852 0.01679549552500248 3292
frame-000230.color.jpg 0.05144977527128073 0.18643008172512054 -0.9571137428283691 0.2157081514596939 0.0605633445084095 4.231898784637451 -0.7720949649810791 0.638906994020394 0.013969067484140396 3283
frame-000231.color.jpg 0.04940484188796446 0.17503564059734344 -0.9617906212806702 0.2046474665403366 0.16162465512752533 4.295782089233398 -0.6979603171348572 0.5462759151358282 0.01211587991565466 3240
frame-000232.color.jpg 0.044293883765155445 0.1631086766719818 -0.9635017514228821 0.20760047435760498 0.2529842257499695 4.329714298248291 -0.7248385548591614 0.4719466482974289 0.009385825134813786 3304
frame-000233.color.jpg 0.02506918905731869 0.11804890632629395 -0.9677382111549377 0.22117581963539124 0.6337411999702454 4.339354038238525 -0.822049617767334 0.46133931115554616 0.009746439754962921 3138
frame-000234.color.jpg 0.018017942189382994 0.0958680659532547 -0.9700477719306946 0.22246769070625305 0.8387218117713928 4.330366611480713 -0.8300930857658386 0.6917854648009865 0.01398997288197279 3063
frame-000235.color.jpg 0.018203878179336806 0.07933849096298218 -0.9728807806968689 0.2165108025074005 1.0271306037902832 4.351186752319336 -0.7960548400878906 0.8739685412757646 0.016515986993908882 2771
frame-000236.color.jpg 0.017306254567870577 0.0760859027504921 -0.9734668731689453 0.2151128500699997 1.0669865608215332 4.364470481872559 -0.7833948731422424 0.801574138963183 0.01580962911248207 2841
frame-000237.color.jpg 0.02111631232838201 0.06738416850566864 -0.9714736938476562 0.22638998925685883 1.1541883945465088 4.3281989097595215 -0.8895325064659119 1.3712552447547937 0.02762279100716114 2794
frame-000238.color.jpg 0.01779457979865208 0.05712369084358215 -0.9690058827400208 0.23968270421028137 1.2550369501113892 4.343597412109375 -0.990034818649292 0.9374035496662878 0.017427382990717888 2924
frame-000239.color.jpg 0.013556498266658428 0.04284206032752991 -0.9631519317626953 0.2651776671409607 1.3816124200820923 4.277824878692627 -1.193672776222229 0.7306095940646612 0.015135275200009346 3036
frame-000240.color.jpg 0.014530342079971597 0.040106482803821564 -0.9542286992073059 0.29602015018463135 1.4086941480636597 4.220309257507324 -1.4583024978637695 0.565565436569002 0.011052251793444157 2978
frame-000241.color.jpg 0.006642606679301243 0.03995383530855179 -0.9463586807250977 0.3205694854259491 1.4170058965682983 4.170431613922119 -1.641901969909668 0.3282609459036491 0.006620087660849094 2928
frame-000242.color.jpg 0.009468370260053621 0.043070580810308456 -0.9406169056892395 0.3365934491157532 1.383273959159851 4.137974739074707 -1.7845191955566406 0.38475183970323784 0.006006500218063593 2762
frame-000243.color.jpg 0.005771442001048431 0.04478533938527107 -0.93685382604599 0.3467938303947449 1.357716679573059 4.112334728240967 -1.8576157093048096 0.686969434384187 0.014413448050618172 2638
