seq2_frame00001.png 0.6504023754100084 0.6219183802604675 0.29985311627388 -0.31667396426200867 -12.528264045715332 5.067281723022461 73.52024841308594 0.20201609153485722 0.2548817992210388 2375
seq2_frame00002.png 0.6509903489785676 0.6198674440383911 0.30323660373687744 -0.31626495718955994 -12.454384803771973 5.01065731048584 73.44744873046875 0.062152446940761566 0.2075965404510498 2267
seq2_frame00003.png 0.6504344748634793 0.616645097732544 0.30886659026145935 -0.3182534873485565 -11.763565063476562 4.950175762176514 73.48761749267578 0.3682059198822935 0.2964766323566437 2177
seq2_frame00004.png 0.6479959228124067 0.6087885499000549 0.32091614603996277 -0.3263290226459503 -8.789074897766113 5.322108268737793 73.86148071289062 0.06331792800917432 0.3285422623157501 2184
seq2_frame00005.png 0.6520159568058295 0.6050634980201721 0.3130822479724884 -0.33279550075531006 -8.339195251464844 6.273601531982422 72.7085952758789 0.6252029665027039 0.4432936906814575 2178
seq2_frame00006.png 0.6601034428377252 0.6164242029190063 0.28505438566207886 -0.32098060846328735 -12.288294792175293 6.942263126373291 70.58711242675781 0.48701207125492 0.3415248990058899 2290
seq2_frame00007.png 0.6787483244779456 0.5960280299186707 0.27575546503067017 -0.3286491632461548 -11.617838859558105 10.820906639099121 68.3676986694336 0.6523134814223654 0.4084060788154602 2483
seq2_frame00008.png 0.6784147562379604 0.6021471619606018 0.260990709066391 -0.33023637533187866 -12.328933715820312 11.312904357910156 66.68016815185547 0.26608970927256337 0.19717904925346375 2506
seq2_frame00009.png 0.6649818973493592 0.6159186363220215 0.2630813717842102 -0.330501914024353 -11.672715187072754 8.847368240356445 65.53936767578125 0.9086811101025033 0.5657676458358765 2601
seq2_frame00010.png 0.6735810305119958 0.5993921160697937 0.28907015919685364 -0.3216458857059479 -9.265320777893066 8.917380332946777 64.47296905517578 0.2509135091844711 0.19588874280452728 2454
seq2_frame00011.png 0.6676617071055148 0.6129323244094849 0.27812039852142334 -0.3181050717830658 -10.081707000732422 7.514682769775391 62.667396545410156 0.41909886000724855 0.28812238574028015 2600
seq2_frame00012.png 0.6680123616188601 0.6258513927459717 0.2820340394973755 -0.28727394342422485 -11.935454368591309 4.782500743865967 60.95486831665039 0.2862189170868257 0.23342758417129517 2687
seq2_frame00013.png 0.6664564911815861 0.6089363694190979 0.29472431540489197 -0.3133205771446228 -7.627742290496826 6.612955093383789 59.64331817626953 0.31347179876199965 0.2498018741607666 2716
seq2_frame00014.png 0.6713607353718901 0.6179528832435608 0.2739676833152771 -0.3038925528526306 -9.508062362670898 6.4921979904174805 57.8710823059082 0.3661776738639171 0.26996174454689026 2834
seq2_frame00015.png 0.6697198990483281 0.6106961369514465 0.2864321172237396 -0.31061577796936035 -6.94014835357666 6.710338592529297 56.48807907104492 0.3766020633216639 0.3412734866142273 2722
seq2_frame00016.png 0.6694781420650905 0.6150316596031189 0.26689597964286804 -0.3198462724685669 -6.7149658203125 7.288639068603516 54.69908905029297 0.3727888967740927 0.2034776508808136 2803
seq2_frame00017.png 0.6840135062782359 0.6217596530914307 0.23974305391311646 -0.2967553734779358 -10.09237289428711 7.899837493896484 52.14734649658203 0.3791511379446803 0.2727801501750946 3097
seq2_frame00018.png 0.6913930358398988 0.6093738675117493 0.24825739860534668 -0.29834115505218506 -8.184944152832031 8.549222946166992 50.971675872802734 0.41530455652117426 0.22975079715251923 3025
seq2_frame00019.png 0.6958784897748609 0.6284695863723755 0.21749347448349 -0.27106425166130066 -11.474884986877441 7.588929653167725 48.83039474487305 0.40906539215777915 0.22897446155548096 3187
seq2_frame00020.png 0.7091167893908488 0.6275681257247925 0.2012537270784378 -0.25061631202697754 -13.241681098937988 8.147805213928223 46.23414611816406 0.2888367471687917 0.18651939928531647 3329
seq2_frame00021.png 0.7242388136581313 0.6104135513305664 0.20834210515022278 -0.24385839700698853 -12.165486335754395 9.279289245605469 44.804386138916016 0.42843863676913857 0.24990704655647278 3449
seq2_frame00022.png 0.697409346409595 0.6398207545280457 0.21828971803188324 -0.23790593445301056 -10.8330717086792 5.56193733215332 44.41360855102539 0.22248875647875066 0.21974197030067444 3191
seq2_frame00023.png 0.6917000132581321 0.6572501063346863 0.21420016884803772 -0.209025576710701 -12.021224975585938 3.4264166355133057 42.796051025390625 0.1055015431790367 0.13485604524612427 3229
seq2_frame00024.png 0.7010421675565724 0.6588702201843262 0.19493368268013 -0.19086819887161255 -13.402198791503906 3.8381059169769287 40.81263732910156 0.10474592015157098 0.08831003308296204 3473
seq2_frame00025.png 0.7088645838420884 0.6277726888656616 0.22023172676563263 -0.23432978987693787 -8.093907356262207 6.419319152832031 40.76188659667969 0.4352707202494289 0.20468957722187042 3505
seq2_frame00026.png 0.6930419243521823 0.6242427229881287 0.22527076303958893 -0.2815438508987427 -3.87249493598938 6.8135480880737305 40.54996871948242 0.7079135691437964 0.3293974995613098 3146
seq2_frame00027.png 0.6689775803246193 0.6430256366729736 0.23094086349010468 -0.2926657795906067 -2.1614794731140137 4.613967418670654 40.6032600402832 0.42735623854867666 0.18049734830856323 2849
seq2_frame00028.png 0.7310586877330002 0.6178397536277771 0.18840353190898895 -0.219843789935112 -8.64486026763916 8.236953735351562 38.6925048828125 0.1103051205067928 0.05445263534784317 3809
seq2_frame00029.png 0.6964865083046605 0.6450624465942383 0.2016468346118927 -0.24112138152122498 -5.843771457672119 5.432133197784424 39.31883239746094 0.431994817449188 0.2104669064283371 3375
seq2_frame00030.png 0.6819307436717849 0.6747105717658997 0.16933977603912354 -0.22596491873264313 -7.937878608703613 3.7321417331695557 38.41609573364258 0.37099823995321224 0.17553943395614624 3370
seq2_frame00031.png 0.6876286987481637 0.6821595430374146 0.13903334736824036 -0.20614294707775116 -10.115897178649902 3.958932399749756 37.22809982299805 0.3405893839946692 0.18220117688179016 3629
seq2_frame00032.png 0.6963726872486956 0.6834783554077148 0.12777398526668549 -0.17775319516658783 -12.121247291564941 3.911851406097412 36.4671745300293 0.15171110796747864 0.11226923018693924 3531
seq2_frame00033.png 0.7093205472441474 0.6540942788124084 0.14852485060691833 -0.21671493351459503 -8.34545612335205 6.105097770690918 36.6793327331543 0.7012402075204295 0.28309741616249084 1574
seq2_frame00034.png 0.6418865225621967 0.7051219344139099 0.1261393278837204 -0.273630291223526 -15.890419960021973 2.278108835220337 45.40422058105469 11.270213404134777 13.274885177612305 132
seq2_frame00035.png 0.6835249013356376 0.7007883787155151 0.12523551285266876 -0.16126185655593872 -11.910330772399902 1.9949707984924316 34.863983154296875 0.16807363987725077 0.12700195610523224 3494
seq2_frame00036.png 0.6812601278092288 0.7064911127090454 0.11198078095912933 -0.15561240911483765 -12.599589347839355 1.8582167625427246 34.06765365600586 0.3455534374173876 0.18114683032035828 3455
seq2_frame00037.png 0.6992240724128747 0.6918591260910034 0.12093628197908401 -0.13338300585746765 -12.86344051361084 2.6359152793884277 33.2292366027832 0.4053416850800793 0.20253531634807587 3709
seq2_frame00038.png 0.7310337977460565 0.6543872952461243 0.1305689960718155 -0.14254353940486908 -11.412444114685059 5.504523754119873 32.65803909301758 0.27213629431787584 0.16557307541370392 4141
seq2_frame00039.png 0.732721219259241 0.6541129350662231 0.12613843381404877 -0.13908641040325165 -11.098297119140625 5.4217095375061035 31.814462661743164 0.1568587494045675 0.09095978736877441 3868
seq2_frame00040.png 0.7382457751989782 0.6544681787490845 0.09555884450674057 -0.1324126273393631 -11.73353385925293 6.096944808959961 30.292673110961914 0.19664113286445387 0.08142592012882233 4087
seq2_frame00041.png 0.7451241056185586 0.6514702439308167 0.09583714604377747 -0.1057916209101677 -11.93221664428711 5.768197536468506 29.181621551513672 0.24293157936566492 0.11327371746301651 4293
seq2_frame00042.png 0.7510826058678847 0.650322675704956 0.0848272442817688 -0.07589240372180939 -12.484702110290527 5.435121536254883 27.704805374145508 0.09744919037462801 0.0962323397397995 4372
seq2_frame00043.png 0.7331047446801519 0.6679363250732422 0.09859652072191238 -0.08183705806732178 -10.358185768127441 3.9787299633026123 27.765165328979492 0.2742166205286736 0.09317263215780258 3803
seq2_frame00044.png 0.7445532345278417 0.6634165644645691 0.055877819657325745 -0.048954494297504425 -11.882065773010254 4.631169319152832 25.644113540649414 0.438900565586894 0.23574411869049072 4016
seq2_frame00045.png 0.7276031578506904 0.6743206977844238 0.08284933120012283 -0.09498031437397003 -7.524137020111084 4.066699981689453 26.550445556640625 0.05760763639899244 0.08112434297800064 3139
seq2_frame00046.png 0.727714038455056 0.6855402588844299 -0.0013348156353458762 -0.02156599797308445 -11.901337623596191 3.639619827270508 23.668516159057617 0.16736362036868677 0.06194990873336792 3550
seq2_frame00047.png 0.7318940925780882 0.6810104846954346 -0.02322845719754696 0.004035730846226215 -11.647138595581055 3.898897171020508 22.619277954101562 0.3680933284826941 0.15432150661945343 3781
seq2_frame00048.png 0.7510662747749106 0.6572732925415039 -0.03205018490552902 0.0535171702504158 -11.943209648132324 4.56618070602417 21.225109100341797 0.17648681876890654 0.08632645756006241 4191
seq2_frame00049.png 0.7347307725117419 0.6708847880363464 -0.0660894587635994 0.0756068006157875 -11.878532409667969 3.7359325885772705 20.06494140625 0.2501028777877816 0.09476353228092194 3657
seq2_frame00050.png 0.7452034450923731 0.661657989025116 -0.0636051669716835 0.05324248597025871 -9.206826210021973 4.578670501708984 20.425081253051758 0.1293616617861391 0.0686008483171463 3678
seq2_frame00051.png 0.7358253954973505 0.6576573848724365 -0.11790270358324051 0.11021161824464798 -10.655921936035156 4.359360694885254 18.73786735534668 0.27418300319135247 0.10515454411506653 3904
seq2_frame00052.png 0.719743375239825 0.6472418308258057 -0.16656431555747986 0.18789313733577728 -12.298373222351074 3.694694995880127 17.028766632080078 0.12901777776968482 0.09189129620790482 3966
seq2_frame00053.png 0.7158353919879445 0.6426849365234375 -0.17811261117458344 0.20690983533859253 -11.250068664550781 3.7273354530334473 16.85894012451172 0.11289926504018198 0.05357718467712402 4245
seq2_frame00054.png 0.6903744676305106 0.656379759311676 -0.1935591846704483 0.23469886183738708 -10.654755592346191 2.5464928150177 17.07158088684082 0.10728906504980987 0.051895786076784134 3830
seq2_frame00055.png 0.7057164952958512 0.6391347646713257 -0.1950482428073883 0.23542965948581696 -8.867685317993164 3.5735785961151123 17.74699592590332 0.26405562024079543 0.13515029847621918 4092
seq2_frame00056.png 0.6785493561959465 0.6509184837341309 -0.22462256252765656 0.25577443838119507 -8.334750175476074 2.544097661972046 17.878822326660156 0.2265755708201587 0.08537272363901138 3978
seq2_frame00057.png 0.6822752494658477 0.6339023113250732 -0.24641969799995422 0.26822665333747864 -7.493724346160889 3.3351550102233887 18.376724243164062 0.12942149264244282 0.05136505141854286 4214
seq2_frame00058.png 0.688742868367177 0.6413955092430115 -0.22486962378025055 0.25234636664390564 -4.813493251800537 3.238964557647705 19.772249221801758 0.23834169224341636 0.13051490485668182 4307
seq2_frame00059.png 0.6682089188123111 0.654143750667572 -0.23984801769256592 0.2608940601348877 -3.8407459259033203 2.416661024093628 20.74721908569336 0.21456997922934068 0.11942064762115479 4293
seq2_frame00060.png 0.6662606304502675 0.6375945210456848 -0.2672520577907562 0.2795466482639313 -3.5904932022094727 2.7991390228271484 21.588459014892578 0.1880073335265214 0.06223873794078827 4318
seq2_frame00061.png 0.6609520609165308 0.619709849357605 -0.2854594886302948 0.31243395805358887 -3.695258855819702 3.3182108402252197 22.388017654418945 0.10680312777285386 0.04795676842331886 4393
seq3_frame00001.png 0.6296180802678378 0.537626326084137 -0.3456549346446991 0.4416578710079193 -1.4783908128738403 8.467466354370117 37.64482116699219 0.2987090652425311 0.15452808141708374 2961
seq3_frame00002.png 0.629021551561267 0.5411360859870911 -0.35034939646720886 0.4344639480113983 -1.2333426475524902 7.877530574798584 37.65446472167969 0.14156754333828245 0.18661725521087646 2942
seq3_frame00003.png 0.6251405400711805 0.5460938811302185 -0.35374805331230164 0.4310952126979828 -1.0863621234893799 7.387058258056641 37.58397674560547 0.07397711188974697 0.1567370742559433 2916
seq3_frame00004.png 0.624819065518703 0.5492223501205444 -0.3633585274219513 0.419435977935791 -0.7289149761199951 6.61898136138916 37.22731399536133 0.10881419826670612 0.042861662805080414 3095
seq3_frame00005.png 0.616984066176294 0.5529909729957581 -0.37817293405532837 0.4129369258880615 -1.541595697402954 5.418393135070801 36.60958480834961 0.5781452042771374 0.2355443388223648 3269
seq3_frame00006.png 0.6167470150858111 0.5322667956352234 -0.4054412245750427 0.41464751958847046 -3.5428476333618164 5.6019287109375 35.77555847167969 0.5161196160940169 0.18344512581825256 3265
seq3_frame00007.png 0.6185750272118365 0.5464268922805786 -0.3791241943836212 0.41838663816452026 -2.7014966011047363 5.674815654754639 35.498573303222656 0.10777464214100885 0.13398265838623047 3444
seq3_frame00008.png 0.6264690961282713 0.552722692489624 -0.3735359013080597 0.4031190872192383 -1.7847683429718018 5.50075626373291 34.6877555847168 0.4617579804073268 0.22181011736392975 3422
seq3_frame00009.png 0.6354160983264201 0.5785349607467651 -0.3489675223827362 0.373852014541626 0.8461613655090332 4.612788677215576 34.48002624511719 0.1261416944999409 0.196388378739357 3384
seq3_frame00010.png 0.6389346047973473 0.5760260820388794 -0.34943726658821106 0.3712817430496216 0.5676380395889282 4.760051250457764 33.73798751831055 0.3815072864040702 0.26790425181388855 3507
seq3_frame00011.png 0.6487001240592516 0.5818910598754883 -0.33373913168907166 0.35945674777030945 1.5469558238983154 4.9663496017456055 33.12686538696289 0.09135814239864436 0.08826623857021332 3453
seq3_frame00012.png 0.6410447105365501 0.5815508365631104 -0.3478527367115021 0.3603593409061432 0.20271643996238708 4.379693508148193 32.57843780517578 0.6204385893915026 0.2487359642982483 3505
seq3_frame00013.png 0.6410902731954664 0.5801256895065308 -0.34462156891822815 0.36564120650291443 -0.45585596561431885 4.568680763244629 32.0543212890625 0.16720636593521782 0.1317479908466339 3604
seq3_frame00014.png 0.6421923281493813 0.5800544023513794 -0.3499504029750824 0.35869282484054565 -0.8240092992782593 4.321875095367432 31.448650360107422 0.36927289681627 0.2306899130344391 3605
seq3_frame00015.png 0.6506079457379548 0.581034779548645 -0.34271690249443054 0.3487880229949951 -0.51133131980896 4.511895179748535 30.987165451049805 0.5941172814860949 0.20178306102752686 3652
seq3_frame00016.png 0.6552022997479773 0.5774016976356506 -0.33929333090782166 0.34956711530685425 -0.9631435871124268 4.920344829559326 30.419981002807617 0.09278775968886621 0.0773715078830719 3927
seq3_frame00017.png 0.6550386056432319 0.5955406427383423 -0.31709447503089905 0.3401572108268738 -0.07100860029459 4.511404514312744 29.935882568359375 0.5758499405508958 0.20987993478775024 3711
seq3_frame00018.png 0.6578138951666328 0.6012674570083618 -0.31826385855674744 0.3232126832008362 0.20509077608585358 3.8813281059265137 29.356233596801758 0.16609718056660477 0.16850419342517853 3610
seq3_frame00019.png 0.6708190611094166 0.5891243815422058 -0.32260411977767944 0.3144214451313019 -0.17919911444187164 4.559283256530762 28.771568298339844 0.12074439097238954 0.05385027453303337 3779
seq3_frame00020.png 0.6698742747261031 0.5928027629852295 -0.3263728618621826 0.3055063784122467 -0.3414863646030426 4.162220001220703 28.150447845458984 0.2600364541206396 0.19885069131851196 3812
seq3_frame00021.png 0.6634038278342788 0.5950567722320557 -0.32594481110572815 0.31553584337234497 -1.4201686382293701 3.9229700565338135 27.70012855529785 0.1893139273704037 0.05046386644244194 3815
seq3_frame00022.png 0.6627263518906875 0.5971665978431702 -0.33026397228240967 0.3084016442298889 -1.8224610090255737 3.7079339027404785 27.067346572875977 0.16070678726950277 0.15233789384365082 3826
seq3_frame00023.png 0.6663475223803411 0.5930883288383484 -0.31413570046424866 0.3248783349990845 -2.428781032562256 4.308783531188965 26.50790786743164 0.2947097226792242 0.09787620604038239 3729
seq3_frame00024.png 0.6573899556883246 0.60310298204422 -0.3216095268726349 0.31728941202163696 -2.995722532272339 3.5009799003601074 26.012155532836914 0.3383623421188484 0.20069289207458496 3572
seq3_frame00025.png 0.663605484321505 0.5969638824462891 -0.31980589032173157 0.3177829384803772 -3.5103707313537598 3.94620418548584 25.547941207885742 0.44204133202718915 0.24312949180603027 3380
seq3_frame00026.png 0.6624912233569064 0.6110017895698547 -0.3143347501754761 0.29828834533691406 -3.123314380645752 3.241102457046509 25.322166442871094 0.19017771951678553 0.2033756524324417 3535
seq3_frame00027.png 0.6695147134138291 0.6062231063842773 -0.3214878439903259 0.2844102382659912 -3.3658347129821777 3.3179214000701904 24.854122161865234 0.4682536503905676 0.2006986141204834 3357
seq3_frame00028.png 0.6666885135085745 0.6148388981819153 -0.31854790449142456 0.27572956681251526 -3.5089221000671387 2.972165584564209 24.21320152282715 0.3789802231328713 0.14167873561382294 3243
seq3_frame00029.png 0.6804487020448579 0.5979021191596985 -0.29707035422325134 0.3020792007446289 -4.3408894538879395 4.391170024871826 23.44858169555664 0.29578126196612287 0.13186439871788025 3541
seq3_frame00030.png 0.6840660715333404 0.6088526248931885 -0.2772429883480072 0.29066896438598633 -3.9191439151763916 4.253612041473389 23.28865623474121 0.3130468596100044 0.11155906319618225 3548
seq3_frame00031.png 0.69147454987645 0.6052132248878479 -0.27956321835517883 0.2782522439956665 -4.215247631072998 4.367518901824951 23.05629539489746 0.20286442237411398 0.08212439715862274 3515
seq3_frame00032.png 0.6835841556868594 0.6230578422546387 -0.2734125554561615 0.26411595940589905 -4.066700458526611 3.5591847896575928 22.571151733398438 0.37995480575006746 0.14864669740200043 3751
seq3_frame00033.png 0.7016109621538308 0.6124774813652039 -0.2406955361366272 0.273274689912796 -3.95918869972229 4.611850738525391 22.27625274658203 0.41455523674445627 0.1572992503643036 3593
seq3_frame00034.png 0.6960625311876664 0.6203043460845947 -0.24042779207229614 0.2700257897377014 -4.50717830657959 4.185304641723633 21.812150955200195 0.4180637128220214 0.17193569242954254 3521
seq3_frame00035.png 0.6994654267755792 0.6155887842178345 -0.24866074323654175 0.26451149582862854 -5.186498165130615 4.292553424835205 21.409149169921875 0.12995622174926078 0.05405693128705025 3785
seq3_frame00036.png 0.6875037487404693 0.6197282075881958 -0.2600432336330414 0.275051087141037 -6.577706813812256 3.810565948486328 20.8248233795166 0.3144099359166715 0.25054216384887695 3415
seq3_frame00037.png 0.6766225970794586 0.619861900806427 -0.2756275236606598 0.2863258421421051 -8.058947563171387 3.4076340198516846 20.19928741455078 0.10397211441348275 0.1048278883099556 3601
seq3_frame00038.png 0.6766126781746328 0.6181522011756897 -0.28557220101356506 0.2802349030971527 -8.687057495117188 3.5170090198516846 19.603158950805664 0.0908131079771119 0.12836448848247528 3571
seq3_frame00039.png 0.6743221742510588 0.619468092918396 -0.29199448227882385 0.2762030363082886 -9.537493705749512 3.4985644817352295 19.260425567626953 0.2457170425669872 0.2153714895248413 3515
seq3_frame00040.png 0.6830709036718419 0.6199108362197876 -0.2729913294315338 0.2731306552886963 -9.456324577331543 3.6101369857788086 18.976648330688477 0.15192292387302836 0.1883670687675476 3625
seq3_frame00041.png 0.6809813503905864 0.6230551600456238 -0.27923768758773804 0.2647508680820465 -10.244484901428223 3.4593446254730225 18.63188934326172 0.184403408223348 0.18960636854171753 3358
seq3_frame00042.png 0.6920050585688127 0.6227955222129822 -0.2641034722328186 0.2520001232624054 -9.981119155883789 3.741455078125 18.3902587890625 0.2072408927652261 0.19191721081733704 3265
seq3_frame00043.png 0.6954211845279714 0.6213331818580627 -0.263884037733078 0.24637287855148315 -10.540038108825684 3.8592896461486816 18.03722381591797 0.1801347667757148 0.15687303245067596 3218
seq3_frame00044.png 0.685802938296601 0.6430359482765198 -0.24235914647579193 0.23966871201992035 -10.510443687438965 2.9851362705230713 17.991214752197266 0.26543753292853295 0.17661230266094208 2915
seq3_frame00045.png 0.7062015051247437 0.6186049580574036 -0.25731009244918823 0.22890804708003998 -11.350008964538574 4.3958539962768555 17.664928436279297 0.19813679755034122 0.1538510024547577 2950
seq3_frame00046.png 0.694245244053354 0.6392481923103333 -0.23658664524555206 0.2311105579137802 -11.501133918762207 3.511103630065918 17.441028594970703 0.184271313432017 0.12375171482563019 3192
seq3_frame00047.png 0.7047937310118539 0.6336674690246582 -0.2316402941942215 0.21925806999206543 -11.936423301696777 3.8694722652435303 17.589609146118164 0.2222901073636517 0.1745324730873108 3061
seq3_frame00048.png 0.7016623937950108 0.6395120620727539 -0.223300963640213 0.2209770679473877 -12.39682388305664 3.7113754749298096 17.126068115234375 0.34018333458459726 0.14677214622497559 3395
seq3_frame00049.png 0.7131854321915622 0.6222859025001526 -0.23129037022590637 0.22501464188098907 -13.488097190856934 4.17518949508667 16.65091323852539 0.309222060396503 0.16907083988189697 3312
seq3_frame00050.png 0.7132803947474566 0.6267874836921692 -0.21429599821567535 0.22901026904582977 -13.853921890258789 4.050441265106201 16.486257553100586 0.0859254206049868 0.09465730935335159 3546
seq3_frame00051.png 0.7099563576178717 0.6410467624664307 -0.20757639408111572 0.20477578043937683 -13.890138626098633 3.5209264755249023 17.044921875 0.10209924185851088 0.14683936536312103 3090
seq3_frame00052.png 0.6936958392771084 0.6716949343681335 -0.18302537500858307 0.18469901382923126 -13.402850151062012 2.5062129497528076 17.574777603149414 0.2694919438920231 0.1211686059832573 3283
seq3_frame00053.png 0.7149122584778038 0.6635406613349915 -0.16530483961105347 0.14590612053871155 -12.642059326171875 3.4218151569366455 18.558271408081055 0.27025828578081323 0.14574719965457916 3225
seq3_frame00054.png 0.7221393947339109 0.6605785489082336 -0.15347939729690552 0.13636276125907898 -12.753427505493164 4.263609886169434 18.640567779541016 0.5798015785117184 0.20542584359645844 3399
seq3_frame00055.png 0.7455295562095561 0.6324071884155273 -0.15219347178936005 0.14520318806171417 -13.743885040283203 5.139863967895508 18.015213012695312 0.1802213580997432 0.14369401335716248 3812
seq3_frame00056.png 0.7538648923991509 0.6363146901130676 -0.11660508066415787 0.11486733704805374 -12.580558776855469 5.4844183921813965 19.127792358398438 0.18505406378307104 0.12620921432971954 3901
seq3_frame00057.png 0.7645943537402553 0.6243466734886169 -0.11622084677219391 0.10990624129772186 -13.332451820373535 6.041230201721191 19.026269912719727 0.3023790646217965 0.15257664024829865 4124
seq3_frame00058.png 0.7537318436053149 0.6332043409347534 -0.1274298131465912 0.12125273793935776 -14.62059497833252 5.7600932121276855 18.53551483154297 0.06428832846952522 0.07584970444440842 3897
seq3_frame00059.png 0.7687073477082028 0.6171658039093018 -0.11834730952978134 0.11911898851394653 -15.248610496520996 6.001288890838623 18.667104721069336 0.3242186211733387 0.1970551759004593 4010
seq3_frame00060.png 0.7628972263650892 0.6283217072486877 -0.1101217269897461 0.10522782057523727 -15.403152465820312 5.997015476226807 19.1685848236084 0.15523355124828792 0.10046397894620895 4004
seq3_frame00061.png 0.7607780450868459 0.6274871230125427 -0.11393877863883972 0.12039352208375931 -16.736513137817383 5.791100025177002 18.69584846496582 0.11534412591750275 0.10479103028774261 3752
seq3_frame00062.png 0.7636596609388662 0.6248390674591064 -0.12439364194869995 0.10452918708324432 -17.196359634399414 6.632220268249512 18.68056297302246 0.1448343481131055 0.08337823301553726 3744
seq3_frame00063.png 0.7731574224132514 0.6166388392448425 -0.10911261290311813 0.10039210319519043 -17.579530715942383 6.701018810272217 19.122325897216797 0.11030532060999113 0.09046965092420578 3678
seq3_frame00064.png 0.767836513395636 0.6286556720733643 -0.08487339317798615 0.08953014016151428 -17.357812881469727 6.269161224365234 20.14617156982422 0.1407545640640658 0.07348619401454926 3771
seq3_frame00065.png 0.7719346411498723 0.6296901702880859 -0.05251401290297508 0.06963778287172318 -16.617332458496094 5.983824253082275 21.539236068725586 0.3357815444687885 0.17399433255195618 3702
seq3_frame00066.png 0.7610651616370486 0.6451243162155151 -0.042180560529232025 0.05305853486061096 -16.272005081176758 5.478248596191406 22.360193252563477 0.4398142634709419 0.1511676162481308 1891
seq3_frame00067.png 0.7689423632570039 0.6358757615089417 -0.03342878445982933 0.05720288306474686 -17.51957893371582 5.499476432800293 22.595186233520508 0.5701853658514281 0.2713658809661865 3694
seq3_frame00068.png 0.7688607332341709 0.6393607258796692 0.005393055267632008 -0.0064763776026666164 -14.700892448425293 6.318446159362793 25.00818634033203 0.45329916464623626 0.21505914628505707 4000
seq3_frame00069.png 0.7750632248561032 0.6257994771003723 0.06307549774646759 -0.060609251260757446 -11.342150688171387 7.306260585784912 27.140470504760742 0.36251781304670094 0.14440521597862244 3672
seq3_frame00070.png 0.7818190104459937 0.6203277707099915 0.01669740118086338 -0.06061027571558952 -13.359078407287598 8.288338661193848 26.32931900024414 0.6296439768453873 0.3083468973636627 3771
seq3_frame00071.png 0.7946553559160737 0.6062368154525757 -0.0031639523804187775 -0.03146042674779892 -16.032323837280273 9.094544410705566 25.315351486206055 0.26158093064670873 0.16762332618236542 3743
seq3_frame00072.png 0.7752829804117222 0.6301485300064087 0.00861417781561613 -0.042129822075366974 -16.263317108154297 8.022361755371094 26.340885162353516 0.20698449386708614 0.11730626225471497 3800
seq3_frame00073.png 0.7757832555360885 0.6304249167442322 0.016452156007289886 -0.021309414878487587 -17.675493240356445 7.1749773025512695 26.354244232177734 0.30254002763454135 0.1487186849117279 3709
seq3_frame00074.png 0.7792795167641016 0.6255980134010315 0.02235371246933937 -0.029169902205467224 -17.644025802612305 7.7196221351623535 26.76227569580078 0.10531388639963325 0.06419659405946732 3603
seq3_frame00075.png 0.771355084336226 0.6349756121635437 0.024881472811102867 -0.03461527079343796 -18.11532211303711 7.0785746574401855 27.358774185180664 0.2535338205460966 0.13534943759441376 3485
seq3_frame00076.png 0.7735569505620862 0.6319373250007629 0.017238978296518326 -0.04435885697603226 -18.497926712036133 7.815646171569824 27.53188133239746 0.34125100520966134 0.13545747101306915 3608
seq3_frame00077.png 0.782211008417841 0.6206539869308472 0.048804908990859985 -0.02350836805999279 -19.18838119506836 7.285069465637207 27.92652702331543 0.2683260092563608 0.12255445867776871 3484
seq3_frame00078.png 0.7826070382521116 0.6195099949836731 0.04566902294754982 -0.04059416428208351 -19.196441650390625 7.924834728240967 28.40546226501465 0.44463957867614434 0.2100108563899994 3391
seq3_frame00079.png 0.7763170466944924 0.6217198371887207 0.07199720293283463 -0.07491828501224518 -17.625505447387695 7.909536838531494 30.477069854736328 0.4881558077757798 0.25188305974006653 3774
seq3_frame00080.png 0.770774051669948 0.6171663403511047 0.10329378396272659 -0.11976441740989685 -14.562864303588867 8.447824478149414 32.42649841308594 0.632743975594074 0.3032280504703522 3633
seq3_frame00081.png 0.789556989520227 0.5992864966392517 0.06112636625766754 -0.1171284094452858 -17.012619018554688 10.92265510559082 31.353195190429688 0.5433653474149036 0.2657943069934845 3562
seq3_frame00082.png 0.7781817572723889 0.6117318868637085 0.07472492754459381 -0.12096869200468063 -17.13418960571289 9.996099472045898 32.22391128540039 0.6010903710201491 0.2942262589931488 3517
seq3_frame00083.png 0.780313947619094 0.6061029434204102 0.08162900805473328 -0.1307135671377182 -17.1016788482666 11.188034057617188 33.01266098022461 0.13852325332001372 0.07470197975635529 3330
seq3_frame00084.png 0.7759840563046713 0.6063903570175171 0.0951240211725235 -0.1452268660068512 -16.459827423095703 11.018717765808105 34.04075241088867 0.11025994387471418 0.050206925719976425 3167
seq3_frame00085.png 0.7835949317120714 0.6068754196166992 0.07089132070541382 -0.11249713599681854 -19.947484970092773 10.972029685974121 33.052127838134766 0.36051117817374523 0.1668081432580948 3043
seq3_frame00086.png 0.7740414658992812 0.599132239818573 0.10196701437234879 -0.1774912327528 -15.588472366333008 12.206130981445312 35.7118034362793 0.3764695416435098 0.20505741238594055 3132
seq3_frame00087.png 0.761888362973735 0.6099691987037659 0.10860292613506317 -0.18886254727840424 -15.229187965393066 11.755036354064941 37.175148010253906 0.26698393044530616 0.14737723767757416 3165
seq3_frame00088.png 0.7414701062229944 0.6200782060623169 0.14591601490974426 -0.21079272031784058 -12.624690055847168 9.77249526977539 39.13859176635742 0.3467823111790345 0.19229578971862793 2721
seq3_frame00089.png 0.7315447420407408 0.620830774307251 0.1605243682861328 -0.23161032795906067 -11.499555587768555 9.539839744567871 40.22319793701172 0.32726045659237446 0.1484629213809967 3455
seq3_frame00090.png 0.7158999832887923 0.6387672424316406 0.16827543079853058 -0.22615697979927063 -11.56423568725586 7.528087139129639 41.13119125366211 0.10977480701055155 0.0792856365442276 3211
seq3_frame00091.png 0.7346881947611332 0.6140433549880981 0.17575834691524506 -0.22867663204669952 -11.815372467041016 9.872931480407715 41.77798080444336 0.12439364632009363 0.10398060828447342 3310
seq3_frame00092.png 0.7205704211327528 0.6259379982948303 0.17445123195648193 -0.24196413159370422 -11.512580871582031 9.238565444946289 42.755653381347656 0.16930238023676547 0.14481274783611298 3298
seq3_frame00093.png 0.7146044089209795 0.6278091669082642 0.18417367339134216 -0.24754048883914948 -11.103260040283203 8.614472389221191 43.9072151184082 0.2070677901584486 0.163156196475029 3407
seq3_frame00094.png 0.699842018750566 0.6553685665130615 0.161158949136734 -0.23396790027618408 -14.01554012298584 6.7400994300842285 43.73630905151367 0.16442831989244736 0.13839375972747803 3247
seq3_frame00095.png 0.6885191182191392 0.6684664487838745 0.16931669414043427 -0.22455711662769318 -14.798734664916992 4.969041347503662 44.50791931152344 0.32206743174990204 0.19370798766613007 3221
seq3_frame00096.png 0.701939195446153 0.6535916924476624 0.16767065227031708 -0.22800405323505402 -15.107834815979004 6.805300235748291 44.9437255859375 0.31751292287312 0.23170118033885956 3283
seq3_frame00097.png 0.6967595902453468 0.6545671820640564 0.19374823570251465 -0.22029393911361694 -14.642057418823242 5.322759628295898 46.02088928222656 0.2828710038156087 0.1558992862701416 3161
seq3_frame00098.png 0.6925533816690759 0.6645839214324951 0.17082005739212036 -0.22252759337425232 -16.373254776000977 5.443349361419678 46.129966735839844 0.2836980169941356 0.20588275790214539 3103
seq3_frame00099.png 0.7130607034522718 0.6662040948867798 0.13293926417827606 -0.1733313947916031 -22.699153900146484 6.170287132263184 44.07603454589844 0.39628111898094004 0.2689281702041626 3002
seq3_frame00100.png 0.7090936322960868 0.6693392992019653 0.14396128058433533 -0.1686602383852005 -23.00931739807129 5.095696449279785 44.62397384643555 0.47810086218302195 0.29344937205314636 2945
seq3_frame00101.png 0.7150352761803191 0.65658038854599 0.16269665956497192 -0.17651210725307465 -21.862455368041992 5.610548973083496 46.106449127197266 0.3942494578679786 0.2508755028247833 2854
seq3_frame00102.png 0.7083138724900281 0.6755860447883606 0.13239139318466187 -0.15603668987751007 -25.88764190673828 4.728148460388184 44.597389221191406 0.479886102877334 0.3247497081756592 2860
seq3_frame00103.png 0.7108981318737467 0.6771560907363892 0.12079815566539764 -0.14659908413887024 -27.694091796875 5.002321720123291 44.661033630371094 0.45439599697740507 0.2557646930217743 2822
seq3_frame00104.png 0.6982604180821381 0.6756037473678589 0.15798838436603546 -0.17615799605846405 -24.414886474609375 4.133060932159424 47.51957321166992 0.28439800466235615 0.1341516524553299 3150
seq3_frame00105.png 0.7079176690503985 0.6390030980110168 0.1731763482093811 -0.2460438311100006 -17.709274291992188 9.313648223876953 50.761497497558594 0.5850829689265779 0.4441835582256317 3030
seq3_frame00106.png 0.67762377372403 0.6566736102104187 0.20530280470848083 -0.2597239017486572 -14.787262916564941 5.519577503204346 53.00668716430664 0.5533573272012504 0.3627934157848358 3017
seq3_frame00107.png 0.6879254761473048 0.6518619656562805 0.18937018513679504 -0.25685301423072815 -16.87361717224121 7.390380859375 52.64805221557617 0.9969768864939621 0.6592230796813965 2913
seq3_frame00108.png 0.6829964162253618 0.6712815165519714 0.16015556454658508 -0.23926381766796112 -20.941696166992188 6.149597644805908 51.97071075439453 0.17914764435808928 0.21343447268009186 2676
seq3_frame00109.png 0.6938980613845749 0.6528688073158264 0.1826731413602829 -0.24268974363803864 -19.413970947265625 7.310053825378418 53.32134246826172 0.7223680636965417 0.5923908948898315 2660
seq3_frame00110.png 0.6915277251817316 0.6644957661628723 0.1937849521636963 -0.20659661293029785 -21.909908294677734 4.079169273376465 53.26677322387695 0.49140030771409454 0.43004921078681946 2637
seq3_frame00111.png 0.7076526515315251 0.6624561548233032 0.15865212678909302 -0.18764083087444305 -27.082490921020508 5.74315071105957 51.58794021606445 0.5402688704825077 0.35160157084465027 2382
seq3_frame00112.png 0.7065636638100593 0.6604282855987549 0.1696433275938034 -0.18927085399627686 -26.413883209228516 5.53904390335083 52.32833480834961 0.7214608758365465 0.4512619376182556 2692
seq3_frame00113.png 0.6937936733596143 0.6578641533851624 0.17882242798805237 -0.23213723301887512 -22.784196853637695 6.864221572875977 55.39781951904297 0.4728865463602461 0.4212206304073334 2566
seq3_frame00114.png 0.6827914193650695 0.6632022857666016 0.19572730362415314 -0.23590125143527985 -21.36281967163086 4.928974151611328 56.487831115722656 0.5440076520011493 0.37795403599739075 2547
seq3_frame00115.png 0.6877795032051149 0.6299923658370972 0.2214188575744629 -0.2846798896789551 -15.048518180847168 8.74548053741455 59.34573745727539 0.25338790529386684 0.26901423931121826 2600
seq3_frame00116.png 0.6796915300927437 0.6392961740493774 0.23068688809871674 -0.2758684754371643 -16.003658294677734 6.705977916717529 59.96879959106445 0.2641006034397823 0.2605341970920563 2698
seq3_frame00117.png 0.6967645070187346 0.650644838809967 0.20568953454494476 -0.22107090055942535 -23.176780700683594 5.610541820526123 58.143001556396484 0.5285421827295363 0.504888117313385 2414
seq3_frame00118.png 0.6904176306345452 0.6595650911331177 0.18717004358768463 -0.23079164326190948 -24.091846466064453 5.976072311401367 58.66534423828125 0.4532913206008613 0.3744809627532959 2212
seq3_frame00119.png 0.6968354331764164 0.6625999808311462 0.18375368416309357 -0.20400050282478333 -27.819473266601562 4.713942050933838 57.69269561767578 0.7986221098595623 0.5187665224075317 2290
seq3_frame00120.png 0.685503561737846 0.6625253558158875 0.20649515092372894 -0.22023794054985046 -24.782901763916016 3.9933230876922607 60.01181411743164 0.35867881984633065 0.32028859853744507 2386
seq3_frame00121.png 0.6894273254635361 0.6574190855026245 0.2130272537469864 -0.21704724431037903 -25.087142944335938 4.0013813972473145 60.62141799926758 0.28408282878475705 0.170388326048851 2358
seq3_frame00122.png 0.6681698505741168 0.6579279899597168 0.23626695573329926 -0.2546718716621399 -19.81476593017578 3.1799509525299072 63.43769454956055 0.5992504354516239 0.4242776036262512 2331
seq3_frame00123.png 0.6816956397123018 0.6548457741737366 0.21779751777648926 -0.24296554923057556 -23.154268264770508 4.914455413818359 62.977935791015625 0.42510467736095253 0.39163097739219666 2165
seq3_frame00124.png 0.6749146534267121 0.674088180065155 0.1995622217655182 -0.22421018779277802 -26.91162109375 3.201047897338867 62.36250686645508 0.4283889044542444 0.3942122459411621 2201
seq3_frame00125.png 0.6711613058731973 0.6784484386444092 0.1887378990650177 -0.23157769441604614 -28.060884475708008 3.8987948894500732 62.56053924560547 0.5460199431245114 0.44826123118400574 2140
seq3_frame00126.png 0.6704411177562677 0.6860381364822388 0.1809651404619217 -0.2170529067516327 -30.066537857055664 2.6734330654144287 62.373252868652344 0.5351955873939221 0.4689011573791504 2011
seq3_frame00127.png 0.7030516575552731 0.6715883612632751 0.15471957623958588 -0.17535480856895447 -35.95915603637695 5.134971618652344 59.909523010253906 1.1534925923155084 0.9848756790161133 2042
seq3_frame00128.png 0.6858853115784816 0.6639760136604309 0.2037116438150406 -0.21725261211395264 -29.04295539855957 4.1609978675842285 64.69161987304688 0.5237575284942366 0.6000748872756958 2066
seq3_frame00129.png 0.6958159480899575 0.6428348422050476 0.2268158197402954 -0.22618156671524048 -26.897117614746094 5.068673133850098 65.9417953491211 0.9307491311456971 0.6039563417434692 2167
seq3_frame00130.png 0.6748272124389434 0.6393546462059021 0.25189128518104553 -0.2690441310405731 -20.331527709960938 5.532618522644043 69.44078063964844 0.1313537158060424 0.2617499828338623 2181
seq3_frame00131.png 0.6572505279258684 0.6528933644294739 0.2504119277000427 -0.28115108609199524 -19.62998390197754 3.66481876373291 70.1488265991211 0.15182184507744012 0.22556403279304504 2229
seq3_frame00132.png 0.6438706526132971 0.6455206871032715 0.26515597105026245 -0.3137289881706238 -15.056489944458008 4.3338518142700195 72.22100830078125 0.3953427417024302 0.28012701869010925 2305
seq3_frame00133.png 0.6602156378688441 0.6543439030647278 0.23521456122398376 -0.2839428782463074 -21.618236541748047 5.231514930725098 71.07141876220703 0.34913429749189895 0.31756237149238586 2096
seq3_frame00134.png 0.6111272072570313 0.6752457022666931 0.26411598920822144 -0.3175050914287567 -15.101308822631836 -0.6775407791137695 73.93159484863281 0.10233788493285143 0.15766450762748718 1988
seq3_frame00135.png 0.6397295580205625 0.6819871068000793 0.2265819013118744 -0.2725808322429657 -24.67850685119629 1.4934958219528198 72.09931945800781 0.5593164004478222 0.7607200741767883 1888
seq3_frame00136.png 0.6244261169162135 0.6745753884315491 0.26336604356765747 -0.2927088737487793 -18.9156494140625 -0.5876393914222717 74.63775634765625 0.0988795347064705 0.25303784012794495 1901
seq3_frame00137.png 0.6516664135359754 0.6654391288757324 0.23221375048160553 -0.28035402297973633 -23.816143035888672 3.9888999462127686 74.10247802734375 0.588555799954412 0.7395992875099182 1836
seq3_frame00138.png 0.6509789923977168 0.6692869663238525 0.2206640988588333 -0.282114714384079 -25.301088333129883 4.05103063583374 74.3561019897461 0.5596550817811196 0.7649981379508972 1894
seq3_frame00139.png 0.6624390728502082 0.6649959683418274 0.21390193700790405 -0.2705564796924591 -27.88945198059082 4.722412586212158 73.99063873291016 1.037763574566105 0.7063965201377869 2002
seq3_frame00140.png 0.6312443930251707 0.6652824282646179 0.25462010502815247 -0.3067547380924225 -19.6893253326416 2.334378242492676 77.59398651123047 0.1441663636164062 0.4374614655971527 1916
seq3_frame00141.png 0.6383033352469379 0.6366093754768372 0.29371654987335205 -0.31784889101982117 -14.227540969848633 3.171015501022339 79.25147247314453 0.38429741868002043 0.2996206283569336 1940
seq3_frame00142.png 0.652220519760275 0.6205999851226807 0.3022686243057251 -0.3132055401802063 -14.107339859008789 4.988640308380127 80.08690643310547 0.36870145544266325 0.46337366104125977 1979
seq3_frame00143.png 0.6579777841393089 0.6415600180625916 0.26322588324546814 -0.29356101155281067 -21.474863052368164 5.404164791107178 79.31611633300781 0.5605704338516071 0.7515290379524231 1938
seq3_frame00144.png 0.6539784216101031 0.6426939368247986 0.2724970281124115 -0.29155126214027405 -21.108558654785156 4.017045021057129 80.2828369140625 0.1322208963665828 0.46848899126052856 1890
seq3_frame00145.png 0.6816239870266373 0.6432662606239319 0.24913275241851807 -0.24398788809776306 -30.166610717773438 3.9288077354431152 77.21538543701172 0.46968126664880605 0.30921491980552673 1877
seq3_frame00146.png 0.6549363656666501 0.665440559387207 0.24147005379199982 -0.26446059346199036 -28.820819854736328 2.5632572174072266 78.84383392333984 0.1364233169957786 0.07997667789459229 1806
seq3_frame00147.png 0.6793498728862363 0.6758534908294678 0.18237930536270142 -0.22009921073913574 -40.95957565307617 4.3424072265625 73.7922592163086 0.7001280606244811 0.49831876158714294 1610
seq3_frame00148.png 0.6873693842137145 0.6612497568130493 0.1845187246799469 -0.2371176928281784 -38.572505950927734 7.630291938781738 75.67574310302734 0.45709851073290875 0.42826566100120544 1815
seq3_frame00149.png 0.6827549688815449 0.6580150723457336 0.20474585890769958 -0.24277746677398682 -36.308143615722656 6.707192420959473 77.94817352294922 0.3201389438460048 0.2337227165699005 1815
seq3_frame00150.png 0.6813652764757092 0.6530128717422485 0.21565501391887665 -0.2506161630153656 -34.402870178222656 7.113858222961426 80.05170440673828 0.6133886602292858 0.49687692523002625 1934
seq3_frame00151.png 0.7059333532105097 0.663343071937561 0.15631958842277527 -0.19286853075027466 -47.700687408447266 7.9643402099609375 72.56859588623047 0.9477734843736597 0.819999098777771 1542
seq3_frame00152.png 0.7301276209535269 0.6591971516609192 0.12044045329093933 -0.13366712629795074 -57.313133239746094 7.82303524017334 66.70319366455078 1.5166451060269182 1.3022023439407349 1175
seq3_frame00153.png 0.7029324549459776 0.6839878559112549 0.10994765907526016 -0.161115363240242 -55.164947509765625 7.971077919006348 69.1618881225586 2.016241747466734 1.9948506355285645 1136
seq3_frame00154.png 0.6971453932572953 0.6873136758804321 0.14364872872829437 -0.14475257694721222 -54.68404006958008 2.177215576171875 71.05484008789062 1.5013681072877152 1.418446660041809 1128
seq3_frame00155.png 0.694308003761099 0.6870011687278748 0.12348558753728867 -0.17526289820671082 -54.03947448730469 6.334075927734375 71.66114807128906 2.097366038673091 2.0121912956237793 1248
seq3_frame00156.png 0.682452020113421 0.6903523206710815 0.17423179745674133 -0.16527608036994934 -49.96202850341797 -0.3989602029323578 76.62743377685547 1.7412544895006123 1.7891945838928223 1308
seq3_frame00157.png 0.6715426271130918 0.693285346031189 0.1854776293039322 -0.18434719741344452 -46.86096954345703 -0.4563734531402588 79.6214828491211 1.5598847925064474 1.7213726043701172 1303
seq3_frame00158.png 0.7050274824503906 0.6705788373947144 0.162493497133255 -0.16387851536273956 -52.49357604980469 4.403163909912109 76.04212188720703 1.1278800232581954 1.0093095302581787 1092
seq3_frame00159.png 0.6920025199033886 0.6558434367179871 0.21227270364761353 -0.21434128284454346 -42.053916931152344 5.037176132202148 83.01225280761719 0.5583259162964646 0.43205440044403076 1465
seq3_frame00160.png 0.6802430390980385 0.6295714974403381 0.24791134893894196 -0.2818671762943268 -29.327117919921875 9.254499435424805 89.75074005126953 0.45290098596196565 0.3533468544483185 1788
seq3_frame00161.png 0.6577586749391013 0.6144890785217285 0.29670122265815735 -0.31894370913505554 -17.72124481201172 7.956145763397217 93.86011505126953 0.9127316257237323 0.9297546744346619 1963
seq3_frame00162.png 0.6747410377299591 0.6001109480857849 0.2949402332305908 -0.31241267919540405 -19.09102439880371 10.10968017578125 93.18656158447266 0.6954240879987521 0.5794220566749573 1817
seq3_frame00163.png 0.6762610044245135 0.6159228682518005 0.275783896446228 -0.29538679122924805 -24.430877685546875 8.334053993225098 93.16576385498047 0.13326266029756842 0.3294171988964081 1718
seq3_frame00164.png 0.6941489278792377 0.6455541253089905 0.18823571503162384 -0.25687429308891296 -42.11405944824219 12.59592056274414 86.60455322265625 0.38425424975003186 0.5213887095451355 1624
seq3_frame00165.png 0.6733622259100057 0.6200065612792969 0.245900496840477 -0.3189171254634857 -26.104990005493164 13.429612159729004 93.85099029541016 0.8026637142183587 0.6193822026252747 1988
seq3_frame00166.png 0.6731270090793497 0.6153697967529297 0.2539314329624176 -0.32208511233329773 -25.37230110168457 13.732723236083984 94.15314483642578 0.4050584189925089 0.31872570514678955 2000
seq3_frame00167.png 0.651655472536292 0.5999405384063721 0.2930392920970917 -0.3599229156970978 -13.586978912353516 12.575238227844238 97.9486312866211 0.3520054849033902 0.39386841654777527 2151
seq3_frame00168.png 0.6501235276397827 0.5902401208877563 0.2750019431114197 -0.3915734887123108 -11.006800651550293 17.642166137695312 97.93558502197266 1.1178196882192954 1.1693329811096191 2010
seq3_frame00169.png 0.6101527814275198 0.5827733874320984 0.3207158148288727 -0.43038368225097656 2.4483349323272705 12.775565147399902 100.28498077392578 0.1562620016464773 0.8799206018447876 1347
seq3_frame00170.png 0.6225509933395693 0.6109376549720764 0.2876909673213959 -0.3954988420009613 -9.247307777404785 11.277680397033691 100.14249420166016 0.6169784582466565 0.6707450151443481 1947
seq3_frame00171.png 0.6398346450780215 0.6426149010658264 0.2079373598098755 -0.3666330873966217 -26.087617874145508 15.239830017089844 97.32616424560547 0.7252210550571971 0.623767614364624 1921
seq3_frame00172.png 0.6217725011815363 0.6474141478538513 0.24154168367385864 -0.36866167187690735 -21.538623809814453 9.882912635803223 99.24822235107422 0.04905152045770895 0.21383284032344818 1990
seq3_frame00173.png 0.5976167454927434 0.5913816094398499 0.31038498878479004 -0.44360247254371643 1.4844847917556763 12.194902420043945 102.27145385742188 0.18077941923948765 0.3139795660972595 1754
seq3_frame00174.png 0.607056117629619 0.5749348998069763 0.3361630439758301 -0.4335056245326996 3.5681278705596924 12.662415504455566 102.62840270996094 0.05894014360705978 0.6654694676399231 1549
seq3_frame00175.png 0.6062596012566578 0.5751155614852905 0.3269347548484802 -0.4413672387599945 3.062190055847168 13.997956275939941 103.09525299072266 0.17665621279640814 0.5243455171585083 1692
seq3_frame00176.png 0.6098787052632723 0.5827574729919434 0.34892895817756653 -0.40827712416648865 0.05823516100645065 9.15687370300293 103.7873764038086 0.06970256072765614 0.6014122366905212 1707
seq3_frame00177.png 0.6141716563077222 0.579125165939331 0.32998138666152954 -0.4225156903266907 -0.5052762031555176 12.998546600341797 103.94082641601562 0.11159409859911452 0.6320750117301941 1665
seq3_frame00178.png 0.6184127380097412 0.5917806625366211 0.3113747537136078 -0.4128040373325348 -5.92108154296875 12.907670974731445 104.24446105957031 0.8606639731028145 0.8159183859825134 1961
seq3_frame00179.png 0.697811460201377 0.6172199249267578 0.18566274642944336 -0.3124549090862274 -41.014739990234375 18.85712432861328 92.95601654052734 0.7479827138271176 0.2764860689640045 1755
seq7_frame00001.png 0.605041286362234 0.5442928671836853 -0.39603450894355774 0.4252374768257141 -2.5533292293548584 5.452192783355713 41.71900177001953 0.39674890689780656 0.4040791392326355 4189
seq7_frame00002.png 0.6052208952026015 0.5463094711303711 -0.3933115005493164 0.42492324113845825 -2.2406961917877197 5.438143730163574 41.591712951660156 0.4409421251380667 0.42621687054634094 4051
seq7_frame00003.png 0.6074343086496994 0.5480400919914246 -0.38989371061325073 0.42268022894859314 -1.8632529973983765 5.4791741371154785 41.65086364746094 0.32673122365340423 0.3469652831554413 4174
seq7_frame00004.png 0.6185121286406118 0.543487012386322 -0.38241130113601685 0.4193163812160492 -1.0227923393249512 6.360625743865967 41.225406646728516 0.5108808076397643 0.4292699992656708 4246
seq7_frame00005.png 0.6357557467111412 0.527338445186615 -0.37370216846466064 0.42198997735977173 -0.5747340321540833 8.26817512512207 40.37424850463867 0.6738368482401037 0.5226545333862305 4477
seq7_frame00006.png 0.6316730188167949 0.5346947908401489 -0.36846500635147095 0.42346686124801636 -0.44573408365249634 7.828880310058594 39.654541015625 0.5860873268996871 0.5287228226661682 4424
seq7_frame00007.png 0.6317544793325015 0.5285691618919373 -0.37458160519599915 0.42566370964050293 -0.9955876469612122 7.805050373077393 38.8583869934082 0.6997564022840971 0.6634516716003418 4251
seq7_frame00008.png 0.6490601331207797 0.5544236302375793 -0.3489632308483124 0.386729896068573 3.1207947731018066 6.947985649108887 38.36844253540039 0.9932680937746452 0.3856169581413269 4109
seq7_frame00009.png 0.6514398800672502 0.5377869606018066 -0.3533058762550354 0.40197792649269104 1.6934109926223755 7.972859859466553 37.619529724121094 0.9868377908361956 0.5072277784347534 4192
seq7_frame00010.png 0.6558336409498622 0.5398725867271423 -0.34463900327682495 0.399554580450058 2.104668140411377 8.173417091369629 36.963226318359375 0.515705535875585 0.42973220348358154 3980
seq7_frame00011.png 0.6592987982241433 0.5411357879638672 -0.3478369414806366 0.3892386257648468 2.700859546661377 7.625625133514404 36.083251953125 1.5263486704033906 0.5711678862571716 4016
seq7_frame00012.png 0.6612764185932966 0.525249719619751 -0.3441799283027649 0.41032475233078003 1.24003267288208 8.999429702758789 35.292724609375 0.9680279834705093 0.36437761783599854 3756
seq7_frame00013.png 0.6590703875052135 0.5330169200897217 -0.34338170289993286 0.4044851064682007 1.6335813999176025 8.046088218688965 34.68118667602539 1.2261275987137743 0.5902283787727356 3918
seq7_frame00014.png 0.6576907896201807 0.5328779220581055 -0.34339094161987305 0.40689876675605774 1.36163330078125 7.990468978881836 33.853240966796875 0.7751850094137511 0.5238459706306458 3971
seq7_frame00015.png 0.6798685758501392 0.5429401993751526 -0.31732019782066345 0.3772301971912384 4.15793514251709 8.277785301208496 33.043025970458984 0.9243877704291823 0.2899654507637024 3932
seq7_frame00016.png 0.6741885798441108 0.5266391634941101 -0.33058106899261475 0.39854371547698975 1.9529685974121094 8.698370933532715 32.287662506103516 1.4735427703827295 0.461163729429245 3948
seq7_frame00017.png 0.6601790171674636 0.5601876974105835 -0.3112209737300873 0.3917842209339142 2.8148951530456543 7.351235389709473 31.972797393798828 0.25421491847239375 0.06939107924699783 3497
seq7_frame00018.png 0.6708321454066122 0.5392364859580994 -0.3172599673271179 0.39818885922431946 2.0859076976776123 8.279634475708008 31.05617904663086 0.9587145936503738 0.304460734128952 4032
seq7_frame00019.png 0.6696446923835687 0.5399689674377441 -0.3172328472137451 0.3992151618003845 1.6437714099884033 8.09922981262207 30.400671005249023 0.8920278282455428 0.26981157064437866 4044
seq7_frame00020.png 0.6566813989922694 0.5288673639297485 -0.3377472460269928 0.41832467913627625 -0.7274463176727295 7.798680782318115 29.676057815551758 0.5644791696867055 0.22118063271045685 3794
seq7_frame00021.png 0.6711398755772274 0.5529556274414062 -0.3054942786693573 0.38792338967323303 1.9337114095687866 7.265410900115967 29.05819320678711 0.8619418588078416 0.29050710797309875 4080
seq7_frame00022.png 0.6779754622516843 0.537346601486206 -0.2962096333503723 0.4048058092594147 0.8214124441146851 8.835646629333496 28.198986053466797 0.3017982584185074 0.09578072279691696 3624
seq7_frame00023.png 0.6798204058411087 0.5401476621627808 -0.3022623658180237 0.3933473825454712 0.668563187122345 8.097855567932129 27.743139266967773 1.3291075347688202 0.4158887565135956 3975
seq7_frame00024.png 0.6511472449090863 0.5115383267402649 -0.34709545969963074 0.4402959942817688 -4.338742733001709 7.758773326873779 27.133289337158203 1.5771124505839236 0.5531418919563293 4040
seq7_frame00025.png 0.6319450964691951 0.5531235337257385 -0.3510516285896301 0.41408026218414307 -3.799934148788452 5.2971391677856445 27.121814727783203 0.8881361678833694 0.3016059994697571 4008
seq7_frame00026.png 0.6131582740588528 0.546867311000824 -0.3779628872871399 0.4267517924308777 -6.227256774902344 4.58528995513916 26.453996658325195 0.39190272759912387 0.16754940152168274 3553
seq7_frame00027.png 0.6320471805747957 0.5632309913635254 -0.34719711542129517 0.4034121036529541 -4.4265265464782715 4.832221031188965 26.40777587890625 0.32394672094743404 0.12405358999967575 4230
seq7_frame00028.png 0.6397794460880021 0.554786741733551 -0.3384665846824646 0.4102856516838074 -5.0534138679504395 5.592075824737549 25.79369354248047 0.27943880707725083 0.11070514470338821 4020
seq7_frame00029.png 0.6522115284832342 0.576700747013092 -0.3152886629104614 0.37766310572624207 -3.274092197418213 4.940976142883301 25.91353416442871 0.411572738593835 0.1472609043121338 4607
seq7_frame00030.png 0.6741535379223826 0.5733813643455505 -0.29648107290267944 0.35895660519599915 -2.3964014053344727 5.927454948425293 25.43874740600586 0.291818765071737 0.13468249142169952 4741
seq7_frame00031.png 0.6820422103026335 0.5913487672805786 -0.26296621561050415 0.3405492603778839 -1.1168254613876343 5.915781497955322 25.331457138061523 0.2476889128442846 0.16398106515407562 4261
seq7_frame00032.png 0.660504653515202 0.573750376701355 -0.31471964716911316 0.3680972456932068 -4.902041435241699 5.270060062408447 24.526615142822266 0.2909950602660893 0.1158394068479538 4121
seq7_frame00033.png 0.6584963584220997 0.5827793478965759 -0.3206541836261749 0.3520393371582031 -4.947661399841309 4.567616939544678 24.200523376464844 0.2650239596382034 0.10033615678548813 4258
seq7_frame00034.png 0.6583858224486587 0.5764896869659424 -0.3319150507450104 0.3521648943424225 -5.8840131759643555 4.717985153198242 23.483448028564453 0.1257748653167436 0.0481453575193882 4304
seq7_frame00035.png 0.665394150402716 0.5901027321815491 -0.3142959773540497 0.33203524351119995 -5.066511631011963 4.3863325119018555 23.507551193237305 0.05798041531728704 0.035161253064870834 4294
seq7_frame00036.png 0.6777504871122352 0.579892635345459 -0.3101882338523865 0.3288800120353699 -5.339162826538086 5.2515716552734375 22.665651321411133 0.20081942104792985 0.09240550547838211 4292
seq7_frame00037.png 0.686266525932261 0.575099766254425 -0.29208093881607056 0.3361358344554901 -5.687738418579102 5.601447105407715 22.28723907470703 0.1310434491269093 0.0896167978644371 4428
seq7_frame00038.png 0.678879147975503 0.569327712059021 -0.3095371127128601 0.3452185392379761 -7.01448392868042 5.378736972808838 21.260494232177734 0.4211569614228174 0.16233785450458527 4375
seq7_frame00039.png 0.6790259212528271 0.5679574608802795 -0.3083744943141937 0.34821444749832153 -7.662100315093994 5.334298610687256 20.71234130859375 0.1506439842911567 0.05473637208342552 4310
seq7_frame00040.png 0.6785803976509687 0.5612848401069641 -0.3190763294696808 0.35025468468666077 -8.543014526367188 5.446993350982666 19.868165969848633 0.17082445854483372 0.05479224771261215 4365
seq7_frame00041.png 0.6869599122303844 0.5638746619224548 -0.30172616243362427 0.34509822726249695 -8.39725399017334 5.565985679626465 19.501895904541016 0.26715996789899266 0.10803066939115524 4316
seq7_frame00042.png 0.6782143028450069 0.5685498118400574 -0.30596646666526794 0.3509429693222046 -9.116921424865723 5.131573677062988 18.682353973388672 0.21620106041965145 0.07140384614467621 4527
seq7_frame00043.png 0.6909347916846219 0.580390453338623 -0.29174089431762695 0.31724321842193604 -8.227923393249512 4.952115535736084 18.929277420043945 0.11274027637899406 0.042260121554136276 4598
seq7_frame00044.png 0.6939541982564649 0.5737218260765076 -0.2851632833480835 0.32856157422065735 -8.891709327697754 5.21619987487793 18.042699813842773 0.2587480296471666 0.09009202569723129 4652
seq7_frame00045.png 0.7103297210323214 0.5831611156463623 -0.2599201798439026 0.2963043749332428 -7.78444766998291 5.371876239776611 18.401939392089844 0.29935275721095195 0.10514402389526367 4433
seq7_frame00046.png 0.7192886623376592 0.5739419460296631 -0.25384625792503357 0.29795393347740173 -8.258184432983398 5.9486918449401855 17.728164672851562 0.26645176265942694 0.11575440317392349 4223
seq7_frame00047.png 0.7191582558085333 0.5795648097991943 -0.2424606829881668 0.2968650460243225 -8.758986473083496 5.565527439117432 17.650089263916016 0.1721130964617183 0.07500053197145462 4356
seq7_frame00048.png 0.7282595783478139 0.5785439014434814 -0.23450060188770294 0.2827267050743103 -8.82256031036377 6.030825138092041 17.464122772216797 0.18736670980714182 0.10437939316034317 4450
seq7_frame00049.png 0.724231538858192 0.5911738872528076 -0.22506363689899445 0.27449682354927063 -9.115248680114746 5.42280387878418 17.63920021057129 0.21503771378535433 0.08500631153583527 4562
seq7_frame00050.png 0.7269283474516963 0.5772098302841187 -0.24221207201480865 0.28237807750701904 -10.490803718566895 5.829054832458496 16.827716827392578 0.2923796676768978 0.13263310492038727 4518
seq7_frame00051.png 0.7254108508617071 0.5921042561531067 -0.23256176710128784 0.26288145780563354 -10.338488578796387 5.422319412231445 17.191059112548828 0.3038628965385553 0.12432829290628433 4556
seq7_frame00052.png 0.7259165568276793 0.5929842591285706 -0.2343229204416275 0.25789061188697815 -10.883728981018066 5.466693878173828 16.92095375061035 0.15561536149093427 0.07819700986146927 4699
seq7_frame00053.png 0.7368820773739033 0.5932660698890686 -0.21478646993637085 0.2427075356245041 -10.742208480834961 5.640026092529297 17.13364601135254 0.12979856710939514 0.043499551713466644 4615
seq7_frame00054.png 0.7504445255170319 0.5934779047966003 -0.18885938823223114 0.22124429047107697 -10.037142753601074 6.079283714294434 17.482830047607422 0.1285532982256975 0.06385502964258194 4490
seq7_frame00055.png 0.7455724972362036 0.5962510108947754 -0.18894781172275543 0.2300109565258026 -11.072575569152832 5.767336845397949 17.127914428710938 0.14129174777011674 0.06743085384368896 4462
seq7_frame00056.png 0.7444076655201686 0.6027827262878418 -0.17724087834358215 0.22604386508464813 -11.406719207763672 5.482690334320068 16.971651077270508 0.27231790798068944 0.12115651369094849 4532
seq7_frame00057.png 0.7408483234354426 0.5992228984832764 -0.20174187421798706 0.2266625314950943 -12.647047996520996 5.514215469360352 16.332456588745117 0.059022672836161895 0.04448173940181732 4865
seq7_frame00058.png 0.7445019829929129 0.598775327205658 -0.20579275488853455 0.21174085140228271 -12.966194152832031 5.805185794830322 16.01737403869629 0.09841981094849707 0.029307791963219643 4882
seq7_frame00059.png 0.7417156589414436 0.6131025552749634 -0.18562038242816925 0.19876666367053986 -12.873591423034668 5.252051830291748 16.559656143188477 0.09925792985453186 0.0588860809803009 4908
seq7_frame00060.png 0.7367360346927092 0.6206536293029785 -0.18834157288074493 0.19114522635936737 -13.425350189208984 5.054315567016602 16.434986114501953 0.049085284537375554 0.032870661467313766 4737
seq7_frame00061.png 0.7427523920658781 0.6074596643447876 -0.18420669436454773 0.21302472054958344 -14.689741134643555 5.094163417816162 15.756305694580078 0.1411828649497932 0.05394450202584267 4926
seq7_frame00062.png 0.7354656613768424 0.6200004816055298 -0.1882147490978241 0.19815386831760406 -15.142313957214355 4.873752593994141 15.880023956298828 0.07117018428534941 0.026214927434921265 4670
seq7_frame00063.png 0.7332508269241548 0.6183041334152222 -0.19571146368980408 0.2043040692806244 -16.180923461914062 4.8298869132995605 15.288899421691895 0.09990130165783533 0.025549957528710365 4791
seq7_frame00064.png 0.7406209234102652 0.6177361011505127 -0.1708577275276184 0.20171859860420227 -16.378337860107422 4.780050754547119 15.49337387084961 0.06699483094878243 0.06689656525850296 4721
seq7_frame00065.png 0.7487881908054034 0.6079900860786438 -0.1795758455991745 0.19343429803848267 -17.017831802368164 5.504637241363525 15.061529159545898 0.1371756916813246 0.0756506696343422 4959
seq7_frame00066.png 0.767034323225545 0.5976284742355347 -0.17144079506397247 0.1584508866071701 -16.585926055908203 6.592189311981201 15.579039573669434 0.2670915859660132 0.0962572693824768 4769
seq7_frame00067.png 0.766040969667691 0.6068279147148132 -0.1528245508670807 0.14692088961601257 -16.628955841064453 6.232882022857666 16.12192153930664 0.31526392300633466 0.10501015186309814 5009
seq7_frame00068.png 0.7705227895768942 0.612386167049408 -0.1286025196313858 0.12140509486198425 -16.165882110595703 6.473916530609131 17.282209396362305 0.19839350327338529 0.09074278175830841 4953
seq7_frame00069.png 0.7839603631168774 0.6055036783218384 -0.0997370034456253 0.09393606334924698 -15.339070320129395 6.803955078125 18.193157196044922 0.5390426914439318 0.18194866180419922 4952
seq7_frame00070.png 0.7791479055635123 0.6219980716705322 -0.06431116908788681 0.04371541738510132 -13.456217765808105 6.91798734664917 20.229406356811523 0.36278368349622897 0.14482739567756653 5109
seq7_frame00071.png 0.7803868542289203 0.6208997368812561 -0.05578828230500221 0.048657722771167755 -14.342455863952637 6.897567272186279 20.349651336669922 0.46521843171729027 0.1754702925682068 5035
seq7_frame00072.png 0.7759772514233271 0.6289945840835571 -0.03812401369214058 0.027779653668403625 -13.957945823669434 6.653305530548096 21.47882843017578 0.0861216351311726 0.036705132573843 5264
seq7_frame00073.png 0.7791618042528321 0.6264361143112183 -0.020845146849751472 0.007082617375999689 -13.47321891784668 7.016472816467285 22.298871994018555 0.2650469048049464 0.0993434265255928 5078
seq7_frame00074.png 0.7693358939299868 0.6378458142280579 -0.03027833066880703 0.018926959484815598 -14.824871063232422 6.408072471618652 22.376821517944336 0.06187012133822335 0.029301472008228302 5164
seq7_frame00075.png 0.7799366841801009 0.6249201893806458 -0.032202672213315964 -0.011683148331940174 -14.246305465698242 7.921911716461182 22.875808715820312 0.5909194189332067 0.23884408175945282 5046
seq7_frame00076.png 0.7645703432737576 0.6437463760375977 -0.03170667961239815 0.00418486725538969 -15.704607963562012 6.463734149932861 23.28252601623535 0.3258719538393049 0.13458563387393951 5003
seq7_frame00077.png 0.7729136551341911 0.6339510679244995 -0.024198252707719803 0.011180192232131958 -16.26449966430664 6.932765483856201 23.353132247924805 0.5877645118668955 0.23765987157821655 4977
seq7_frame00078.png 0.7779905455317686 0.6279775500297546 0.009836583398282528 -0.016677996143698692 -14.934414863586426 7.299592971801758 25.119041442871094 0.34891837280067667 0.14040526747703552 4922
seq7_frame00079.png 0.7919335785396496 0.6104769110679626 -0.001897937967441976 0.012470120564103127 -17.131053924560547 7.980938911437988 24.106718063354492 0.6005887790029762 0.25505197048187256 4563
seq7_frame00080.png 0.7777077705741888 0.6270620822906494 0.04142993316054344 -0.015726327896118164 -15.229829788208008 6.7790608406066895 26.38204002380371 0.3566808294315433 0.16076010465621948 4755
seq7_frame00081.png 0.7744304716630483 0.6317495703697205 0.03306051716208458 -0.007546195760369301 -16.61172103881836 6.434840679168701 26.233680725097656 0.42652546343002096 0.21076485514640808 4850
seq7_frame00082.png 0.7695464240207106 0.636005163192749 0.05498216673731804 -0.01651471108198166 -16.35502052307129 5.8796210289001465 27.334280014038086 0.4163289781749704 0.20909225940704346 4668
seq7_frame00083.png 0.768137292011156 0.6303606629371643 0.08718894422054291 -0.07077197730541229 -13.500669479370117 6.894094467163086 29.209367752075195 0.44588037858841234 0.2002454698085785 4515
seq7_frame00084.png 0.7630389419008327 0.6325256824493408 0.10579168796539307 -0.08056625723838806 -12.934060096740723 6.254219055175781 30.243249893188477 0.41344066192970125 0.18328049778938293 4468
seq7_frame00085.png 0.7743092971068417 0.6230266094207764 0.08010689169168472 -0.0765889585018158 -14.863014221191406 7.7302141189575195 29.419647216796875 0.3284076882490986 0.15450862050056458 4477
seq7_frame00086.png 0.7754346383443792 0.6284419298171997 0.04121103882789612 -0.04542610049247742 -18.462160110473633 7.471811294555664 27.818851470947266 0.6315014681345135 0.28761014342308044 4571
seq7_frame00087.png 0.7801824578220448 0.6230698227882385 0.04830304533243179 -0.02767804078757763 -19.878576278686523 7.068572044372559 27.417783737182617 0.7321099945262426 0.3246115744113922 4564
seq7_frame00088.png 0.7854468946272336 0.6186743974685669 0.017727788537740707 -0.0009448752971366048 -22.570470809936523 7.084633827209473 26.063974380493164 0.3321079965928059 0.1455785036087036 4338
seq7_frame00089.png 0.7799218369411296 0.6225568056106567 0.036257579922676086 -0.05320126563310623 -20.316987991333008 8.449943542480469 28.06439208984375 0.5973042584249935 0.27118897438049316 4513
seq7_frame00090.png 0.7927397283077251 0.6093301773071289 0.00734977051615715 -0.015047124586999416 -23.837783813476562 8.586286544799805 25.954116821289062 0.5193918636758349 0.22717873752117157 4082
seq7_frame00091.png 0.796937454822859 0.6019633412361145 0.046613048762083054 -0.018922550603747368 -23.174375534057617 8.010031700134277 27.281705856323242 0.555728843586273 0.2592279016971588 4158
seq7_frame00092.png 0.7944404476592083 0.6022087931632996 0.0687423050403595 -0.03851497173309326 -22.259193420410156 8.226040840148926 28.888103485107422 0.914143020282692 0.4273488521575928 4169
seq7_frame00093.png 0.7741600998913036 0.6215372681617737 0.08057329803705215 -0.08874347805976868 -19.95417022705078 8.594185829162598 30.872133255004883 0.5136280377899903 0.23586319386959076 4414
seq7_frame00094.png 0.7715599567632498 0.628990650177002 0.046903494745492935 -0.0828620120882988 -22.374624252319336 8.626594543457031 29.29561424255371 0.34755382907055504 0.1556321084499359 4057
seq7_frame00095.png 0.7638213378974326 0.6361225843429565 0.0638330802321434 -0.08860263228416443 -22.11805534362793 7.652836799621582 30.074220657348633 0.4459212796821531 0.21277467906475067 4114
seq7_frame00096.png 0.7711226951840898 0.6304125189781189 0.04570117965340614 -0.07655883580446243 -23.97378158569336 8.321431159973145 28.585765838623047 0.13202783680082417 0.05685659125447273 4085
seq7_frame00097.png 0.74904674345928 0.6392273306846619 0.10781534761190414 -0.13672316074371338 -19.093114852905273 7.2967424392700195 32.69112777709961 0.22434983628523367 0.1211729496717453 4404
seq7_frame00098.png 0.7510435285350954 0.6289748549461365 0.10845371335744858 -0.16900300979614258 -17.977876663208008 8.928869247436523 32.918174743652344 0.2612253872838978 0.13810813426971436 4616
seq7_frame00099.png 0.7245244399325074 0.6369315385818481 0.1479976773262024 -0.2178972363471985 -14.282180786132812 7.779521465301514 35.078433990478516 0.1573825128561164 0.14522267878055573 4457
seq7_frame00100.png 0.7187756694909511 0.6476867198944092 0.1425817608833313 -0.20864762365818024 -15.48963737487793 6.868615627288818 34.58243942260742 0.1507590169497759 0.07570832967758179 4364
seq7_frame00101.png 0.7168908070181536 0.6458303928375244 0.14971348643302917 -0.21576976776123047 -15.516651153564453 6.921751499176025 34.88007354736328 0.123693952136564 0.09497406333684921 4603
seq7_frame00102.png 0.7242544316003872 0.6343917846679688 0.17103847861289978 -0.20916135609149933 -15.519631385803223 6.780943870544434 35.08746337890625 0.4196737431558668 0.2256183922290802 4792
seq7_frame00103.png 0.7149977731287627 0.6423432230949402 0.17208899557590485 -0.21577472984790802 -15.503401756286621 6.271114349365234 35.287391662597656 0.5769188117951499 0.29709169268608093 4631
