seq4_frame00001.png 0.2579141263420529 0.8997913599014282 0.07946880161762238 0.3428418040275574 -10.251592636108398 2.9628028869628906 3.6015524864196777 0.22720923094823603 0.05563371255993843 3320
seq4_frame00002.png 0.254430798457171 0.9017866849899292 0.07493892312049866 0.3412182033061981 -10.270347595214844 3.004842758178711 3.657034158706665 0.18966316081236026 0.05711575970053673 3439
seq4_frame00003.png 0.25198672802706057 0.903143584728241 0.07487574964761734 0.3394526243209839 -10.309057235717773 2.9129884243011475 3.771566390991211 0.23565315903137007 0.0635911077260971 3484
seq4_frame00004.png 0.22670598998864117 0.9145843386650085 0.056579578667879105 0.3300587832927704 -10.339224815368652 3.0283713340759277 4.088775634765625 0.23747201706300333 0.06281004101037979 3404
seq4_frame00005.png 0.20419760138677662 0.9436646699905396 0.05941762402653694 0.25351524353027344 -9.992485046386719 3.1189894676208496 5.950498104095459 0.4302299606006802 0.11556626111268997 3672
seq4_frame00006.png 0.21711717794103755 0.9463542103767395 0.060187943279743195 0.23162727057933807 -10.246302604675293 3.259594678878784 6.53861141204834 0.4114319193030564 0.09755067527294159 4244
seq4_frame00007.png 0.22250505821036007 0.9499526619911194 0.0360608734190464 0.21628925204277039 -10.684561729431152 3.868089437484741 6.981006622314453 0.39818791569813716 0.09429556131362915 4373
seq4_frame00008.png 0.22108123175554134 0.9552884697914124 0.03830637410283089 0.192561075091362 -10.913301467895508 4.084517002105713 7.806554317474365 0.4204222892002179 0.09849059581756592 3673
seq4_frame00009.png 0.20070343571868723 0.9651005268096924 0.030387520790100098 0.16545599699020386 -10.892037391662598 4.205913543701172 8.679858207702637 0.3138307305389691 0.0656382367014885 2883
seq4_frame00010.png 0.21775621133418682 0.9643637537956238 0.031612809747457504 0.1469193696975708 -11.303482055664062 4.59636926651001 9.203551292419434 0.4883951845618476 0.13135281205177307 2665
seq4_frame00011.png 0.2469860027377401 0.9643844962120056 0.016571221873164177 0.09319736808538437 -10.59169864654541 5.815410614013672 10.48674488067627 0.6106472997728778 0.1514812707901001 1787
seq4_frame00012.png 0.24003477714687035 0.9640917181968689 0.019412828609347343 0.11195353418588638 -11.704545021057129 5.685641765594482 10.581781387329102 0.7115044343782249 0.18567930161952972 1628
seq4_frame00013.png 0.21826160063796485 0.9742298722267151 0.015243601985275745 0.05482286214828491 -10.954850196838379 5.733348369598389 12.54468059539795 0.3519885695130238 0.08960472792387009 1540
seq4_frame00014.png 0.21571917202911772 0.9726110696792603 -4.488054401008412e-05 0.08656210452318192 -12.326484680175781 5.938481330871582 12.043460845947266 0.4608416678414873 0.13610219955444336 1713
seq4_frame00015.png 0.22458478793497674 0.9737992286682129 -0.005725106690078974 0.035269301384687424 -11.34318733215332 6.513824462890625 13.562158584594727 0.7992284492309596 0.2319938689470291 1594
seq4_frame00016.png 0.2067571268532637 0.9781290292739868 -0.011508622206747532 0.019563978537917137 -11.279197692871094 6.517458915710449 14.595935821533203 0.3520674635340228 0.08205147832632065 1833
seq4_frame00017.png 0.20795351450904245 0.97782963514328 -0.02449321188032627 -0.0021431625355035067 -11.153257369995117 7.013350963592529 15.292632102966309 0.6677667844195193 0.19802358746528625 2280
seq4_frame00018.png 0.19180642716660876 0.9813568592071533 -0.002220719587057829 -0.012002029456198215 -11.404840469360352 6.3369059562683105 16.31342887878418 0.49140777823349924 0.1447502225637436 2501
seq4_frame00019.png 0.17474320078934674 0.9833624958992004 -0.02288520336151123 -0.04403670132160187 -10.746482849121094 6.557601451873779 17.76101303100586 0.26749035161966556 0.06336585432291031 2976
seq4_frame00020.png 0.16283864750707508 0.985863983631134 -0.007574575487524271 -0.03871018812060356 -11.580907821655273 5.633274555206299 18.214637756347656 1.1698613541048555 0.45148780941963196 3444
seq4_frame00021.png 0.14654488341214278 0.9874192476272583 0.01321317721158266 -0.05790773406624794 -11.138689041137695 4.802762031555176 19.5787353515625 0.2750265582342755 0.0695531815290451 3304
seq4_frame00022.png 0.14223486160950832 0.9880220293998718 0.007256924640387297 -0.0594060979783535 -11.353978157043457 5.107418537139893 20.20504379272461 0.7002608224264731 0.2433892786502838 3747
seq4_frame00023.png 0.1772300545075293 0.9823094606399536 0.020289739593863487 -0.05697273090481758 -12.218737602233887 6.007839202880859 20.40146255493164 0.4475603116395446 0.1489548534154892 4112
seq4_frame00024.png 0.17782930310972153 0.9813060760498047 0.02228240668773651 -0.07013348489999771 -12.165730476379395 6.531397819519043 21.183053970336914 0.31222747703344084 0.12596818804740906 4346
seq4_frame00025.png 0.1987989007934524 0.979180097579956 0.0012971034739166498 -0.04103298485279083 -13.736091613769531 7.973625183105469 20.60140037536621 0.08053224587342787 0.013663341291248798 4573
seq4_frame00026.png 0.20485001177901246 0.9735943675041199 -0.001078969449736178 -0.10074420273303986 -11.258151054382324 8.885213851928711 22.62423324584961 0.44100962661697346 0.1915949136018753 4788
seq4_frame00027.png 0.22475519713890305 0.9718268513679504 0.011162263341248035 -0.07009349018335342 -13.348329544067383 9.293750762939453 22.192432403564453 0.27491730188798175 0.11842328310012817 4608
seq4_frame00028.png 0.2026103642820684 0.974682629108429 0.011331920512020588 -0.09388531744480133 -12.175060272216797 8.763343811035156 23.895263671875 0.389149040785698 0.13587148487567902 4642
seq4_frame00029.png 0.18850255291822526 0.9719753861427307 -0.006384784355759621 -0.14032068848609924 -10.254061698913574 8.924589157104492 25.42243194580078 0.3500863618291753 0.14477069675922394 4426
seq4_frame00030.png 0.1621777145342199 0.9764719605445862 -0.002733380300924182 -0.14210368692874908 -10.350442886352539 7.791818141937256 26.62314796447754 0.159699521129911 0.1021629348397255 3978
seq4_frame00031.png 0.20192938947529063 0.9693050980567932 -0.001132326084189117 -0.14025302231311798 -10.931215286254883 9.848723411560059 26.432998657226562 0.3145046514305525 0.16319523751735687 3630
seq4_frame00032.png 0.21121817234810814 0.9667142629623413 0.006678496487438679 -0.14424201846122742 -11.372241973876953 9.953612327575684 26.896015167236328 0.6215900098751787 0.290091872215271 3414
seq4_frame00033.png 0.22428263448962033 0.9625498056411743 -0.0011686519719660282 -0.1522950977087021 -11.200161933898926 11.551806449890137 27.2220516204834 0.24153886110521702 0.1222073957324028 2398
seq4_frame00034.png 0.19620949316499758 0.9611976146697998 0.005367184057831764 -0.1938353180885315 -8.802645683288574 9.772300720214844 29.474925994873047 0.43721796449311723 0.22112007439136505 2851
seq4_frame00035.png 0.18999090868811846 0.971791684627533 0.014977478422224522 -0.1389242708683014 -13.111945152282715 9.249211311340332 28.85154151916504 0.28028604401902335 0.15462496876716614 2793
seq4_frame00036.png 0.18456227067710793 0.9731069207191467 0.027570493519306183 -0.13505373895168304 -13.50699234008789 9.138609886169434 29.677745819091797 0.8450436506361126 0.4196995198726654 2618
seq4_frame00037.png 0.194124982331783 0.9732066988945007 0.011673814617097378 -0.12267080694437027 -14.594345092773438 9.75943374633789 29.57404899597168 0.13562339779030697 0.07265932857990265 3134
seq4_frame00038.png 0.21039523475789398 0.9656233787536621 0.026479702442884445 -0.15034732222557068 -13.331324577331543 10.544916152954102 30.96800422668457 0.42977148415264305 0.22805537283420563 3064
seq4_frame00039.png 0.19971639562588037 0.9597834944725037 0.01917964778840542 -0.1963702291250229 -10.54448413848877 11.216215133666992 32.476383209228516 0.08281154803454856 0.038879141211509705 3021
seq4_frame00040.png 0.23278058461901063 0.9554296135902405 -0.002678709104657173 -0.1815495640039444 -11.791309356689453 13.207018852233887 31.833852767944336 0.1442404818410714 0.08198193460702896 3213
seq4_frame00041.png 0.20620366808171772 0.9562129974365234 -0.005507551599293947 -0.20762084424495697 -10.442583084106445 12.644237518310547 33.34649658203125 0.3690115086783848 0.22634096443653107 3213
seq4_frame00042.png 0.1932133392851817 0.9607276320457458 -0.010426145978271961 -0.19890271127223969 -11.687164306640625 11.908244132995605 33.402000427246094 0.13674437590740884 0.0566876083612442 3572
seq4_frame00043.png 0.21490684042409347 0.9586615562438965 0.0030914656817913055 -0.1864764541387558 -13.350075721740723 11.856897354125977 32.895965576171875 1.016294155570639 0.5292046070098877 3945
seq4_frame00044.png 0.19286126822030164 0.9638416767120361 -0.010116140358150005 -0.18360663950443268 -13.731684684753418 11.56419849395752 32.88331604003906 0.6023494737049586 0.31971898674964905 3846
seq4_frame00045.png 0.16601783863980593 0.9569083452224731 -0.026017209514975548 -0.23682816326618195 -10.33436393737793 11.326290130615234 34.24349594116211 0.18603019386500105 0.09209482371807098 3808
seq4_frame00046.png 0.1964696880668919 0.9611382484436035 -0.016536610201001167 -0.19323402643203735 -13.601883888244629 11.772727012634277 32.21946716308594 0.20460391947728548 0.1548292487859726 4014
seq4_frame00047.png 0.18998517382318936 0.9577934145927429 -0.04672137647867203 -0.21060512959957123 -12.062925338745117 12.726966857910156 31.937124252319336 0.25404229611329227 0.1530241072177887 3744
seq4_frame00048.png 0.17768735706252986 0.9597925543785095 -0.02752024680376053 -0.21556450426578522 -11.591265678405762 11.154733657836914 32.0611686706543 0.16517823997876038 0.09863194823265076 3839
seq4_frame00049.png 0.1648781499433449 0.9671353101730347 -0.022732773795723915 -0.1922178715467453 -12.793346405029297 9.90121078491211 31.253997802734375 0.24194499055656832 0.12328650057315826 3856
seq4_frame00050.png 0.14478784667198852 0.9619252681732178 -0.03612051159143448 -0.22897928953170776 -10.083940505981445 9.545101165771484 31.71490478515625 0.45399338934234457 0.2132548838853836 3251
seq4_frame00051.png 0.12201272655654144 0.962843656539917 -0.033347614109516144 -0.23860624432563782 -8.500999450683594 7.579358100891113 32.06978225708008 0.41037267969274904 0.16722166538238525 2297
seq4_frame00052.png 0.11814409252410561 0.9617325067520142 -0.04094203561544418 -0.2437955141067505 -8.022732734680176 7.550893306732178 31.166269302368164 0.8023523536417413 0.3441294729709625 2014
seq4_frame00053.png 0.12430671492171498 0.9556950330734253 -0.03624574840068817 -0.2643502354621887 -5.882297039031982 7.6526384353637695 31.3909854888916 0.4041017923023104 0.37198150157928467 1680
seq4_frame00054.png 0.15626128472046338 0.9554588794708252 -0.004643535707145929 -0.25031834840774536 -6.5918378829956055 8.448281288146973 30.341108322143555 0.5225868981035199 0.32146763801574707 1732
seq4_frame00055.png 0.16798079424502899 0.9632837772369385 -0.005433067679405212 -0.20937345921993256 -8.837072372436523 8.761153221130371 29.237346649169922 0.301533802031581 0.20126847922801971 2569
seq4_frame00056.png 0.21058076417253832 0.9643524885177612 -0.03363276273012161 -0.15668033063411713 -11.484458923339844 11.090686798095703 26.7655029296875 0.6534542297354633 0.3479825556278229 3106
seq8_frame00001.png 0.20929309002315002 0.977789044380188 0.004268881864845753 -0.010325037874281406 -13.972890853881836 12.075752258300781 32.4656867980957 1.5208377749602482 0.9656423926353455 2320
seq8_frame00002.png 0.2032222591014223 0.9790579080581665 0.006640148349106312 -0.010117136873304844 -13.99184513092041 12.112494468688965 32.3834342956543 0.9606624782242968 0.6055622100830078 2612
seq8_frame00003.png 0.2117762677337782 0.9772579073905945 0.007022351026535034 -0.008275884203612804 -14.000102996826172 12.139666557312012 32.44782638549805 1.5330688294947425 0.9721066951751709 2853
seq8_frame00004.png 0.21876320911594194 0.9749442934989929 0.03660576790571213 0.0169150959700346 -16.643491744995117 11.942840576171875 31.459054946899414 3.186146217140725 1.9759968519210815 2778
seq8_frame00005.png 0.2247932972342186 0.9673269987106323 -0.00919064786285162 0.11688466370105743 -21.759506225585938 12.340606689453125 27.765682220458984 1.1130341802103494 0.703551173210144 2336
seq8_frame00006.png 0.1991500787265596 0.9746352434158325 -0.03305209055542946 0.09660719335079193 -18.976970672607422 12.348332405090332 29.231178283691406 0.32810155703606453 0.19913217425346375 2664
seq8_frame00007.png 0.21348181640677766 0.9676912426948547 -0.053712449967861176 0.12293954193592072 -19.7713680267334 14.138398170471191 28.217266082763672 1.1656949387111477 0.7142700552940369 2008
seq8_frame00008.png 0.23487092417346192 0.95863276720047 -0.07340092957019806 0.14307770133018494 -19.530357360839844 15.94212818145752 26.30979347229004 0.5623921200084435 0.31070271134376526 1470
seq8_frame00009.png 0.25123518088161984 0.9541491866111755 -0.06317058950662613 0.14996571838855743 -19.515409469604492 16.09596061706543 26.617647171020508 0.6070905854842994 0.4001663625240326 1468
seq8_frame00010.png 0.22375785158336797 0.9583859443664551 -0.0550258532166481 0.16852548718452454 -19.881372451782227 14.781161308288574 26.908964157104492 1.6495926037871007 1.1209136247634888 1214
seq8_frame00011.png 0.24155729490245315 0.9569159746170044 -0.021327655762434006 0.15970879793167114 -19.308135986328125 14.165782928466797 27.43311309814453 0.5236446169295198 0.3447279632091522 1151
seq8_frame00012.png 0.2349661719640944 0.9599952101707458 -0.018949009478092194 0.151132270693779 -18.160940170288086 14.079033851623535 28.089048385620117 0.8101177984803698 0.6041029095649719 1353
seq8_frame00013.png 0.25245956876364034 0.9586991667747498 -0.020102644339203835 0.12944459915161133 -15.489089012145996 15.014607429504395 28.390987396240234 1.405734039685018 1.0549840927124023 1633
seq8_frame00014.png 0.22498820636851877 0.9637048244476318 -0.02855898067355156 0.1408463567495346 -15.840630531311035 14.706476211547852 28.769683837890625 0.5748290407133905 0.3957728445529938 1564
seq8_frame00015.png 0.255769027465835 0.9575361013412476 -0.03602395951747894 0.12809830904006958 -13.949945449829102 15.829384803771973 28.51465606689453 1.562242595152277 1.0340451002120972 1747
seq8_frame00016.png 0.23304618192992865 0.9616844058036804 -0.01968461275100708 0.14305609464645386 -14.878204345703125 13.940473556518555 29.32011604309082 1.137761172553088 0.7445856928825378 2003
seq8_frame00017.png 0.24482581819836874 0.9610058665275574 -0.06870806962251663 0.10866096615791321 -11.780003547668457 16.120197296142578 30.129714965820312 0.4102919980831783 0.31650254130363464 1996
seq8_frame00018.png 0.24066368732136625 0.9584692120552063 -0.06999241560697556 0.1360836923122406 -12.366670608520508 15.83246898651123 29.962812423706055 0.7541186249401691 0.5643661618232727 1992
seq8_frame00019.png 0.24392787702160174 0.963758647441864 -0.05570632964372635 0.09254884719848633 -8.965234756469727 15.177237510681152 31.219175338745117 1.1307328011754392 0.7838127017021179 2348
seq8_frame00020.png 0.23142404067879527 0.9639258980751038 -0.05373801663517952 0.12000834196805954 -10.674209594726562 14.76066780090332 31.483713150024414 0.2707431491706048 0.20307967066764832 2431
seq8_frame00021.png 0.22456585315490926 0.9662617444992065 -0.05892493948340416 0.11151882261037827 -9.27109432220459 14.43966293334961 31.8941650390625 0.8853365907364575 0.6014638543128967 2921
seq8_frame00022.png 0.21708122081800504 0.9684385061264038 -0.0426095612347126 0.11483484506607056 -8.89434814453125 13.778641700744629 32.450836181640625 0.39367049261411424 0.2770879864692688 2982
seq8_frame00023.png 0.2188788314483381 0.9707319736480713 -0.06356572359800339 0.07570262253284454 -5.863982200622559 14.468379974365234 33.47378921508789 1.0118218757681618 0.6842560172080994 2919
seq8_frame00024.png 0.19213891851162185 0.9635413289070129 -0.03354116529226303 0.18315523862838745 -13.90425968170166 12.242392539978027 32.6170654296875 0.9296019795302524 0.6368793249130249 3850
seq8_frame00025.png 0.2017945371674962 0.9671730399131775 -0.016651615500450134 0.15355171263217926 -10.841007232666016 12.321756362915039 33.560054779052734 2.2629161637758597 1.5529248714447021 3887
seq8_frame00026.png 0.20216230717068595 0.9727010726928711 -0.01710640639066696 0.11265267431735992 -8.25953483581543 12.076644897460938 35.5109977722168 0.6627963810553069 0.4411085546016693 3259
seq8_frame00027.png 0.15348247949369725 0.9746444821357727 -0.02947084605693817 0.16013336181640625 -10.766753196716309 9.861668586730957 35.66419982910156 1.4657837822073008 1.0353364944458008 4177
seq8_frame00028.png 0.21940316455466122 0.9699943661689758 -0.07202772796154022 0.07605992257595062 -3.975336790084839 14.200572967529297 36.84193801879883 1.7808209215888497 1.273061990737915 2732
seq8_frame00029.png 0.21261130106123696 0.9744085073471069 -0.0697847381234169 -0.02132209576666355 4.0052266120910645 12.416038513183594 37.53752899169922 1.107153707500086 0.8011354804039001 2190
seq8_frame00030.png 0.2065593122962323 0.9758948683738708 -0.06493038684129715 -0.027324188500642776 4.237335681915283 12.373498916625977 38.54986572265625 1.3848709067000968 1.045408844947815 2177
seq8_frame00031.png 0.1995337049617712 0.976806640625 -0.05193641781806946 0.05777249112725258 -1.784991979598999 12.290765762329102 39.25310516357422 0.8635525027914952 0.7549555897712708 2680
seq8_frame00032.png 0.19029133631748876 0.9755746126174927 -0.03150932118296623 0.10512123256921768 -5.210433483123779 13.982076644897461 39.43814468383789 1.4655108948056177 1.0863569974899292 2538
seq8_frame00033.png 0.20239276184660832 0.9717564582824707 -0.036512646824121475 0.11572924256324768 -5.80294942855835 13.629919052124023 39.65510177612305 1.167595332125998 0.9240872263908386 2201
seq8_frame00034.png 0.20552193084480794 0.9582797884941101 -0.04860696569085121 0.1926083266735077 -10.950904846191406 14.83743667602539 38.32177734375 1.3426784803194007 1.0728611946105957 2588
seq8_frame00035.png 0.20627027325447564 0.9495256543159485 -0.07182369381189346 0.22515559196472168 -12.661142349243164 15.165882110595703 38.000091552734375 0.9580182345201499 0.7621076107025146 2676
seq8_frame00036.png 0.20469225605157879 0.9488362073898315 -0.05767342448234558 0.2334197610616684 -13.449463844299316 15.081036567687988 38.11948013305664 1.1049506513276393 0.9014261960983276 2719
seq8_frame00037.png 0.15818423236440046 0.9668668508529663 -0.017573809251189232 0.19959288835525513 -10.265734672546387 10.442368507385254 40.480411529541016 1.207945421699789 0.9283125400543213 3084
seq8_frame00038.png 0.1327224696805197 0.9762313365936279 -0.0360480435192585 0.16750489175319672 -7.890326499938965 7.631641387939453 42.03840637207031 0.677809136850995 0.5956394076347351 2790
seq8_frame00039.png 0.11215318240081329 0.9820384383201599 -0.04897112026810646 0.14361029863357544 -5.229849815368652 7.3415608406066895 43.3597412109375 0.4683379071772821 0.545963704586029 2209
seq8_frame00040.png 0.17124103778992972 0.955986499786377 -0.11032458394765854 0.2111745923757553 -9.124709129333496 11.624387741088867 40.72587585449219 0.47961252178456326 0.3951042890548706 2625
seq8_frame00041.png 0.16586948236124474 0.9433325529098511 -0.07172418385744095 0.27832797169685364 -15.269135475158691 11.873058319091797 39.46737289428711 0.3229233665106957 0.22158686816692352 2100
seq8_frame00042.png 0.18109479360997596 0.929997444152832 -0.055688172578811646 0.3149733245372772 -17.615314483642578 13.199557304382324 37.52092361450195 1.0975138559819648 0.9462488293647766 2465
seq8_frame00043.png 0.17072764730956086 0.9383318424224854 -0.031242061406373978 0.2990137040615082 -15.400320053100586 12.10321044921875 37.826602935791016 0.8561172549105545 0.681482195854187 2757
seq8_frame00044.png 0.16857245377597554 0.9235769510269165 -0.007328714709728956 0.34428954124450684 -19.506858825683594 11.683130264282227 35.915958404541016 1.2279715363462662 1.0622618198394775 2462
seq8_frame00045.png 0.16714566994455976 0.9352473020553589 -0.008637369610369205 0.3119297921657562 -15.984447479248047 11.575180053710938 36.75912857055664 0.2598272528968815 0.2349044531583786 2883
seq8_frame00046.png 0.16998678464671751 0.922231137752533 -0.003763959975913167 0.34724628925323486 -18.382904052734375 11.028433799743652 35.07194519042969 0.2644285592416487 0.20096807181835175 2779
seq8_frame00047.png 0.15485902156017173 0.9401898384094238 0.009397664107382298 0.3032713532447815 -14.323060989379883 9.024005889892578 36.45016098022461 0.7241436460764805 0.4922766387462616 3183
seq8_frame00048.png 0.13000725346097292 0.955020010471344 0.009625923819839954 0.2663500905036926 -11.026776313781738 7.421694278717041 37.35848617553711 0.44680968452193076 0.4047314524650574 3162
seq8_frame00049.png 0.12015585835151071 0.9680129885673523 0.009371382184326649 0.22005817294120789 -7.182507514953613 6.752373695373535 38.054569244384766 0.5948853042417511 0.42404302954673767 3134
seq8_frame00050.png 0.13345641005472442 0.9650070667266846 0.0076587023213505745 0.22559267282485962 -6.842440128326416 7.96786642074585 37.37866973876953 0.41197403888799966 0.37861716747283936 3033
seq8_frame00051.png 0.14189903316761393 0.9611178040504456 -0.008438891731202602 0.23674045503139496 -7.264820575714111 7.5916008949279785 36.64115905761719 1.1352881104650145 0.8048729300498962 3181
seq8_frame00052.png 0.13251522348317613 0.9558714628219604 -0.0025472454726696014 0.2621886432170868 -8.371158599853516 7.2078046798706055 36.2901496887207 0.30996788503735667 0.32110968232154846 3053
seq8_frame00053.png 0.11745583542553002 0.967332661151886 -0.025831464678049088 0.22316914796829224 -4.709428787231445 5.988516807556152 36.67133712768555 0.5365591172678388 0.365323543548584 2979
seq8_frame00054.png 0.11530310085957579 0.9740785360336304 -0.009524865075945854 0.19438500702381134 -1.9981269836425781 6.112494945526123 37.0050048828125 1.088747094738842 0.7158854007720947 2575
seq8_frame00055.png 0.1585293437201914 0.9656506776809692 -0.02384006604552269 0.20449644327163696 -1.7119722366333008 8.71309757232666 35.67093276977539 1.3871944516783705 0.9101107120513916 2735
seq8_frame00056.png 0.14670407663047488 0.9607489109039307 -0.015763405710458755 0.23492754995822906 -3.593522548675537 8.493982315063477 35.62711715698242 0.7755438611494413 0.5301328301429749 2772
seq8_frame00057.png 0.14436815635957984 0.9547706842422485 -0.00514566246420145 0.2598932683467865 -5.039292335510254 8.256516456604004 35.58406066894531 0.6294068945759939 0.5230090022087097 2777
seq8_frame00058.png 0.13629471499110798 0.9564216732978821 -0.01575595885515213 0.25774630904197693 -3.933652639389038 7.974178314208984 35.170291900634766 0.4539471788437412 0.38189345598220825 2954
seq8_frame00059.png 0.10767105869075447 0.9454752206802368 -0.015468203462660313 0.3069923222064972 -6.887481212615967 6.18781042098999 34.88127899169922 0.34605679034270576 0.21912600100040436 2890
seq8_frame00060.png 0.1452456073281816 0.9429049491882324 0.010136372409760952 0.2995515763759613 -5.75692892074585 8.696521759033203 34.209922790527344 0.5165969822839774 0.3873208165168762 3017
seq8_frame00061.png 0.1284222951108077 0.9500794410705566 -0.014692659489810467 0.2839735448360443 -4.035185813903809 6.976337909698486 34.90575408935547 0.5313049408879535 0.34433895349502563 2705
seq8_frame00062.png 0.14289667651512838 0.9513619542121887 -0.0043928781524300575 0.27289509773254395 -2.668632745742798 8.269338607788086 34.497772216796875 0.47715669525197346 0.37938743829727173 2706
seq8_frame00063.png 0.13659160439323442 0.9554457068443298 0.013799835927784443 0.2612963318824768 -1.696378231048584 8.42051887512207 34.54071044921875 0.665816071720393 0.6067947745323181 2627
seq8_frame00064.png 0.1672505077917659 0.9482837915420532 -0.003424020716920495 0.2697654962539673 -1.5740537643432617 9.729762077331543 32.9510498046875 0.6033371830919658 0.4356250762939453 2835
seq8_frame00065.png 0.1745859158722111 0.9392948746681213 0.005473107565194368 0.29532167315483093 -3.6346359252929688 10.496100425720215 32.32157516479492 0.40818355070290707 0.3918013870716095 2992
seq8_frame00066.png 0.20983370575217775 0.9190458655357361 0.028203843161463737 0.3324590027332306 -6.317680835723877 12.28213882446289 30.299732208251953 0.7007064922698165 0.421965092420578 2781
seq8_frame00067.png 0.19595805181165782 0.9225282669067383 0.007386097218841314 0.3323966860771179 -6.473968505859375 11.164807319641113 30.44158935546875 0.1720809999087045 0.11948581039905548 3024
seq8_frame00068.png 0.18601486952035545 0.9176206588745117 -0.0030825466383248568 0.35122838616371155 -7.706418514251709 9.807534217834473 29.52378273010254 0.46895705315337316 0.27713990211486816 3481
seq8_frame00069.png 0.1675865167961757 0.9291825890541077 0.0015480893198400736 0.32944175601005554 -6.697348594665527 8.768707275390625 29.519817352294922 0.633952545551196 0.3536830246448517 3451
seq8_frame00070.png 0.17346401680618107 0.9203510284423828 0.004471910651773214 0.3504914343357086 -8.252959251403809 9.672101974487305 28.484939575195312 0.576491017837525 0.3179038465023041 3739
seq8_frame00071.png 0.1644604988843997 0.92691570520401 0.015175865031778812 0.3369715213775635 -7.964660167694092 9.015190124511719 28.18511199951172 0.7213034613205188 0.3958450257778168 3869
seq8_frame00072.png 0.1510171060280923 0.9217431545257568 0.0047224401496350765 0.3571568429470062 -9.896952629089355 8.048015594482422 27.72718620300293 0.2141135705143531 0.1257818639278412 4121
seq8_frame00073.png 0.14169158073155805 0.9267457723617554 0.008258136920630932 0.34784698486328125 -10.054709434509277 7.030791759490967 27.833303451538086 0.1916337637694015 0.11458364129066467 3976
seq8_frame00074.png 0.1064708847353948 0.9245619773864746 -0.01697940193116665 0.36545971035957336 -11.498758316040039 5.245086669921875 27.263811111450195 0.4355960613695037 0.2330949753522873 3660
seq8_frame00075.png 0.14648285598972302 0.9151906967163086 -0.0024536496493965387 0.37545016407966614 -12.497393608093262 6.979721546173096 25.957839965820312 0.4689896032736365 0.2577739357948303 3827
seq8_frame00076.png 0.1305874630155096 0.921952486038208 0.005924484226852655 0.3645757734775543 -12.328164100646973 6.14682149887085 25.956457138061523 0.19305756472665828 0.09385285526514053 3686
seq8_frame00077.png 0.13860384489407404 0.9263365268707275 0.013902794569730759 0.3499946892261505 -11.549688339233398 6.591352939605713 25.562101364135742 0.28051789692483353 0.13253045082092285 3827
seq8_frame00078.png 0.1471021609567901 0.9326030611991882 0.021247990429401398 0.32887861132621765 -10.776305198669434 7.062461853027344 25.29258155822754 0.25590776484992556 0.1730956733226776 4088
seq8_frame00079.png 0.1636432191626308 0.9267898797988892 0.03192531317472458 0.3365442752838135 -10.977989196777344 7.52733850479126 23.976932525634766 0.5901810648117577 0.30756258964538574 4198
seq8_frame00080.png 0.16707562028480008 0.9236711859703064 0.025107797235250473 0.34392866492271423 -11.18047046661377 7.526931285858154 23.43840217590332 0.19825118987872573 0.05199512839317322 3856
seq8_frame00081.png 0.16800500235802332 0.9226357340812683 0.009240375831723213 0.3470333516597748 -10.885296821594238 7.297514915466309 22.856199264526367 0.5025149464844094 0.24888621270656586 3865
seq8_frame00082.png 0.16631007305627485 0.9286567568778992 0.012954606674611568 0.33131515979766846 -9.631056785583496 7.76467227935791 22.529052734375 0.14755837963253732 0.07989850640296936 3973
seq8_frame00083.png 0.18084577378394992 0.9108725786209106 -0.008568888530135155 0.3708537518978119 -11.054390907287598 8.094709396362305 21.193368911743164 0.27067111201920235 0.12746590375900269 3773
seq8_frame00084.png 0.1981275495550794 0.9053120017051697 0.005227730143815279 0.3756703734397888 -10.671103477478027 8.680024147033691 20.24596405029297 0.315642438216315 0.15485243499279022 3810
seq8_frame00085.png 0.1883998795786514 0.8993976712226868 0.012166908010840416 0.394260436296463 -11.015796661376953 8.039445877075195 19.82948875427246 0.2703780008542736 0.15101945400238037 3677
seq8_frame00086.png 0.19689723795339648 0.9039295315742493 0.04064780846238136 0.37747922539711 -9.816768646240234 8.066752433776855 19.784133911132812 0.23708053516577052 0.11298906058073044 3859
seq8_frame00087.png 0.20260592828077312 0.89937424659729 0.035088226199150085 0.3858049809932709 -9.285228729248047 8.490862846374512 19.246990203857422 0.3364461538915425 0.16474425792694092 3881
seq8_frame00088.png 0.21599992608277216 0.8951362371444702 0.012797930277884007 0.3897581100463867 -8.64777660369873 8.988851547241211 18.838720321655273 0.1295121660717174 0.059842731803655624 3976
seq8_frame00089.png 0.2067278517645499 0.8857343196868896 0.024517470970749855 0.414894163608551 -9.266077041625977 8.468988418579102 18.373517990112305 0.173509336538457 0.08405127376317978 3911
seq8_frame00090.png 0.2333187170133658 0.8876457214355469 0.006332038901746273 0.3969977796077728 -7.523633003234863 9.26932144165039 18.27765655517578 0.1900955438033338 0.06899730116128922 3964
seq8_frame00091.png 0.22725826720878875 0.894728422164917 -0.014153772965073586 0.38420599699020386 -6.205496311187744 9.083341598510742 18.752504348754883 0.1331304988051713 0.09145080298185349 3987
seq8_frame00092.png 0.23882874693089184 0.8854784965515137 0.003019612282514572 0.39859703183174133 -6.173040390014648 9.36540699005127 18.170421600341797 0.09018410358344925 0.02172592654824257 3955
seq8_frame00093.png 0.22805039091733076 0.8820403218269348 0.030955394729971886 0.4111441671848297 -6.12488317489624 8.879247665405273 18.058313369750977 0.11044720044772095 0.051579464226961136 3879
seq8_frame00094.png 0.202511720640145 0.8851626515388489 0.02786383219063282 0.4179708659648895 -5.739101886749268 7.842503547668457 17.975873947143555 0.20200427210594193 0.08145582675933838 4447
seq8_frame00095.png 0.20865424643442612 0.8944759368896484 0.0025169034488499165 0.3954363167285919 -4.075028419494629 7.811573505401611 18.47355842590332 0.22423060145944934 0.13778027892112732 4183
seq8_frame00096.png 0.21563443015316466 0.891778826713562 -0.02321789786219597 0.39710599184036255 -3.0561318397521973 7.67673921585083 18.22652244567871 0.1736456201567399 0.0434209443628788 4199
seq8_frame00097.png 0.21577795493100813 0.8742699027061462 0.010611108504235744 0.43471771478652954 -4.354977607727051 8.032560348510742 17.701250076293945 0.16893689841510368 0.08481475710868835 3768
seq8_frame00098.png 0.20594400377039504 0.8797770142555237 0.03344667702913284 0.4271542727947235 -3.5825650691986084 7.830173015594482 17.601903915405273 0.3816352457293022 0.15850472450256348 3833
seq8_frame00099.png 0.20676599098704274 0.8726680278778076 0.04443926736712456 0.44014042615890503 -3.7153308391571045 7.882680892944336 16.97694969177246 0.26621065164564023 0.11635096371173859 3712
seq8_frame00100.png 0.19371157673547243 0.8580668568611145 0.03427280858159065 0.4743655025959015 -4.844840049743652 7.525204658508301 16.591711044311523 0.03804721192085232 0.08700833469629288 3376
seq8_frame00101.png 0.20868420879201627 0.8419284224510193 0.03454472869634628 0.4964011311531067 -5.390298366546631 7.35985803604126 15.539400100708008 0.19868568062338843 0.08385851979255676 3205
seq8_frame00102.png 0.1988785781338447 0.8273990750312805 0.03619029000401497 0.5239735245704651 -6.334534645080566 7.100120544433594 14.623031616210938 0.13605634107023584 0.11326304823160172 3011
seq8_frame00103.png 0.20788751661282487 0.8266379237174988 0.049875762313604355 0.5205429792404175 -6.211611270904541 7.019207954406738 13.854965209960938 0.20843512199313372 0.0933825746178627 2844
seq8_frame00104.png 0.19908827980547003 0.8178116679191589 0.06158948689699173 0.5364276170730591 -6.959155082702637 6.827198505401611 12.98020076751709 0.19189110982268023 0.08533310145139694 2784
seq8_frame00105.png 0.22302662572085724 0.8213441967964172 0.054109007120132446 0.5222307443618774 -6.463790416717529 6.985476016998291 12.379227638244629 0.23767428137588562 0.10377763211727142 2542
seq8_frame00106.png 0.2063792190599028 0.8212369084358215 0.06608405709266663 0.5278355479240417 -6.695610046386719 6.401057720184326 11.825233459472656 0.19047728734491406 0.07745471596717834 2325
seq8_frame00107.png 0.22924200646441406 0.8232255578041077 0.07263822853565216 0.5142679810523987 -6.2972636222839355 6.554884433746338 11.156659126281738 0.2103241628865315 0.07689075917005539 2186
seq8_frame00108.png 0.21064870426600146 0.8410214781761169 0.07471705973148346 0.4926735758781433 -5.671724796295166 6.187961578369141 11.176467895507812 0.23938369629824 0.06733109802007675 2284
seq8_frame00109.png 0.22031326928659156 0.8401223421096802 0.06687930971384048 0.4911045730113983 -5.31696891784668 6.055588722229004 10.692022323608398 0.24556787230273117 0.08470431715250015 2122
seq8_frame00110.png 0.2119389063460987 0.8577316999435425 0.06934170424938202 0.46321702003479004 -4.07733154296875 6.000502586364746 10.8290433883667 0.37400952628396805 0.06611950695514679 2500
seq8_frame00111.png 0.2184963587317763 0.831236720085144 0.05351996421813965 0.5083704590797424 -4.7082414627075195 6.031306266784668 10.408953666687012 0.16282529317054387 0.12014853954315186 1935
seq8_frame00112.png 0.23001542119116256 0.8349250555038452 0.06587638705968857 0.49563419818878174 -3.8922040462493896 6.583475589752197 10.527257919311523 0.09071634474050116 0.08898653090000153 2225
seq8_frame00113.png 0.20865098204122295 0.8289207220077515 0.048628538846969604 0.5167112350463867 -3.845022439956665 5.799494743347168 11.064074516296387 0.6072515751774707 0.16995632648468018 2145
seq8_frame00114.png 0.2000019818887868 0.8262280225753784 0.0350935123860836 0.5254663825035095 -3.8743865489959717 5.7831621170043945 12.022420883178711 0.22801361912513726 0.16498185694217682 2123
seq8_frame00115.png 0.16911705589058326 0.8127648234367371 0.03670170158147812 0.5562964677810669 -4.576112747192383 5.150254249572754 12.243340492248535 0.20072724017456112 0.09139225631952286 1899
seq8_frame00116.png 0.18893453104376015 0.800916850566864 0.05831170082092285 0.5651863813400269 -4.78237247467041 6.05994987487793 12.416190147399902 0.2098792134147022 0.10474617779254913 2101
seq8_frame00117.png 0.17077521804184137 0.7900917530059814 0.05810226500034332 0.5858454704284668 -5.498137474060059 5.856348514556885 13.10379695892334 0.2026131060972119 0.16553616523742676 1942
seq8_frame00118.png 0.17706791290421364 0.8050576448440552 0.0535191111266613 0.5636175870895386 -4.329502105712891 6.04438591003418 13.903614044189453 0.331505632604949 0.15111501514911652 1983
seq8_frame00119.png 0.16485204761744893 0.8062566518783569 0.03555777296423912 0.5670180916786194 -4.108456134796143 5.6813507080078125 14.655152320861816 0.42793451011145345 0.1696118414402008 2077
seq8_frame00120.png 0.19093707247655708 0.8066051602363586 0.05989570543169975 0.5561866760253906 -3.571357011795044 6.835692405700684 14.906068801879883 0.2280277597511533 0.13711896538734436 1916
seq8_frame00121.png 0.18958956954617376 0.7997023463249207 0.04153776541352272 0.5681607723236084 -3.7750842571258545 6.710699081420898 15.713107109069824 0.361513828599562 0.20101985335350037 2045
seq8_frame00122.png 0.20057263627087982 0.8077352643013 0.03235792741179466 0.553432285785675 -2.939929723739624 7.05157470703125 16.31777572631836 0.26901996714820464 0.1444525122642517 2024
seq8_frame00123.png 0.1700638473059282 0.7877197265625 0.0352291539311409 0.5910455584526062 -4.491565227508545 6.4428558349609375 17.033723831176758 0.1971240752635414 0.15433192253112793 2045
seq8_frame00124.png 0.18037021220253088 0.7810771465301514 0.02278495579957962 0.5973826050758362 -4.620223522186279 6.587756633758545 17.324586868286133 0.34170732054315633 0.10724158585071564 1968
seq8_frame00125.png 0.16741269714732152 0.7962390780448914 0.03960356116294861 0.5800068378448486 -3.683783769607544 6.495951175689697 18.146970748901367 0.30812157284691116 0.011525366455316544 1813
seq8_frame00126.png 0.1499031669062054 0.801938533782959 0.07101649045944214 0.5739166140556335 -3.580678701400757 6.873187065124512 18.819364547729492 0.28183604339336665 0.09672661125659943 1712
