seq1_frame00001.png 0.7128230923192262 0.6818621754646301 -0.12408815324306488 0.10746805369853973 -3.1334445476531982 2.3075063228607178 9.828207015991211 0.1644777587226506 0.021858764812350273 3416
seq1_frame00002.png 0.7110861999085653 0.6830358505249023 -0.1253732442855835 0.10999985784292221 -3.1938657760620117 2.273867607116699 9.881562232971191 0.08224200097121942 0.01824554242193699 3282
seq1_frame00003.png 0.7101635639346229 0.6844865679740906 -0.12361889332532883 0.10892300307750702 -3.173095226287842 2.248323440551758 9.98383903503418 0.08476606936454986 0.02704562060534954 3122
seq1_frame00004.png 0.7081687416171204 0.6870796084403992 -0.11717911064624786 0.11263981461524963 -3.13782000541687 2.1413168907165527 10.045055389404297 0.07582779300002292 0.014056618325412273 3321
seq1_frame00005.png 0.7404444787905682 0.6584187746047974 -0.10644695907831192 0.08304117619991302 -1.9999284744262695 3.062777042388916 9.991339683532715 0.16828470873086002 0.04424874857068062 3471
seq1_frame00006.png 0.7444762759900154 0.6541124582290649 -0.1140969917178154 0.06981274485588074 -1.3889347314834595 3.0892531871795654 9.75988483428955 0.1262207486034985 0.04029437527060509 3133
seq1_frame00007.png 0.7446030493605063 0.6502114534378052 -0.1171455979347229 0.09522741287946701 -1.1567368507385254 3.077608823776245 9.589054107666016 0.17286585801344773 0.04143444076180458 3095
seq1_frame00008.png 0.7289361826616017 0.6668217778205872 -0.10135605931282043 0.11716517060995102 -0.7024484276771545 2.7084381580352783 9.517248153686523 0.16065488049985333 0.05279223248362541 2919
seq1_frame00009.png 0.7233361651484882 0.6420966386795044 -0.15688824653625488 0.19970664381980896 -2.0043439865112305 2.9474151134490967 9.069098472595215 0.23069297427048632 0.03553882986307144 3338
seq1_frame00010.png 0.7036841772573244 0.653570830821991 -0.17840676009655 0.2141137570142746 -1.718705177307129 2.615119457244873 9.167366027832031 0.13705576316445267 0.0451798178255558 3171
seq1_frame00011.png 0.6953842623921213 0.6722690463066101 -0.17160560190677643 0.18720759451389313 -0.48270443081855774 2.2499704360961914 9.290393829345703 0.30648841058333764 0.0637417584657669 2844
seq1_frame00012.png 0.6747696316854291 0.6573248505592346 -0.21776893734931946 0.25531673431396484 -1.3645925521850586 2.249854326248169 9.178055763244629 0.11245412880536755 0.04261590912938118 3369
seq1_frame00013.png 0.6638018323149689 0.6459712386131287 -0.25424692034721375 0.2782924771308899 -1.3898351192474365 2.1936187744140625 9.167302131652832 0.17662427632595304 0.032436907291412354 3482
seq1_frame00014.png 0.6669574221622756 0.6232030391693115 -0.2894994616508484 0.2880553901195526 -1.0364879369735718 2.429551124572754 9.2522554397583 0.12983597306727152 0.04110674932599068 3598
seq1_frame00015.png 0.6460851517273433 0.6095987558364868 -0.3249968886375427 0.32456174492836 -1.4075186252593994 2.339780569076538 9.194561004638672 0.22859965469200966 0.04084600508213043 3519
seq1_frame00016.png 0.6315122489873616 0.583513617515564 -0.3466269373893738 0.3749051094055176 -1.8058736324310303 2.6205496788024902 9.274407386779785 0.3689324545748272 0.06599940359592438 3440
seq1_frame00017.png 0.6236582430187333 0.5722102522850037 -0.3638048470020294 0.38893696665763855 -1.6581121683120728 2.6576101779937744 9.498003005981445 0.23135126043217277 0.02874579280614853 3367
seq1_frame00018.png 0.6367250984659445 0.5525150299072266 -0.35340845584869385 0.4054759740829468 -1.104628086090088 3.236737012863159 9.625890731811523 0.2676035299886468 0.047914810478687286 3659
seq1_frame00019.png 0.6263578678206275 0.552931010723114 -0.3618521988391876 0.4135288894176483 -0.7273411154747009 3.1812593936920166 9.86009407043457 0.38524764206787204 0.05827121064066887 3607
seq1_frame00020.png 0.6246713443340682 0.5428562760353088 -0.3770749866962433 0.4158211946487427 -0.2591775357723236 3.2527153491973877 10.040767669677734 0.23952819748786808 0.04610874503850937 3632
seq1_frame00021.png 0.6000273781209634 0.5474368929862976 -0.3956862688064575 0.4286167621612549 -0.07038606703281403 2.8872554302215576 10.3510103225708 0.2585694842333942 0.05728320777416229 3470
seq1_frame00022.png 0.5998155514635846 0.5283129215240479 -0.40683653950691223 0.44225645065307617 0.17664405703544617 3.1752424240112305 10.48953628540039 0.21084188322149053 0.04040107876062393 3018
seq1_frame00023.png 0.5898908368564865 0.5170674324035645 -0.4136965274810791 0.46208804845809937 0.4430764615535736 3.391357898712158 10.656882286071777 0.24097705136555703 0.0627535730600357 2741
seq1_frame00024.png 0.5945446477084694 0.5200197100639343 -0.41452932357788086 0.45195308327674866 1.4249669313430786 3.300501585006714 10.825247764587402 0.1839218932270753 0.0740886777639389 2516
seq1_frame00025.png 0.5792499390389898 0.49753642082214355 -0.44508057832717896 0.46779292821884155 1.2059860229492188 3.2627880573272705 11.270658493041992 0.43866937969174497 0.10147365182638168 2371
seq1_frame00026.png 0.5757265850826795 0.500910758972168 -0.45095381140708923 0.46289077401161194 1.9306720495224 2.9740688800811768 11.639925956726074 2.83881380892924 0.6306389570236206 2185
seq1_frame00027.png 0.5485667640141895 0.4820343554019928 -0.4634665548801422 0.5019124746322632 1.4758864641189575 3.307769536972046 12.030269622802734 1.4264097693545872 0.3611548840999603 1944
seq1_frame00028.png 0.5351726562594055 0.4680703580379486 -0.48635199666023254 0.5078997611999512 1.3869396448135376 3.0745182037353516 12.279294967651367 0.22781698438223494 0.06534060835838318 1774
seq1_frame00029.png 0.5292237631390753 0.48270854353904724 -0.4732178747653961 0.5128153562545776 2.126145124435425 3.075239419937134 12.382204055786133 1.2517386736672065 0.2823931574821472 1857
seq1_frame00030.png 0.5011196914988179 0.4674023389816284 -0.49466440081596375 0.5345290303230286 1.5565084218978882 2.973214626312256 12.340835571289062 0.06824927122907064 0.027818001806735992 1825
seq1_frame00031.png 0.5345493718246048 0.5088210105895996 -0.461036741733551 0.49275073409080505 3.8007912635803223 2.7103755474090576 11.557706832885742 0.2909797723817361 0.06512652337551117 2256
seq1_frame00032.png 0.5493327596900384 0.5351975560188293 -0.458089679479599 0.44938963651657104 5.263479709625244 1.6313939094543457 10.905743598937988 1.2190423446669438 0.2492470145225525 2249
seq1_frame00033.png 0.549336246095516 0.5567285418510437 -0.4460001587867737 0.43516308069229126 6.13048791885376 1.6260489225387573 10.241155624389648 0.8134467686488105 0.16480521857738495 2215
seq1_frame00034.png 0.5556179227516145 0.54575514793396 -0.44316747784614563 0.4438948929309845 6.595592498779297 1.8816179037094116 10.064786911010742 0.9627080131590099 0.18037879467010498 2286
seq1_frame00035.png 0.5568817406532907 0.5516440272331238 -0.45208626985549927 0.42566367983818054 7.145395755767822 1.508191466331482 9.803552627563477 1.018470638038346 0.20261500775814056 2091
seq1_frame00036.png 0.5564200006828216 0.5467168688774109 -0.44357919692993164 0.4412877559661865 7.547906875610352 1.6996484994888306 9.648419380187988 1.406287818616318 0.27655696868896484 2008
seq3_frame00001.png 0.6371575793979335 0.6201653480529785 -0.3313107192516327 0.3156870901584625 1.0074290037155151 2.0492794513702393 14.697266578674316 0.19699338119459878 0.07146696001291275 3930
seq3_frame00002.png 0.6342020517227279 0.6233662366867065 -0.3309723138809204 0.3156890869140625 1.023586630821228 1.9663560390472412 14.724698066711426 0.21681927258081693 0.10862936079502106 4039
seq3_frame00003.png 0.6333562089460035 0.6296008825302124 -0.32317832112312317 0.3130788505077362 1.2381564378738403 1.9010075330734253 14.743551254272461 0.19010821700589536 0.10903709381818771 4222
seq3_frame00004.png 0.6374517741755223 0.6356750726699829 -0.3128904700279236 0.3027738928794861 1.6258219480514526 1.887973666191101 14.610330581665039 0.3473100766945502 0.14886970818042755 5014
seq3_frame00005.png 0.6341254563955355 0.6409609913825989 -0.30214130878448486 0.30945849418640137 0.997925877571106 1.8443666696548462 14.019390106201172 0.1890942007184129 0.06573349237442017 5322
seq3_frame00006.png 0.6441834073424236 0.6509708166122437 -0.27274495363235474 0.2947455048561096 1.179093599319458 1.979604959487915 13.503140449523926 0.21524181904766135 0.06317039579153061 5433
seq3_frame00007.png 0.6401390276648989 0.6543728709220886 -0.2849116921424866 0.2843300700187683 0.6756224632263184 1.6555743217468262 13.010775566101074 0.13306205017112574 0.050763316452503204 5332
seq3_frame00008.png 0.6598472104739493 0.6411317586898804 -0.2659217119216919 0.2878149151802063 0.3747967481613159 2.27506947517395 12.329442024230957 0.1881690035705671 0.058098915964365005 5448
seq3_frame00009.png 0.6716255647957359 0.6544652581214905 -0.22965535521507263 0.2604857087135315 1.0693602561950684 2.2926745414733887 11.634968757629395 0.24025062339472913 0.024729184806346893 5069
seq3_frame00010.png 0.6705158094134805 0.6548033356666565 -0.24711944162845612 0.24611608684062958 0.7565755248069763 2.0275979042053223 10.99800968170166 0.2528139826406007 0.049697548151016235 5160
seq3_frame00011.png 0.6763426261426941 0.6458908915519714 -0.23721568286418915 0.2628961205482483 0.6150177121162415 2.374098062515259 10.256082534790039 0.41073772128737446 0.05924113094806671 5537
seq3_frame00012.png 0.6745810248645864 0.6490249037742615 -0.2636512815952301 0.23279860615730286 0.858513593673706 1.932485580444336 9.546974182128906 0.2639141072589292 0.05762980878353119 5262
seq3_frame00013.png 0.6712193636917854 0.6593258380889893 -0.2570571303367615 0.22062554955482483 1.2057785987854004 1.7379112243652344 8.818079948425293 0.29652924772151856 0.07277686148881912 5007
seq3_frame00014.png 0.6827152067389224 0.6613503694534302 -0.23431164026260376 0.20399436354637146 1.6493290662765503 1.8858877420425415 8.068710327148438 0.5153814220551267 0.12825122475624084 4802
seq3_frame00015.png 0.6955948481337567 0.6793385148048401 -0.1767551749944687 0.15298548340797424 2.5578062534332275 1.8634006977081299 7.317615509033203 0.3547954304163553 0.058103423565626144 4127
seq3_frame00016.png 0.7078268147170409 0.6749380230903625 -0.1517309993505478 0.1428903192281723 2.3099205493927 2.050870895385742 6.854562282562256 0.17005115306474136 0.04433290287852287 4524
seq3_frame00017.png 0.705506034307015 0.6922793984413147 -0.08274980634450912 0.12713366746902466 2.2362465858459473 1.9415327310562134 6.7299604415893555 0.9064635397780705 0.12093156576156616 3997
seq3_frame00018.png 0.6989912486458963 0.6843395829200745 -0.12977279722690582 0.1620173156261444 0.7262778878211975 2.0130574703216553 7.003056526184082 0.13616250248706194 0.021929940208792686 4422
seq3_frame00019.png 0.6980335619805941 0.6804824471473694 -0.1524513214826584 0.1626385599374771 -0.1516272872686386 1.958503246307373 7.404139041900635 0.05617756554152102 0.04342034459114075 4918
seq3_frame00020.png 0.6928092550450832 0.6849535703659058 -0.15368284285068512 0.16503193974494934 -0.9439905881881714 1.8116787672042847 7.596871376037598 0.38874776717195975 0.04595021530985832 5357
seq3_frame00021.png 0.6975492741368438 0.6836510896682739 -0.13311922550201416 0.1683019995689392 -1.5916177034378052 1.9191226959228516 8.0466947555542 0.37917330937905636 0.06832738220691681 5693
seq3_frame00022.png 0.6975642221079099 0.6925155520439148 -0.12518353760242462 0.1347421258687973 -1.6950838565826416 1.7279949188232422 8.299262046813965 0.21503053675064052 0.06907675415277481 5767
seq3_frame00023.png 0.7099431769311618 0.6825424432754517 -0.08590489625930786 0.15078742802143097 -2.1989078521728516 1.9681880474090576 8.455058097839355 0.2037778667941106 0.0264641884714365 5685
seq3_frame00024.png 0.7265205026409802 0.6728470325469971 -0.09016043692827225 0.10637655854225159 -1.657893419265747 2.3834564685821533 8.760995864868164 0.08543193276734677 0.008321484550833702 5460
seq3_frame00025.png 0.7269289204896885 0.6640229821205139 -0.13396720588207245 0.11269684880971909 -1.8677818775177002 2.53190541267395 8.773504257202148 0.11646135543468908 0.05598702281713486 5827
seq3_frame00026.png 0.7190047917423765 0.6752053499221802 -0.13624395430088043 0.09256016463041306 -1.0476579666137695 2.2213783264160156 8.680075645446777 0.1418679382596308 0.03207352012395859 5557
seq3_frame00027.png 0.7234011896399746 0.6534812450408936 -0.17982374131679535 0.131591796875 -1.4030545949935913 2.5060834884643555 8.242369651794434 0.17042222443574345 0.061146512627601624 5797
seq3_frame00028.png 0.6928150576134995 0.6714373826980591 -0.20418159663677216 0.165798157453537 -1.4545823335647583 1.943654179573059 8.014909744262695 0.15871363935211522 0.018505362793803215 5311
seq3_frame00029.png 0.6882022464487054 0.6729323267936707 -0.18900738656520844 0.1944630891084671 -0.8904853463172913 1.8874317407608032 7.794195175170898 0.3756737712443504 0.14728723466396332 5130
seq3_frame00030.png 0.683540824753706 0.6574229001998901 -0.2359389215707779 0.21189594268798828 -0.8184522390365601 1.978628158569336 7.576065540313721 0.35730894003091995 0.0531717911362648 5444
seq3_frame00031.png 0.6725326478538625 0.6344441175460815 -0.2652597725391388 0.2735283374786377 -1.0385843515396118 2.230822801589966 7.281410217285156 0.2257813745661596 0.023512650281190872 5783
seq3_frame00032.png 0.6586084500012368 0.6244536638259888 -0.2843001186847687 0.3089756667613983 -0.9105484485626221 2.2166173458099365 7.327985763549805 0.07093223490209645 0.012448900379240513 5774
seq3_frame00033.png 0.6394459831948746 0.5955542325973511 -0.3236151337623596 0.36290112137794495 -1.2106599807739258 2.380559206008911 7.054449558258057 0.07400531977060633 0.019079018384218216 5854
seq3_frame00034.png 0.6246570550562514 0.578376293182373 -0.343582421541214 0.3965294361114502 -1.0932226181030273 2.4225285053253174 7.173127174377441 0.19132821952574922 0.030533216893672943 5598
seq3_frame00035.png 0.6256791176478714 0.5824827551841736 -0.3432755470275879 0.38910338282585144 -0.21337074041366577 2.4705233573913574 7.320925235748291 0.13866812803561204 0.03054099902510643 5815
seq3_frame00036.png 0.5947730383909984 0.5630277395248413 -0.37782201170921326 0.4318510890007019 -0.47778981924057007 2.4307751655578613 7.485789775848389 0.3152624289024537 0.03399179130792618 5445
seq3_frame00037.png 0.5751740393537876 0.5306255221366882 -0.4250408411026001 0.4549194276332855 -0.5715129971504211 2.339780569076538 7.53037166595459 0.04639527056166157 0.04320838302373886 4445
seq3_frame00038.png 0.5530465586079033 0.5044211149215698 -0.4372542202472687 0.49850529432296753 -0.6094926595687866 2.654611825942993 7.5805559158325195 0.3940323325575662 0.06344536691904068 4294
seq3_frame00039.png 0.5292461164361887 0.47862908244132996 -0.4767686426639557 0.51332688331604 -0.6809145212173462 2.388617753982544 7.804996013641357 0.168145543626521 0.05872195586562157 2158
seq3_frame00040.png 0.5109383770090291 0.4977361857891083 -0.4528953731060028 0.5348705053329468 0.01287810318171978 2.553774118423462 8.028117179870605 0.17783041836426852 0.038142088800668716 2844
seq3_frame00041.png 0.5125558483213294 0.5065828561782837 -0.4466117322444916 0.5302813053131104 0.9450234770774841 2.606666088104248 8.18604850769043 0.18263749749799557 0.028035610914230347 3461
seq3_frame00042.png 0.5072281682171045 0.48983120918273926 -0.45589756965637207 0.543086051940918 1.404517412185669 2.7664051055908203 8.40442180633545 0.1591268791371142 0.0341186560690403 4686
seq3_frame00043.png 0.4815207392287016 0.48149481415748596 -0.47674670815467834 0.5558894872665405 1.5568078756332397 2.505028486251831 8.636588096618652 0.4137323590320284 0.04537471383810043 4584
seq3_frame00044.png 0.4729973804387736 0.4689708352088928 -0.47085854411125183 0.5784739255905151 2.038090229034424 2.968137502670288 8.651053428649902 0.11498312640748377 0.022215550765395164 5012
seq3_frame00045.png 0.4391427554132132 0.4447762668132782 -0.5046327114105225 0.5955447554588318 1.849485993385315 2.688098907470703 8.973821640014648 0.4189051334308288 0.07019100338220596 4921
seq3_frame00046.png 0.44600285347164303 0.43955904245376587 -0.48805224895477295 0.6080083847045898 2.65008282661438 3.2034666538238525 8.814484596252441 0.10724351489176102 0.01764557510614395 4836
seq3_frame00047.png 0.4192212092449564 0.42632943391799927 -0.5132874250411987 0.6156564354896545 2.743715524673462 2.877567768096924 9.184820175170898 0.4023151642258232 0.08011268824338913 4956
seq3_frame00048.png 0.421320254344018 0.43538087606430054 -0.5046148300170898 0.615058183670044 3.603881597518921 3.079068422317505 9.035299301147461 0.23468460619055054 0.032400377094745636 5038
seq3_frame00049.png 0.389666301973313 0.4233435392379761 -0.5202429890632629 0.6311003565788269 3.584965705871582 3.1361007690429688 9.35746955871582 0.09712662401890358 0.006980227772146463 5042
seq3_frame00050.png 0.38934010177611306 0.41487830877304077 -0.5238013863563538 0.6339734196662903 4.140212535858154 3.135913848876953 9.23713493347168 0.18254160804535094 0.016316965222358704 4986
seq3_frame00051.png 0.34884929864740943 0.3886926472187042 -0.5460698008537292 0.6550039052963257 3.7503502368927 3.234299898147583 9.675187110900879 0.5162957069085563 0.06981273740530014 5370
seq3_frame00052.png 0.35571222777662603 0.3866730332374573 -0.5520966053009033 0.6474117636680603 4.52877140045166 3.0704729557037354 9.54175853729248 0.8191958135784043 0.10747300088405609 5290
seq3_frame00053.png 0.36759268307964177 0.3755530118942261 -0.5380116105079651 0.6590744256973267 5.244645595550537 3.5918991565704346 9.34909725189209 0.2198492218698713 0.02844393067061901 4746
seq3_frame00054.png 0.41536560539467865 0.3888908922672272 -0.5199743509292603 0.6370729804039001 6.943144798278809 3.515512704849243 8.707770347595215 0.3310123115199742 0.05321374535560608 4159
seq3_frame00055.png 0.38240201688125935 0.3857216238975525 -0.5504305958747864 0.6340455412864685 6.677264213562012 3.567756414413452 9.678044319152832 0.6236826624429942 0.09518338739871979 4407
seq3_frame00056.png 0.3178515676202815 0.3400040864944458 -0.5731991529464722 0.674396276473999 4.859143257141113 3.411370038986206 11.103450775146484 0.19262519507589795 0.03221859037876129 5176
seq3_frame00057.png 0.29195438249227756 0.33767110109329224 -0.5788442492485046 0.6824076771736145 4.39214563369751 3.504438877105713 11.899852752685547 0.09834045669014195 0.0078118788078427315 5237
seq3_frame00058.png 0.24858995072889914 0.30182620882987976 -0.5947056412696838 0.7024450898170471 3.1311912536621094 3.5596814155578613 12.973804473876953 0.18202101956454902 0.02693236991763115 5323
seq3_frame00059.png 0.25247121887273627 0.29157593846321106 -0.6113703846931458 0.6909906268119812 3.619910478591919 3.184629201889038 13.51672077178955 0.23012598852809593 0.03157251328229904 5394
seq3_frame00060.png 0.23140560091239554 0.29755038022994995 -0.6094680428504944 0.6974696516990662 3.6996569633483887 3.3771843910217285 14.250828742980957 0.14231584925879553 0.029516449198126793 5367
seq3_frame00061.png 0.2516615069508649 0.2924256920814514 -0.6196652054786682 0.683497428894043 4.761213779449463 3.008718967437744 14.576175689697266 0.1478005712035951 0.024893997237086296 5506
seq3_frame00062.png 0.2415833226113153 0.29915177822113037 -0.6148588061332703 0.6885450482368469 5.167214870452881 3.2822368144989014 15.181917190551758 0.28500207619750556 0.0600224994122982 5599
seq3_frame00063.png 0.24159523746004796 0.2985605299472809 -0.6187506318092346 0.6853036284446716 5.830512523651123 3.2162137031555176 15.45946979522705 0.35557991499512825 0.027806255966424942 5593
seq3_frame00064.png 0.2407157544760092 0.27800220251083374 -0.6126708984375 0.699574887752533 5.931826114654541 3.812284469604492 16.02157211303711 0.11702626010381674 0.013083100318908691 5651
seq3_frame00065.png 0.224377546219685 0.25523871183395386 -0.6332099437713623 0.6953797340393066 5.629801273345947 3.2586939334869385 16.739925384521484 0.2043697186939481 0.03367897868156433 5545
seq3_frame00066.png 0.20045701592475584 0.20089727640151978 -0.6550389528274536 0.700272262096405 4.269649505615234 2.927978515625 17.482616424560547 0.30255126009407485 0.03404843062162399 5456
seq3_frame00067.png 0.16603958627302323 0.1572210043668747 -0.6741690635681152 0.702288031578064 2.5652012825012207 2.498549222946167 18.20536994934082 0.2190815592999721 0.034079160541296005 4950
