frame-000000.color.jpg 0.006189739914102678 0.07993664592504501 -0.8948001265525818 0.4392090141773224 0.5386587381362915 0.9545943140983582 0.9319907426834106
frame-000001.color.jpg 0.008811196909009727 0.08388311415910721 -0.8958141207695007 0.43635210394859314 0.5406090021133423 0.9691508412361145 0.9426698684692383
frame-000002.color.jpg 0.005283406629973061 0.08768310397863388 -0.8943051099777222 0.43875062465667725 0.5423367619514465 0.9677417874336243 0.9372379183769226
frame-000003.color.jpg 0.007445461303930233 0.09466850012540817 -0.8967339992523193 0.43226203322410583 0.542391300201416 0.9628387689590454 0.9340366125106812
frame-000004.color.jpg 0.0027606015096274363 0.08543320745229721 -0.8756941556930542 0.47524017095565796 0.5100634694099426 1.067846417427063 0.8612110614776611
frame-000005.color.jpg 0.003449031824968881 0.08352771401405334 -0.8742189407348633 0.4782807528972626 0.5122277140617371 1.0841187238693237 0.8565828204154968
frame-000006.color.jpg 0.014208271836194634 -0.08288073539733887 0.8580288887023926 -0.5066708326339722 0.4506331980228424 1.1664048433303833 0.8365249037742615
frame-000007.color.jpg 0.014597330595245721 -0.0754653662443161 0.8569132685661316 -0.5096976161003113 0.45909249782562256 1.1607098579406738 0.8390516042709351
frame-000008.color.jpg 0.020380353445902895 -0.06966974586248398 0.8570838570594788 -0.5100371241569519 0.45011547207832336 1.1588375568389893 0.844499945640564
frame-000009.color.jpg 0.02448583874248216 -0.06306257843971252 0.8535336852073669 -0.5166273713111877 0.4339677095413208 1.16427481174469 0.8275065422058105
frame-000010.color.jpg 0.02479759554797053 -0.0650375559926033 0.8545528054237366 -0.5146792531013489 0.4272577166557312 1.1677746772766113 0.8311887383460999
frame-000011.color.jpg 0.030698557922443727 -0.05873287841677666 0.8521843552589417 -0.5190277695655823 0.4197719991207123 1.177819013595581 0.8226894736289978
frame-000012.color.jpg 0.04134616105161926 -0.05164583772420883 0.8495491147041321 -0.5233443975448608 0.3951648771762848 1.185634732246399 0.8275597095489502
frame-000013.color.jpg 0.04223170785422217 -0.05262668803334236 0.8498878479003906 -0.5226256251335144 0.3887506425380707 1.1876552104949951 0.8274935483932495
frame-000014.color.jpg 0.04891012611046609 -0.04299280419945717 0.8488205075263977 -0.5246553421020508 0.3881419599056244 1.187848687171936 0.8318728804588318
frame-000015.color.jpg 0.05064556642434906 -0.04107491299510002 0.8427689671516418 -0.5343112349510193 0.38013437390327454 1.205951452255249 0.81320720911026
frame-000016.color.jpg 0.0502629157455546 -0.04132862016558647 0.8418487310409546 -0.5357763767242432 0.37983742356300354 1.2084888219833374 0.8095300197601318
frame-000017.color.jpg 0.05000169943578024 -0.037200216203927994 0.8305232524871826 -0.5534862875938416 0.3826148211956024 1.2449630498886108 0.7587881088256836
frame-000018.color.jpg 0.052718940427376654 -0.03756082057952881 0.8176791667938232 -0.5720232725143433 0.36624205112457275 1.2940407991409302 0.7066153883934021
frame-000019.color.jpg 0.05360436525876965 -0.03666817396879196 0.816429853439331 -0.5737808346748352 0.3654356896877289 1.2963682413101196 0.7013700008392334
frame-000020.color.jpg 0.05117488362746803 -0.036787208169698715 0.8051542639732361 -0.58970707654953 0.37603649497032166 1.3385647535324097 0.6470783948898315
frame-000021.color.jpg 0.04820845452005174 -0.03841206803917885 0.7971975207328796 -0.6005635261535645 0.3884292542934418 1.3626658916473389 0.6094222068786621
frame-000022.color.jpg 0.04858781023472905 -0.03897431865334511 0.7962843179702759 -0.6017072200775146 0.38843339681625366 1.3672996759414673 0.6048338413238525
frame-000023.color.jpg 0.04247682042354467 -0.04707713797688484 0.7877890467643738 -0.6126728653907776 0.3878810405731201 1.3928918838500977 0.5649805068969727
frame-000024.color.jpg 0.040723817159700915 -0.04838241636753082 0.7862845659255981 -0.6146196722984314 0.3892231583595276 1.3996282815933228 0.556927502155304
frame-000025.color.jpg 0.03594311171543384 -0.050220850855112076 0.7823588252067566 -0.6197584271430969 0.3978334665298462 1.4100511074066162 0.5403999090194702
frame-000026.color.jpg 0.022526103130969862 -0.0525796003639698 0.7770673036575317 -0.6268128156661987 0.4258567690849304 1.4227105379104614 0.5079346895217896
frame-000027.color.jpg 0.019912313581822324 -0.05560552328824997 0.777513325214386 -0.6260866522789001 0.4249398410320282 1.4258280992507935 0.5089185237884521
frame-000028.color.jpg 0.003298709766552497 -0.07171005010604858 0.7807770371437073 -0.620672345161438 0.4214755594730377 1.4459843635559082 0.5112563967704773
frame-000029.color.jpg 0.015132640355308879 0.07605961710214615 -0.7884500026702881 0.6101906895637512 0.4579033851623535 1.4431867599487305 0.51569002866745
frame-000030.color.jpg 0.015376633376388426 0.07627972215414047 -0.7891111373901367 0.6093016266822815 0.4564162492752075 1.444688320159912 0.5144975781440735
frame-000031.color.jpg 0.029984346436157577 0.09481891989707947 -0.7943392992019653 0.5992791056632996 0.4398275911808014 1.4646838903427124 0.4796190559864044
frame-000032.color.jpg 0.04413441862401763 0.1095835492014885 -0.7918222546577454 0.5992169976234436 0.4355527460575104 1.4789503812789917 0.4383682608604431
frame-000033.color.jpg 0.045250055334089746 0.11264453083276749 -0.7902257442474365 0.6006721258163452 0.43569299578666687 1.4849514961242676 0.4277184009552002
frame-000034.color.jpg 0.058303132389260034 0.12026558816432953 -0.7861714363098145 0.6033833026885986 0.450496643781662 1.5001925230026245 0.39531320333480835
frame-000035.color.jpg 0.05915043760682184 0.1223876029253006 -0.7863812446594238 0.6026002168655396 0.4461252689361572 1.4991854429244995 0.39370977878570557
frame-000036.color.jpg 0.05842689870677103 0.13250447809696198 -0.781344473361969 0.6070664525032043 0.39537206292152405 1.5192089080810547 0.35786527395248413
frame-000037.color.jpg 0.0640447950086677 0.13190864026546478 -0.7786989808082581 0.6100214719772339 0.3920058012008667 1.5212525129318237 0.3395453691482544
frame-000038.color.jpg 0.058244938108958026 0.12571480870246887 -0.7790428996086121 0.6114699244499207 0.3646725118160248 1.5320920944213867 0.358090877532959
frame-000039.color.jpg 0.06017749998114248 0.12688417732715607 -0.7767575979232788 0.6139436364173889 0.35604703426361084 1.538682222366333 0.3547101616859436
frame-000040.color.jpg 0.06203452234297331 0.1293642222881317 -0.7769256830215454 0.613027811050415 0.3467000424861908 1.536736011505127 0.36059972643852234
frame-000041.color.jpg 0.07250731247161599 0.14907269179821014 -0.7801951766014099 0.6031712293624878 0.28283989429473877 1.5271962881088257 0.4013012647628784
frame-000042.color.jpg 0.07899599991990883 0.15829142928123474 -0.7808699011802673 0.5991207957267761 0.25563910603523254 1.5207692384719849 0.4117429256439209
frame-000043.color.jpg 0.08450819475174867 0.17042627930641174 -0.7783980965614319 0.598255455493927 0.18362072110176086 1.5189515352249146 0.4149378836154938
frame-000044.color.jpg 0.09175936646849203 0.1739020049571991 -0.775631308555603 0.5997785925865173 0.15823613107204437 1.519684910774231 0.4040983319282532
frame-000045.color.jpg 0.09720540162970302 0.17796798050403595 -0.7735324501991272 0.6004382371902466 0.13684991002082825 1.5234906673431396 0.3994147479534149
frame-000046.color.jpg 0.10282094095763182 0.18228918313980103 -0.7688405513763428 0.6042208075523376 0.11120579391717911 1.5271011590957642 0.3868873417377472
frame-000047.color.jpg 0.1108511235339894 0.18750788271427155 -0.7658125758171082 0.6050485968589783 0.09669201821088791 1.5287132263183594 0.3854789733886719
frame-000048.color.jpg 0.11528699651241327 0.1921013742685318 -0.7668231129646301 0.6014884114265442 0.07601368427276611 1.527411937713623 0.39869382977485657
frame-000049.color.jpg 0.11672442644808818 0.19519510865211487 -0.7671270370483398 0.5998254418373108 0.050622496753931046 1.5244076251983643 0.41075798869132996
frame-000050.color.jpg 0.11869191125228722 0.19509118795394897 -0.7658687233924866 0.6010795831680298 0.04095249995589256 1.52321457862854 0.4114312529563904
frame-000051.color.jpg 0.1202977535256784 0.19588227570056915 -0.7640706896781921 0.6027888655662537 0.02250860072672367 1.520861029624939 0.4128230810165405
frame-000052.color.jpg 0.12210714426437488 0.19340291619300842 -0.7643156051635742 0.6029152870178223 0.01766400970518589 1.5223485231399536 0.4172143340110779
frame-000053.color.jpg 0.12413070535811449 0.19158346951007843 -0.7633044123649597 0.6043623089790344 0.013151776976883411 1.5190178155899048 0.41903284192085266
frame-000054.color.jpg 0.1270249000927434 0.1894799768924713 -0.7630445957183838 0.6047520637512207 0.012927601113915443 1.5155481100082397 0.41936883330345154
frame-000055.color.jpg 0.12968078474418734 0.19012510776519775 -0.7638503313064575 0.6029660105705261 0.007873354479670525 1.5094257593154907 0.42902958393096924
frame-000056.color.jpg 0.12718878404058567 0.1834305375814438 -0.7697405219078064 0.5980598330497742 0.007376187480986118 1.5030300617218018 0.44867026805877686
frame-000057.color.jpg 0.12135378331366821 0.17210057377815247 -0.7715227007865906 0.600339412689209 0.007844915613532066 1.49917471408844 0.4314902424812317
frame-000058.color.jpg 0.11023171680891088 0.16284675896167755 -0.7724143862724304 0.6039089560508728 -0.007153335027396679 1.4988292455673218 0.40893569588661194
frame-000059.color.jpg 0.1014472419892316 0.15171167254447937 -0.7770213484764099 0.6024366021156311 -0.012049419805407524 1.4973243474960327 0.40709781646728516
frame-000060.color.jpg 0.09068335856964321 0.1411198079586029 -0.7822232246398926 0.5999903678894043 -0.015593322925269604 1.4853816032409668 0.4076021611690521
frame-000061.color.jpg 0.09369968405340423 0.13448309898376465 -0.7808264493942261 0.6028638482093811 0.00017981859855353832 1.488501787185669 0.3823404312133789
frame-000062.color.jpg 0.10911707986260351 0.16581979393959045 -0.7790710926055908 0.5946811437606812 -0.07033035159111023 1.472665548324585 0.39844655990600586
frame-000063.color.jpg 0.11264500289482544 0.17443673312664032 -0.7783684134483337 0.592474102973938 -0.09325512498617172 1.4679893255233765 0.4012156128883362
frame-000064.color.jpg 0.11958517593735052 0.18516112864017487 -0.7783408164978027 0.5878777503967285 -0.12737397849559784 1.457730770111084 0.4163877069950104
frame-000065.color.jpg 0.12458846402224312 0.191543310880661 -0.7776092886924744 0.5857581496238708 -0.144028902053833 1.4567848443984985 0.42217063903808594
frame-000066.color.jpg 0.12955891682068504 0.19733402132987976 -0.7780845165252686 0.5821152329444885 -0.1577157974243164 1.4555896520614624 0.43498268723487854
frame-000067.color.jpg 0.13576314139230772 0.20836031436920166 -0.7753045558929443 0.5805662870407104 -0.1804632693529129 1.4509773254394531 0.43521127104759216
frame-000068.color.jpg 0.14236937719629486 0.2116367518901825 -0.7756143808364868 0.5773762464523315 -0.18210341036319733 1.4527356624603271 0.4434216618537903
frame-000069.color.jpg 0.1436684968549541 0.21447442471981049 -0.7746259570121765 0.5773341655731201 -0.19636328518390656 1.4440617561340332 0.4425850212574005
frame-000070.color.jpg 0.13786605787400705 0.20853224396705627 -0.7769354581832886 0.5778222680091858 -0.19644086062908173 1.4416558742523193 0.4351813793182373
frame-000071.color.jpg 0.1376578957529803 0.20929469168186188 -0.7774522304534912 0.5769004225730896 -0.20268374681472778 1.433721661567688 0.4379199147224426
frame-000072.color.jpg 0.13350874718428243 0.20846065878868103 -0.7796326875686646 0.5752324461936951 -0.20710140466690063 1.4252983331680298 0.442978173494339
frame-000073.color.jpg 0.13225007223952076 0.20420190691947937 -0.7806676626205444 0.5756469368934631 -0.21286936104297638 1.4203816652297974 0.44266536831855774
frame-000074.color.jpg 0.13134607653521982 0.20010367035865784 -0.7803376913070679 0.5777367353439331 -0.21248562633991241 1.4194778203964233 0.43471261858940125
frame-000075.color.jpg 0.1314546799769562 0.19746138155460358 -0.7864004373550415 0.5703533887863159 -0.21012145280838013 1.4055110216140747 0.45928865671157837
frame-000076.color.jpg 0.11536017631647671 0.19517619907855988 -0.806433916091919 0.5461342334747314 -0.22149862349033356 1.360985279083252 0.5396969318389893
frame-000077.color.jpg 0.11121388538298445 0.1959741860628128 -0.8116580247879028 0.5389218330383301 -0.2209063321352005 1.3527933359146118 0.5652774572372437
frame-000078.color.jpg 0.10881822429239307 0.191909059882164 -0.8203022480010986 0.5276682376861572 -0.20648832619190216 1.3309355974197388 0.6056862473487854
frame-000079.color.jpg 0.09013083050845877 0.18217289447784424 -0.8359490036964417 0.509783148765564 -0.20850513875484467 1.292304277420044 0.6625635623931885
frame-000080.color.jpg 0.07043587881045253 0.17893622815608978 -0.8475062847137451 0.49472588300704956 -0.22197265923023224 1.2659353017807007 0.70407634973526
frame-000081.color.jpg 0.053238915334323615 0.1711287796497345 -0.8563221096992493 0.4843480587005615 -0.2321045994758606 1.2374341487884521 0.7385891675949097
frame-000082.color.jpg 0.039995922773230774 0.1602545529603958 -0.8636183142662048 0.47632157802581787 -0.24659457802772522 1.2116893529891968 0.7576465010643005
frame-000083.color.jpg 0.025800897277708384 0.15123605728149414 -0.8665720224380493 0.4748840928077698 -0.26287874579429626 1.1937949657440186 0.7557492852210999
frame-000084.color.jpg 0.004711686024703801 0.14110557734966278 -0.8772510886192322 0.45880022644996643 -0.2907608449459076 1.1514592170715332 0.7823120355606079
frame-000085.color.jpg 0.006257568686170388 -0.13565963506698608 0.8850533366203308 -0.445239394903183 -0.3140093684196472 1.1102818250656128 0.8130607604980469
frame-000086.color.jpg 0.014985195185256844 -0.13445986807346344 0.8938329815864563 -0.4275028109550476 -0.3307490944862366 1.07235586643219 0.843183159828186
frame-000087.color.jpg 0.030908147557361487 -0.12371454387903214 0.9059934020042419 -0.4036279022693634 -0.33807802200317383 1.0125420093536377 0.8740124106407166
frame-000088.color.jpg 0.03297156036040097 -0.10805495828390121 0.9128137230873108 -0.3924385905265808 -0.3270224928855896 0.983782172203064 0.8795931339263916
frame-000089.color.jpg 0.03176376904432437 -0.09074040502309799 0.9246430993080139 -0.3685001730918884 -0.3154170513153076 0.9402646422386169 0.9208685159683228
frame-000090.color.jpg 0.03507533888522912 -0.08484609425067902 0.9270529747009277 -0.3635155260562897 -0.31376364827156067 0.9181530475616455 0.9248366951942444
frame-000091.color.jpg 0.04025713819367558 -0.07680611312389374 0.9230369925498962 -0.3748105466365814 -0.3244887590408325 0.9466693997383118 0.8941504955291748
frame-000092.color.jpg 0.052818936716247884 -0.007060897536575794 0.9114569425582886 -0.40792983770370483 -0.25956588983535767 1.0695881843566895 0.8062815070152283
frame-000093.color.jpg 0.07273606553619927 0.0448535718023777 0.904761016368866 -0.4172590374946594 -0.24774298071861267 1.1179906129837036 0.7710564136505127
frame-000094.color.jpg 0.10356581569902756 0.0739893689751625 0.8837627172470093 -0.4502923786640167 -0.2779422998428345 1.1890422105789185 0.6757344603538513
frame-000095.color.jpg 0.1309089287990296 0.09589766710996628 0.8633081912994385 -0.4778759479522705 -0.2986186742782593 1.2489100694656372 0.5781850218772888
frame-000096.color.jpg 0.14765726956490036 0.11468545347452164 0.8517546057701111 -0.48944738507270813 -0.29492178559303284 1.2768027782440186 0.5334815382957458
frame-000097.color.jpg 0.15974037567501975 0.13254554569721222 0.8443731069564819 -0.49391162395477295 -0.2944169044494629 1.3041752576828003 0.5163173675537109
frame-000098.color.jpg 0.18035672796254396 0.15811190009117126 0.8355728983879089 -0.4942570626735687 -0.2951257526874542 1.3205314874649048 0.48759132623672485
frame-000099.color.jpg 0.19316702172136524 0.17878349125385284 0.8239867091178894 -0.5017657279968262 -0.28051456809043884 1.3408931493759155 0.4474662244319916
frame-000100.color.jpg 0.2035340124700509 0.19777914881706238 0.8129504323005676 -0.5084967017173767 -0.26323843002319336 1.363135814666748 0.42263707518577576
frame-000101.color.jpg 0.21050489847510667 0.21532778441905975 0.805010974407196 -0.5111545324325562 -0.22757703065872192 1.3813937902450562 0.4130271375179291
frame-000102.color.jpg 0.21229189115551955 0.23992522060871124 0.8014623522758484 -0.5050011277198792 -0.17199687659740448 1.3873006105422974 0.42488348484039307
frame-000103.color.jpg 0.21297052269430405 0.2459082305431366 0.8003367781639099 -0.5036206245422363 -0.15956704318523407 1.398787021636963 0.4040737748146057
frame-000104.color.jpg 0.2265051227128548 0.24620793759822845 0.7988727688789368 -0.499879390001297 -0.1767032891511917 1.3992748260498047 0.38377946615219116
frame-000105.color.jpg 0.2273630952718191 0.26575666666030884 0.7929797172546387 -0.4988614320755005 -0.10972505807876587 1.4312502145767212 0.36601951718330383
frame-000106.color.jpg 0.24551392814257514 0.2995040714740753 0.7771275639533997 -0.4960775375366211 -0.002573612844571471 1.4599988460540771 0.34533172845840454
frame-000107.color.jpg 0.26761867678651285 0.3260580003261566 0.7704039812088013 -0.47806283831596375 0.05185386911034584 1.4749705791473389 0.3727182447910309
frame-000108.color.jpg 0.282154798343597 0.3476548492908478 0.7559763789176941 -0.47751912474632263 0.1391073316335678 1.4758477210998535 0.3580499589443207
frame-000109.color.jpg 0.29679866872527494 0.37669339776039124 0.7455393671989441 -0.4627997577190399 0.19256283342838287 1.4628844261169434 0.3979995846748352
frame-000110.color.jpg 0.30935525188154595 0.3970033824443817 0.7316785454750061 -0.45971113443374634 0.21920891106128693 1.4540132284164429 0.4064442217350006
frame-000111.color.jpg 0.31979146372796224 0.4236002564430237 0.7246169447898865 -0.4395754039287567 0.18786932528018951 1.4315857887268066 0.4403923749923706
frame-000112.color.jpg 0.32935734427515656 0.44178318977355957 0.7117284536361694 -0.4356534779071808 0.1608564257621765 1.41705322265625 0.4355621933937073
frame-000113.color.jpg 0.33615690961198263 0.45993876457214355 0.7051408886909485 -0.4221743941307068 0.11954707652330399 1.3842231035232544 0.45778214931488037
frame-000114.color.jpg 0.3460446770388988 0.4859691560268402 0.694088876247406 -0.40289920568466187 0.08419793099164963 1.3619271516799927 0.4719815254211426
frame-000115.color.jpg 0.3456960344580529 0.4949788451194763 0.6856547594070435 -0.4066542387008667 0.08202488720417023 1.3619229793548584 0.4489193558692932
frame-000116.color.jpg 0.34227464581381656 0.497138112783432 0.6849371194839478 -0.4081210196018219 0.06531313806772232 1.365378975868225 0.43889135122299194
frame-000117.color.jpg 0.3374635441409945 0.5055119395256042 0.6894978284835815 -0.3939145803451538 0.031245553866028786 1.3564399480819702 0.47243690490722656
frame-000118.color.jpg 0.33643252303008814 0.5219577550888062 0.6835625171661377 -0.38355642557144165 0.03527753800153732 1.3570058345794678 0.48881223797798157
frame-000119.color.jpg 0.34026173208988447 0.535529375076294 0.6743438839912415 -0.37774398922920227 0.03418411687016487 1.3625773191452026 0.48680827021598816
frame-000120.color.jpg 0.34003932378821095 0.542765200138092 0.6688606142997742 -0.377365380525589 0.0412282757461071 1.3622456789016724 0.49142053723335266
frame-000121.color.jpg 0.3375684642901951 0.5666807293891907 0.6694728136062622 -0.34165284037590027 0.019164428114891052 1.3151315450668335 0.5662675499916077
frame-000122.color.jpg 0.33502485287605377 0.577682614326477 0.6646140813827515 -0.3351556658744812 0.0344698540866375 1.3049899339675903 0.5834054946899414
frame-000123.color.jpg 0.33095305858352736 0.5903220772743225 0.6639196276664734 -0.31812044978141785 0.03144148737192154 1.2693560123443604 0.6288608908653259
frame-000124.color.jpg 0.32938874778858984 0.5963773727416992 0.6609696745872498 -0.3145729601383209 0.03572763130068779 1.2522733211517334 0.6404836773872375
frame-000125.color.jpg 0.3226884694627187 0.5919194221496582 0.6691922545433044 -0.3125465512275696 0.02912965603172779 1.2321287393569946 0.6656279563903809
frame-000126.color.jpg 0.32377043209954953 0.5939915776252747 0.6646111011505127 -0.31723642349243164 0.05813191831111908 1.2311427593231201 0.6669521927833557
frame-000127.color.jpg 0.3252468852496627 0.6033877730369568 0.656102180480957 -0.3157017230987549 0.09463930130004883 1.2232176065444946 0.6855762004852295
frame-000128.color.jpg 0.31689191752368134 0.6171939969062805 0.6487316489219666 -0.312727153301239 0.1717359572649002 1.1752437353134155 0.7452751994132996
frame-000129.color.jpg 0.32382784067750053 0.6196438670158386 0.646451473236084 -0.3054135739803314 0.15966399013996124 1.1588735580444336 0.7737445831298828
frame-000130.color.jpg 0.33003204561231336 0.6214925646781921 0.6402683854103088 -0.3080297112464905 0.16304528713226318 1.1598401069641113 0.7720807194709778
frame-000131.color.jpg 0.33437208044221495 0.6275679469108582 0.6328925490379333 -0.30626925826072693 0.16831396520137787 1.1540021896362305 0.7739112973213196
frame-000132.color.jpg 0.3523336705717483 0.6447455286979675 0.6098085641860962 -0.2971495985984802 0.14480455219745636 1.1646312475204468 0.7682601809501648
frame-000133.color.jpg 0.3649805234716816 0.6544803380966187 0.5922192931175232 -0.29617729783058167 0.14341585338115692 1.1790717840194702 0.7524123191833496
frame-000134.color.jpg 0.38039883367013344 0.6689388155937195 0.5692722797393799 -0.28938987851142883 0.12306928634643555 1.1942485570907593 0.7374557852745056
frame-000135.color.jpg 0.39064076832780353 0.6788194179534912 0.55489182472229 -0.28053343296051025 0.11412186920642853 1.1925121545791626 0.7426247000694275
frame-000136.color.jpg 0.40167054476839614 0.6902976632118225 0.5321893095970154 -0.2809348702430725 0.12244423478841782 1.2103954553604126 0.7243853807449341
frame-000137.color.jpg 0.40809483861238327 0.6931750774383545 0.5270742177963257 -0.27415257692337036 0.0985502153635025 1.216286540031433 0.7162635326385498
frame-000138.color.jpg 0.41249500080764423 0.7017070651054382 0.5188125967979431 -0.2613207697868347 0.058831337839365005 1.2241919040679932 0.7139649391174316
frame-000139.color.jpg 0.4117938988137585 0.7051172852516174 0.5149369239807129 -0.2609125077724457 0.040375128388404846 1.2284996509552002 0.708065390586853
frame-000140.color.jpg 0.41519166120771883 0.707055926322937 0.5112653374671936 -0.25747936964035034 0.010473890230059624 1.2388252019882202 0.6893115043640137
frame-000141.color.jpg 0.4192389585930986 0.7045217156410217 0.5110797882080078 -0.2582348883152008 -0.010483856312930584 1.253096342086792 0.6616964936256409
frame-000142.color.jpg 0.4275174988299557 0.6921727657318115 0.5152208209037781 -0.26957961916923523 -0.03694794327020645 1.2763087749481201 0.6089863181114197
frame-000143.color.jpg 0.4343075246198659 0.6822893619537354 0.5177375674247742 -0.27893733978271484 -0.053324684500694275 1.292125940322876 0.5759362578392029
frame-000144.color.jpg 0.4424410241095207 0.6783506274223328 0.5114442706108093 -0.2872477173805237 -0.04975225403904915 1.3141790628433228 0.5386421084403992
frame-000145.color.jpg 0.45365888700849244 0.6812881827354431 0.4935202896595001 -0.2940710186958313 -0.03678745776414871 1.3564536571502686 0.49950581789016724
frame-000146.color.jpg 0.4668500492098755 0.6802447438240051 0.48238930106163025 -0.2943103015422821 -0.044387053698301315 1.391756296157837 0.463456928730011
frame-000147.color.jpg 0.47240626466713403 0.6778714656829834 0.4794137179851532 -0.29577887058258057 -0.04669612646102905 1.411490797996521 0.44261178374290466
frame-000148.color.jpg 0.48132054460440754 0.6715757846832275 0.47822999954223633 -0.29767876863479614 -0.055283039808273315 1.4288158416748047 0.4147135615348816
frame-000149.color.jpg 0.4996401462371926 0.6596553325653076 0.47240278124809265 -0.3033977448940277 -0.06274905055761337 1.457816243171692 0.35304394364356995
frame-000150.color.jpg 0.512392063766722 0.6531548500061035 0.46787768602371216 -0.30320557951927185 -0.0708056315779686 1.4768098592758179 0.3147084414958954
frame-000151.color.jpg 0.5344687708250888 0.6469839811325073 0.4553782343864441 -0.297296941280365 -0.08562341332435608 1.4964054822921753 0.2568693459033966
frame-000152.color.jpg 0.540338016153926 0.6456552147865295 0.4504057466983795 -0.29715126752853394 -0.08297297358512878 1.4997574090957642 0.23046326637268066
frame-000153.color.jpg 0.5462061532207017 0.649529755115509 0.4397646486759186 -0.2938995361328125 -0.07490693777799606 1.5091887712478638 0.2018333077430725
frame-000154.color.jpg 0.5504590676799934 0.6705783009529114 0.4171725809574127 -0.2707150876522064 -0.04417720437049866 1.5243107080459595 0.2051830142736435
frame-000155.color.jpg 0.550223324748586 0.6908252239227295 0.39548641443252563 -0.252201110124588 -0.009259235113859177 1.5227057933807373 0.22130659222602844
frame-000156.color.jpg 0.554642545682933 0.7111067175865173 0.36677539348602295 -0.22841766476631165 0.024039391428232193 1.5290167331695557 0.2297576665878296
frame-000157.color.jpg 0.5601216372894875 0.7222106456756592 0.3447207510471344 -0.21411027014255524 0.0347038097679615 1.5346202850341797 0.2303357869386673
frame-000158.color.jpg 0.5671409244491542 0.7369204759597778 0.3107983469963074 -0.19673298299312592 0.056086812168359756 1.534935474395752 0.22800488770008087
frame-000159.color.jpg 0.5679027799132411 0.7474421858787537 0.2924145460128784 -0.18251098692417145 0.057476747781038284 1.5283229351043701 0.24514040350914001
frame-000160.color.jpg 0.5655338147690251 0.7638012170791626 0.26558923721313477 -0.16199244558811188 0.07985778152942657 1.518426537513733 0.2892526686191559
frame-000161.color.jpg 0.5656757239451383 0.7701985239982605 0.25337788462638855 -0.15034884214401245 0.09232255816459656 1.5133287906646729 0.30606287717819214
frame-000162.color.jpg 0.5602156970658101 0.7796894907951355 0.24524390697479248 -0.13452938199043274 0.0917210802435875 1.4815300703048706 0.3439768850803375
frame-000163.color.jpg 0.5498068230216894 0.7933923602104187 0.23150348663330078 -0.12102556973695755 0.11021846532821655 1.4556236267089844 0.3938978910446167
frame-000164.color.jpg 0.5430503468969693 0.8010047674179077 0.22143776714801788 -0.12022071331739426 0.1306615173816681 1.4356770515441895 0.41704997420310974
frame-000165.color.jpg 0.5375898038510517 0.8085658550262451 0.2091722935438156 -0.11604077368974686 0.1499413251876831 1.4213238954544067 0.44137927889823914
frame-000166.color.jpg 0.5356777783211661 0.811601459980011 0.20829080045223236 -0.1047244668006897 0.13366742432117462 1.4131113290786743 0.45883500576019287
frame-000167.color.jpg 0.5305540034064371 0.8182039260864258 0.19825534522533417 -0.09873899817466736 0.13687385618686676 1.399143934249878 0.4798119366168976
frame-000168.color.jpg 0.5227468058682878 0.8253235220909119 0.19224467873573303 -0.09283728152513504 0.1401626318693161 1.3835316896438599 0.5091404914855957
frame-000169.color.jpg 0.5121749181337261 0.8367118239402771 0.17680002748966217 -0.07957445085048676 0.14851757884025574 1.3547229766845703 0.5490255355834961
frame-000170.color.jpg 0.49441053832807663 0.8487061262130737 0.17452582716941833 -0.06925913691520691 0.13828769326210022 1.3290841579437256 0.5935447216033936
frame-000171.color.jpg 0.4875519033277957 0.8514003157615662 0.18235665559768677 -0.06447111815214157 0.10276342183351517 1.3101381063461304 0.6096649765968323
frame-000172.color.jpg 0.48471834437276584 0.851163387298584 0.18874122202396393 -0.07032693922519684 0.08299519121646881 1.2996695041656494 0.6183598637580872
frame-000173.color.jpg 0.4678774842521514 0.859208881855011 0.1899579018354416 -0.08226148039102554 0.09001471847295761 1.2459925413131714 0.6686144471168518
frame-000174.color.jpg 0.4654512658982694 0.8601177334785461 0.19152183830738068 -0.08289811760187149 0.08246761560440063 1.2341750860214233 0.6780890226364136
frame-000175.color.jpg 0.46585057001052244 0.8596764802932739 0.19156745076179504 -0.0850973054766655 0.06990590691566467 1.2196382284164429 0.6897828578948975
frame-000176.color.jpg 0.46427052334334973 0.8604198098182678 0.19168342649936676 -0.08595465123653412 0.06908223778009415 1.2151530981063843 0.696094274520874
frame-000177.color.jpg 0.457502104219348 0.8648697733879089 0.18548592925071716 -0.09103309363126755 0.08701670169830322 1.1930198669433594 0.7143722176551819
frame-000178.color.jpg 0.4456303388673461 0.872903048992157 0.17767740786075592 -0.08879519999027252 0.08290760964155197 1.165894627571106 0.7413259744644165
frame-000179.color.jpg 0.44081210821084554 0.8748958110809326 0.17869724333286285 -0.09115487337112427 0.07933687418699265 1.1535449028015137 0.7537867426872253
frame-000180.color.jpg 0.43079851778105926 0.8805673718452454 0.17706184089183807 -0.08753836154937744 0.08255668729543686 1.1295223236083984 0.7779386639595032
frame-000181.color.jpg 0.4290007528789782 0.8845204710960388 0.1643999069929123 -0.08096081018447876 0.0843815952539444 1.1269922256469727 0.7798842191696167
frame-000182.color.jpg 0.42965976162751607 0.8904086351394653 0.1352602243423462 -0.0653432235121727 0.07580884546041489 1.125640869140625 0.7831478118896484
frame-000183.color.jpg 0.431024530269256 0.8953688740730286 0.10175098478794098 -0.04668122157454491 0.06311517208814621 1.1256632804870605 0.7823053598403931
frame-000184.color.jpg 0.43110477379692713 0.8972373604774475 0.08750176429748535 -0.03817117214202881 0.05009336769580841 1.1274014711380005 0.7780870199203491
frame-000185.color.jpg 0.4324592553653364 0.8981199264526367 0.07328470051288605 -0.03144588693976402 0.04621386155486107 1.1338748931884766 0.7736800312995911
frame-000186.color.jpg 0.44498393743195774 0.8936591148376465 0.054134298115968704 -0.020786898210644722 0.036312516778707504 1.1677212715148926 0.7416201233863831
frame-000187.color.jpg 0.4449234054718717 0.8945494890213013 0.04136208817362785 -0.01065754983574152 0.023970959708094597 1.167344093322754 0.7418604493141174
frame-000188.color.jpg 0.44047930112255856 0.8975125551223755 0.021190457046031952 -0.0003333385684527457 0.016467217355966568 1.1643184423446655 0.7523242831230164
frame-000189.color.jpg 0.4419237363998127 0.8969771862030029 0.009087614715099335 0.0072535923682153225 0.006542362738400698 1.1702395677566528 0.7447754740715027
frame-000190.color.jpg 0.4529552483716307 0.8914323449134827 0.0022912516724318266 0.013218425214290619 -0.0025336709804832935 1.1921216249465942 0.7177433967590332
frame-000191.color.jpg 0.4667708760742445 0.884164035320282 -0.0001709828939056024 0.019463330507278442 -0.01577312871813774 1.2171250581741333 0.6808491945266724
frame-000192.color.jpg 0.4780042921254654 0.8781867027282715 -0.000549053365830332 0.01730930060148239 -0.01558961533010006 1.237060308456421 0.6522886753082275
frame-000193.color.jpg 0.48706504113020266 0.8732469081878662 -0.000482161995023489 0.014392726123332977 -0.01199792604893446 1.2493376731872559 0.6281384229660034
frame-000194.color.jpg 0.5014175910363261 0.8651639223098755 -0.0026869962457567453 0.008039843291044235 0.0013927547261118889 1.2777897119522095 0.5939989686012268
frame-000195.color.jpg 0.5156895350570406 0.8567352294921875 -0.001171229057945311 0.008224770426750183 -0.010267333127558231 1.3002535104751587 0.5586637854576111
frame-000196.color.jpg 0.5268104880449437 0.8499610424041748 0.0012919779401272535 0.005935950204730034 -0.01517186313867569 1.3240480422973633 0.5353074073791504
frame-000197.color.jpg 0.5368372123569859 0.8436458706855774 -0.0009923643665388227 0.008147158659994602 -0.02276556007564068 1.3400765657424927 0.5078142881393433
frame-000198.color.jpg 0.5501644443778325 0.8348711729049683 -0.007684634067118168 0.015817342326045036 -0.03399430587887764 1.3668241500854492 0.4748076796531677
frame-000199.color.jpg 0.5562690870950255 0.8307282328605652 -0.00931470189243555 0.019197313115000725 -0.0378950871527195 1.3851690292358398 0.4605090022087097
frame-000200.color.jpg 0.5815584416592589 0.8134055137634277 -0.007508618291467428 0.010239784605801105 -0.036596473306417465 1.4253069162368774 0.39587122201919556
frame-000201.color.jpg 0.5842161893959237 0.8115485906600952 -0.006685790605843067 0.005966012831777334 -0.033074211329221725 1.432180404663086 0.3938998878002167
frame-000202.color.jpg 0.599882461185137 0.800059974193573 -0.0032092109322547913 0.005897210910916328 -0.030440064147114754 1.4416513442993164 0.3545738756656647
frame-000203.color.jpg 0.6201390948338922 0.7841259837150574 -0.011463494971394539 0.02103905938565731 -0.025495296344161034 1.4852054119110107 0.286936491727829
frame-000204.color.jpg 0.6280278742280214 0.7776839733123779 -0.011758257634937763 0.025502342730760574 -0.023403378203511238 1.49252188205719 0.2662073075771332
frame-000205.color.jpg 0.6312818372998287 0.7751887440681458 -0.010769539512693882 0.021205779165029526 -0.007847506552934647 1.4989770650863647 0.25798192620277405
frame-000206.color.jpg 0.6292897991166143 0.7767886519432068 -0.010293729603290558 0.02208722196519375 -0.014106257818639278 1.493064522743225 0.2681373953819275
frame-000207.color.jpg 0.6247278477680428 0.7795724272727966 -0.026082810014486313 0.03607732057571411 -0.024785349145531654 1.4866615533828735 0.2761208117008209
frame-000208.color.jpg 0.6175636741996511 0.7832493782043457 -0.04799824208021164 0.05321378633379936 -0.022094637155532837 1.4746487140655518 0.2965511381626129
frame-000209.color.jpg 0.6115951633125228 0.7872411608695984 -0.054301608353853226 0.05704420432448387 -0.027039604261517525 1.4670777320861816 0.30905967950820923
frame-000210.color.jpg 0.6031597878284061 0.7936196327209473 -0.05896423012018204 0.053752653300762177 -0.028328007087111473 1.4670870304107666 0.3346237242221832
frame-000211.color.jpg 0.5968350008972891 0.7978329062461853 -0.06390885263681412 0.05627017468214035 -0.03953204303979874 1.45589280128479 0.34504932165145874
frame-000212.color.jpg 0.5965890108330517 0.7962381839752197 -0.07562413811683655 0.0660858005285263 -0.05242330953478813 1.4504902362823486 0.3349795937538147
frame-000213.color.jpg 0.5924343955929012 0.7973772287368774 -0.08878571540117264 0.07299432903528214 -0.05780476704239845 1.45244300365448 0.3324412703514099
frame-000214.color.jpg 0.5852597836396796 0.8012444376945496 -0.09931135922670364 0.0749373808503151 -0.06203504279255867 1.453116774559021 0.3488416373729706
frame-000215.color.jpg 0.5782393765320576 0.8042561411857605 -0.11093670129776001 0.08064962923526764 -0.0769568681716919 1.4449357986450195 0.3648843765258789
frame-000216.color.jpg 0.5725976286019109 0.8060672283172607 -0.12132440507411957 0.0875670313835144 -0.09248682111501694 1.4322900772094727 0.3629956543445587
frame-000217.color.jpg 0.5725755409323376 0.8056302070617676 -0.12315341085195541 0.08916567265987396 -0.10155374556779861 1.4286478757858276 0.35535916686058044
frame-000218.color.jpg 0.5578360185815707 0.8107693195343018 -0.1433291733264923 0.10454083979129791 -0.11669602990150452 1.415087342262268 0.38046902418136597
frame-000219.color.jpg 0.5407169265699835 0.8195462822914124 -0.15554143488407135 0.10851716250181198 -0.12116558849811554 1.3933824300765991 0.42076733708381653
frame-000220.color.jpg 0.5226944682719122 0.828758955001831 -0.16448445618152618 0.11355184763669968 -0.12976430356502533 1.363619089126587 0.45686444640159607
frame-000221.color.jpg 0.5134373028383861 0.8319065570831299 -0.1721528023481369 0.12114924192428589 -0.14099231362342834 1.347558617591858 0.47214293479919434
frame-000222.color.jpg 0.5042783299870294 0.8360233902931213 -0.17614971101284027 0.1254575252532959 -0.14800775051116943 1.3253741264343262 0.493169903755188
frame-000223.color.jpg 0.48844206186756317 0.8424249887466431 -0.18485671281814575 0.13256166875362396 -0.15935130417346954 1.3084408044815063 0.5243896842002869
frame-000224.color.jpg 0.4811866844005513 0.8442197442054749 -0.19130031764507294 0.13840746879577637 -0.1715526580810547 1.2987323999404907 0.531707763671875
frame-000225.color.jpg 0.4756299641498699 0.8466478586196899 -0.1948200911283493 0.13787174224853516 -0.17149126529693604 1.2923578023910522 0.5450224280357361
frame-000226.color.jpg 0.45864601579339687 0.8565858006477356 -0.19579651951789856 0.1325453519821167 -0.17060694098472595 1.2583186626434326 0.5845930576324463
frame-000227.color.jpg 0.43800125430285974 0.8657432794570923 -0.20383897423744202 0.13074086606502533 -0.16563332080841064 1.2177437543869019 0.6229009032249451
frame-000228.color.jpg 0.4284170256122383 0.8701340556144714 -0.20563851296901703 0.13053080439567566 -0.17434756457805634 1.1980319023132324 0.6415947079658508
frame-000229.color.jpg 0.42595134127998513 0.8723703622817993 -0.20456057786941528 0.12526138126850128 -0.16805201768875122 1.1914658546447754 0.6535072326660156
