frame-000000.color.jpg 0.28045282281081907 0.7021493315696716 -0.5993626117706299 0.26286324858665466 0.9338242411613464 0.5643015503883362 1.1145877838134766
frame-000001.color.jpg 0.2579324393087094 0.7084060907363892 -0.6146990060806274 0.23189829289913177 0.9401960968971252 0.45152419805526733 1.155683159828186
frame-000002.color.jpg 0.23458910728780757 0.7102532982826233 -0.6262403726577759 0.21984349191188812 0.9137277007102966 0.3810940384864807 1.185033917427063
frame-000003.color.jpg 0.20219919935096517 0.6943967342376709 -0.654163658618927 0.2213563472032547 0.8481845855712891 0.2740800082683563 1.2333273887634277
frame-000004.color.jpg 0.19167071008451547 0.6806307435035706 -0.6714341640472412 0.22176650166511536 0.808227002620697 0.21672284603118896 1.2594701051712036
frame-000005.color.jpg 0.18721600236240796 0.6717446446418762 -0.682133138179779 0.2200084626674652 0.7928780913352966 0.18122607469558716 1.2668639421463013
frame-000006.color.jpg 0.1625911737603552 0.6641584038734436 -0.6960963606834412 0.21887800097465515 0.7222297787666321 0.10936451703310013 1.2946622371673584
frame-000007.color.jpg 0.15268753696075948 0.6495686769485474 -0.713262140750885 0.21448564529418945 0.6769580841064453 0.05460605397820473 1.305038332939148
frame-000008.color.jpg 0.14462589506085008 0.6440640687942505 -0.7215186357498169 0.20898722112178802 0.648837685585022 0.014372901991009712 1.3056977987289429
frame-000009.color.jpg 0.1381227394778997 0.6305009126663208 -0.7345893979072571 0.20921054482460022 0.5959590673446655 -0.021939733996987343 1.3134815692901611
frame-000010.color.jpg 0.1378951032674386 0.6182156205177307 -0.7387959957122803 0.2301626056432724 0.5470893979072571 0.01250806637108326 1.3296762704849243
frame-000011.color.jpg 0.14055862512737022 0.6103646755218506 -0.7357041835784912 0.25775498151779175 0.5053900480270386 0.08103331923484802 1.35990571975708
frame-000012.color.jpg 0.165812936705781 0.6178244352340698 -0.7126585245132446 0.2879529893398285 0.5366610288619995 0.22492247819900513 1.3448318243026733
frame-000013.color.jpg 0.19095719920739343 0.6262267231941223 -0.6941348910331726 0.29925280809402466 0.5974251627922058 0.3420763909816742 1.3169801235198975
frame-000014.color.jpg 0.21902655369888263 0.6332820653915405 -0.6784101128578186 0.30123236775398254 0.6918513178825378 0.42713281512260437 1.2677314281463623
frame-000015.color.jpg 0.2326165339559683 0.6361815333366394 -0.668316662311554 0.30743351578712463 0.7516242861747742 0.49752289056777954 1.2290350198745728
frame-000016.color.jpg 0.24660616692945042 0.6441783905029297 -0.6559708714485168 0.3064667582511902 0.827312707901001 0.5519127249717712 1.18215012550354
frame-000017.color.jpg 0.25607314409110743 0.6641303300857544 -0.6345482468605042 0.3011744022369385 0.887999951839447 0.6445008516311646 1.1375277042388916
frame-000018.color.jpg 0.26674229075384426 0.6742379069328308 -0.6189412474632263 0.30193275213241577 0.9172410368919373 0.7134692072868347 1.1012513637542725
frame-000019.color.jpg 0.2762798495870728 0.6819221377372742 -0.6051391959190369 0.3040693998336792 0.943077564239502 0.7695250511169434 1.062121033668518
frame-000020.color.jpg 0.2845587909383079 0.6979158520698547 -0.585186779499054 0.2991591691970825 0.9809961318969727 0.8469842672348022 1.0123703479766846
frame-000021.color.jpg 0.2993049187872248 0.7024873495101929 -0.5709847211837769 0.30150389671325684 1.0102983713150024 0.9033293128013611 0.9446413516998291
frame-000022.color.jpg 0.3237858840344434 0.6984543204307556 -0.5630085468292236 0.3005753755569458 1.0646302700042725 0.9569488167762756 0.8655524849891663
frame-000023.color.jpg 0.3386221459149132 0.6988961100578308 -0.5521131157875061 0.30339813232421875 1.0830671787261963 1.014464020729065 0.7853378057479858
frame-000024.color.jpg 0.3489580002720451 0.6949729323387146 -0.5431281924247742 0.31662717461586 1.0934280157089233 1.075299859046936 0.7188897132873535
frame-000025.color.jpg 0.35133340158280346 0.6928673386573792 -0.5415970683097839 0.3212043344974518 1.0984306335449219 1.0948123931884766 0.7020921111106873
frame-000026.color.jpg 0.3596313597103447 0.687865138053894 -0.5400061011314392 0.32542315125465393 1.1121575832366943 1.1178985834121704 0.669163167476654
frame-000027.color.jpg 0.35789215640505 0.6820769906044006 -0.5422258377075195 0.3356713354587555 1.1123106479644775 1.1334728002548218 0.6709232330322266
frame-000028.color.jpg 0.36428376440003457 0.6686383485794067 -0.5428925156593323 0.3542426526546478 1.1101957559585571 1.1739318370819092 0.660041332244873
frame-000029.color.jpg 0.37646177600147723 0.669709324836731 -0.5316938161849976 0.3564654588699341 1.1118557453155518 1.231122374534607 0.6159554719924927
frame-000030.color.jpg 0.37474313564433054 0.672120213508606 -0.5230275392532349 0.3664208650588989 1.0751339197158813 1.2768889665603638 0.6126702427864075
frame-000031.color.jpg 0.3815785020481282 0.6718278527259827 -0.5151023268699646 0.3710995018482208 1.0541452169418335 1.3128204345703125 0.5797704458236694
frame-000032.color.jpg 0.3849966038253376 0.6705552935600281 -0.5087527632713318 0.3785548806190491 1.0110197067260742 1.3361622095108032 0.5578132271766663
frame-000033.color.jpg 0.3783336147566899 0.6666986346244812 -0.5172396898269653 0.380577951669693 0.966951847076416 1.3180264234542847 0.5971900224685669
frame-000034.color.jpg 0.371451085735809 0.6614498496055603 -0.5280935764312744 0.3816090524196625 0.9392320513725281 1.279530644416809 0.6287001967430115
frame-000035.color.jpg 0.36137476100857285 0.653544545173645 -0.5466091632843018 0.37882205843925476 0.8961220979690552 1.232331395149231 0.6721763014793396
frame-000036.color.jpg 0.36570392867425533 0.6423962116241455 -0.5567430853843689 0.3789787292480469 0.8594865798950195 1.1950045824050903 0.6689549684524536
frame-000037.color.jpg 0.3615361500466042 0.63082355260849 -0.5702367424964905 0.3823392987251282 0.7944719791412354 1.1518505811691284 0.6826003193855286
frame-000038.color.jpg 0.3477292761004979 0.6178176403045654 -0.5919299721717834 0.3834119439125061 0.7363495230674744 1.103795051574707 0.7301879525184631
frame-000039.color.jpg 0.3307361662042773 0.5966538786888123 -0.6192499995231628 0.3887764513492584 0.6972734332084656 1.0700392723083496 0.7894358038902283
frame-000040.color.jpg 0.3122694551720957 0.5732789039611816 -0.6477206349372864 0.3928065896034241 0.6485818028450012 1.0294655561447144 0.8332421779632568
frame-000041.color.jpg 0.2858853204982492 0.5579131245613098 -0.6775594353675842 0.384598046541214 0.5805736184120178 0.9683136343955994 0.8649743795394897
frame-000042.color.jpg 0.2705265401812614 0.5478218793869019 -0.6943064332008362 0.38032254576683044 0.5308945775032043 0.9446755647659302 0.8591217994689941
frame-000043.color.jpg 0.2556748717901027 0.5398589968681335 -0.7066716551780701 0.37920674681663513 0.4763489067554474 0.9358571171760559 0.8521285057067871
frame-000044.color.jpg 0.25351277503470765 0.5310626029968262 -0.7153646349906921 0.3767721951007843 0.4595087468624115 0.9245175123214722 0.8338251113891602
frame-000045.color.jpg 0.24737249985730284 0.5051600933074951 -0.7287136316299438 0.39063626527786255 0.43534475564956665 0.9212610125541687 0.8371414542198181
frame-000046.color.jpg 0.23220458111254924 0.48661983013153076 -0.7467970252037048 0.38932809233665466 0.40872272849082947 0.8835402131080627 0.8787556886672974
frame-000047.color.jpg 0.23965391060126945 0.4837988018989563 -0.7474300265312195 0.3871086835861206 0.39325469732284546 0.8706499934196472 0.8779509663581848
frame-000048.color.jpg 0.2396300690493214 0.4986543655395508 -0.7378480434417725 0.3866543173789978 0.3258706331253052 0.8673688173294067 0.8867344856262207
frame-000049.color.jpg 0.2407317215979856 0.5223026275634766 -0.7228639125823975 0.38303548097610474 0.2328796535730362 0.8452609181404114 0.9149952530860901
frame-000050.color.jpg 0.23572332314366987 0.531762957572937 -0.7168669104576111 0.3844015300273895 0.1572183221578598 0.8224394917488098 0.9285322427749634
frame-000051.color.jpg 0.23733435597664723 0.5411645174026489 -0.7101836800575256 0.3826911151409149 0.11448956280946732 0.8067587018013 0.9420570135116577
frame-000052.color.jpg 0.23219287005094646 0.5497607588768005 -0.7073380947113037 0.3788435459136963 0.07802556455135345 0.7842240333557129 0.9533770084381104
frame-000053.color.jpg 0.23492561661123365 0.5440064668655396 -0.7123016119003296 0.3761560320854187 0.043679192662239075 0.7707722783088684 0.9480035305023193
frame-000054.color.jpg 0.2475514118289597 0.5353378653526306 -0.7146479487419128 0.37604522705078125 0.028263021260499954 0.7881425619125366 0.9348893165588379
frame-000055.color.jpg 0.23556993481290878 0.5463463068008423 -0.7155713438987732 0.36601942777633667 -0.02623458206653595 0.7563889026641846 0.9433103799819946
frame-000056.color.jpg 0.23202357767846873 0.552418053150177 -0.7109402418136597 0.36818912625312805 -0.0630721002817154 0.7623615860939026 0.931986927986145
frame-000057.color.jpg 0.2417785827228441 0.5639687180519104 -0.7063464522361755 0.3529265224933624 -0.05453947186470032 0.7541723251342773 0.9393261671066284
frame-000058.color.jpg 0.24615338735457387 0.5660334825515747 -0.704498827457428 0.35027992725372314 -0.05696921423077583 0.7569822669029236 0.9349780082702637
frame-000059.color.jpg 0.2551977176388187 0.5876805782318115 -0.6934878826141357 0.3295150697231293 -0.05889539420604706 0.7305570244789124 0.9505500793457031
frame-000060.color.jpg 0.27819066215461924 0.6058457493782043 -0.6727299690246582 0.3209286630153656 -0.04794231802225113 0.7652062773704529 0.9566903710365295
frame-000061.color.jpg 0.2808663292983619 0.6526919603347778 -0.6309831738471985 0.3113960027694702 -0.09478943794965744 0.7308365702629089 0.9813642501831055
frame-000062.color.jpg 0.29002886698032 0.6742555499076843 -0.6023299098014832 0.31378570199012756 -0.14355504512786865 0.7209453582763672 0.9938176870346069
frame-000063.color.jpg 0.2915534779799227 0.6861528158187866 -0.5892053246498108 0.3114930987358093 -0.1772669106721878 0.6941661238670349 1.0098596811294556
frame-000064.color.jpg 0.29562978864356915 0.6845200061798096 -0.5905250906944275 0.30873218178749084 -0.1957024484872818 0.67563396692276 1.0144283771514893
frame-000065.color.jpg 0.28577965235540237 0.6833516359329224 -0.5997591614723206 0.3027364909648895 -0.21749337017536163 0.6280455589294434 1.033034324645996
frame-000066.color.jpg 0.28291695648796883 0.6693585515022278 -0.6181961894035339 0.29958397150039673 -0.22190186381340027 0.6106181144714355 1.0341297388076782
frame-000067.color.jpg 0.2762350526773927 0.6556355953216553 -0.6403024792671204 0.28956663608551025 -0.20399907231330872 0.5750260353088379 1.0455524921417236
frame-000068.color.jpg 0.27284800598136044 0.659424901008606 -0.6384168863296509 0.2883341908454895 -0.2173565775156021 0.5403792262077332 1.0550053119659424
frame-000069.color.jpg 0.2803102459684935 0.6736101508140564 -0.6202787160873413 0.28797534108161926 -0.23503008484840393 0.5216457843780518 1.0674352645874023
frame-000070.color.jpg 0.2987120250346855 0.6873579621315002 -0.5916938185691833 0.29699936509132385 -0.25554293394088745 0.5179669857025146 1.077247142791748
frame-000071.color.jpg 0.30362105506997533 0.6946167945861816 -0.5791324973106384 0.2998787462711334 -0.274730920791626 0.4871073067188263 1.072152018547058
frame-000072.color.jpg 0.3168657992868574 0.6915660500526428 -0.5717795491218567 0.30724647641181946 -0.2851269245147705 0.49696868658065796 1.050633192062378
frame-000073.color.jpg 0.3220275325721021 0.6912224888801575 -0.5604302883148193 0.3231526017189026 -0.32571712136268616 0.47217756509780884 1.0101070404052734
frame-000074.color.jpg 0.31528525624165227 0.6940919756889343 -0.5611086487770081 0.32247278094291687 -0.35135316848754883 0.4283532500267029 0.9865135550498962
frame-000075.color.jpg 0.32129893215600747 0.6787458062171936 -0.576799213886261 0.3215179145336151 -0.35453009605407715 0.427372008562088 0.9542831182479858
frame-000076.color.jpg 0.32863327415990895 0.683124840259552 -0.5657076239585876 0.3245235085487366 -0.35708504915237427 0.41628584265708923 0.9276944398880005
frame-000077.color.jpg 0.349831576176479 0.6872166991233826 -0.5356349349021912 0.3441604971885681 -0.3459317684173584 0.4462873637676239 0.8985369205474854
frame-000078.color.jpg 0.3657479761331023 0.6831606030464172 -0.5190712213516235 0.3606732487678528 -0.3427067697048187 0.45886659622192383 0.8615981340408325
frame-000079.color.jpg 0.38905580334904843 0.6793105006217957 -0.498709112405777 0.37210461497306824 -0.322346031665802 0.4728285074234009 0.8266299962997437
frame-000080.color.jpg 0.41396255866017073 0.6666536331176758 -0.48808327317237854 0.38207679986953735 -0.2981186807155609 0.5029712319374084 0.7969866991043091
frame-000081.color.jpg 0.4318079956721332 0.6542224884033203 -0.4876289665699005 0.3843863010406494 -0.28339841961860657 0.525773823261261 0.7882885336875916
frame-000082.color.jpg 0.4295774114935376 0.6520481109619141 -0.48859652876853943 0.3893199563026428 -0.2944047451019287 0.5105526447296143 0.7808998823165894
frame-000083.color.jpg 0.4328141388759985 0.6462500095367432 -0.4892231523990631 0.39458024501800537 -0.29905766248703003 0.5211308598518372 0.7807412147521973
frame-000084.color.jpg 0.43547566274657745 0.6477770209312439 -0.4895070195198059 0.38875269889831543 -0.29551324248313904 0.5182545781135559 0.7873281240463257
frame-000085.color.jpg 0.41902985244044133 0.6582653522491455 -0.5007339715957642 0.37465471029281616 -0.2934989035129547 0.49029073119163513 0.8194160461425781
frame-000086.color.jpg 0.401843244546433 0.6601666212081909 -0.5107348561286926 0.3766323924064636 -0.3300492465496063 0.5018486380577087 0.8503742218017578
frame-000087.color.jpg 0.3901621511896877 0.6598656177520752 -0.5217030048370361 0.3744018077850342 -0.3769598603248596 0.5212697386741638 0.8901007175445557
frame-000088.color.jpg 0.3705634826236307 0.6583664417266846 -0.5388520359992981 0.3726591169834137 -0.4632178843021393 0.5307034850120544 0.918630838394165
frame-000089.color.jpg 0.35531556736456515 0.6464982628822327 -0.5485259294509888 0.3935861885547638 -0.5549273490905762 0.5487100481987 0.8914037942886353
frame-000090.color.jpg 0.33539278796701005 0.6368300914764404 -0.5670973062515259 0.4004495441913605 -0.6302940845489502 0.549010694026947 0.883664608001709
frame-000091.color.jpg 0.30886004622657615 0.6296862959861755 -0.6027064323425293 0.3805859684944153 -0.6757532954216003 0.5441907048225403 0.8914632201194763
frame-000092.color.jpg 0.29024425291263356 0.6311753392219543 -0.6139455437660217 0.37476229667663574 -0.7217548489570618 0.5274832844734192 0.875277042388916
frame-000093.color.jpg 0.2753701600517038 0.626546323299408 -0.632079541683197 0.3634369373321533 -0.758351743221283 0.5331896543502808 0.859846830368042
frame-000094.color.jpg 0.26131091231113146 0.6252887845039368 -0.6445171236991882 0.3540171980857849 -0.801366925239563 0.5324556827545166 0.8404412269592285
frame-000095.color.jpg 0.25317281086993776 0.6155452728271484 -0.6591062545776367 0.3501236140727997 -0.8220500946044922 0.5542487502098083 0.8164432048797607
frame-000096.color.jpg 0.25353998926613697 0.6097090840339661 -0.6620296239852905 0.3545266389846802 -0.8446244597434998 0.587807297706604 0.8036763668060303
frame-000097.color.jpg 0.26808268465497054 0.6211156249046326 -0.6535570621490479 0.33942627906799316 -0.8351075053215027 0.5868271589279175 0.8432870507240295
frame-000098.color.jpg 0.27547341347084753 0.6477832794189453 -0.630243718624115 0.32754266262054443 -0.8423651456832886 0.541479229927063 0.8927377462387085
frame-000099.color.jpg 0.27820176898590815 0.6634367108345032 -0.6169445514678955 0.3191157877445221 -0.8480910062789917 0.5108761787414551 0.9246565103530884
frame-000100.color.jpg 0.2789346230564256 0.6851851940155029 -0.5984565019607544 0.30751702189445496 -0.8534681797027588 0.47648942470550537 0.9641200304031372
frame-000101.color.jpg 0.27963938819200956 0.699988067150116 -0.5839356780052185 0.30139297246932983 -0.8505457043647766 0.45043841004371643 0.9850782155990601
frame-000102.color.jpg 0.281913249078991 0.7148193717002869 -0.5717252492904663 0.28755590319633484 -0.8335716724395752 0.42978787422180176 1.017862319946289
frame-000103.color.jpg 0.2698226186426702 0.7307247519493103 -0.5672217011451721 0.2673886716365814 -0.8298874497413635 0.4253372848033905 1.0467602014541626
frame-000104.color.jpg 0.27430672884132584 0.7325186133384705 -0.5628096461296082 0.2672410309314728 -0.8320829272270203 0.45584729313850403 1.036020040512085
frame-000105.color.jpg 0.2777084524341936 0.7142879962921143 -0.5790608525276184 0.27813515067100525 -0.8395013213157654 0.5793732404708862 0.9749655723571777
frame-000106.color.jpg 0.2801460346393367 0.709715723991394 -0.5792533159255981 0.28685784339904785 -0.8499155640602112 0.6346839666366577 0.9226188659667969
frame-000107.color.jpg 0.28092055954339706 0.70393306016922 -0.5800836086273193 0.29843762516975403 -0.8611646294593811 0.6683222055435181 0.865478515625
frame-000108.color.jpg 0.279500095404083 0.7036909461021423 -0.5787876844406128 0.3028258979320526 -0.8665416240692139 0.6971113681793213 0.8331325054168701
frame-000109.color.jpg 0.29079622628756535 0.71415776014328 -0.5572132468223572 0.30810654163360596 -0.8918134570121765 0.7186770439147949 0.8033477663993835
frame-000110.color.jpg 0.3001135341474694 0.7257065773010254 -0.532023549079895 0.3165954351425171 -0.916523814201355 0.7130768299102783 0.7822009325027466
frame-000111.color.jpg 0.3143898111654054 0.7405498027801514 -0.5054334402084351 0.3119005858898163 -0.9325424432754517 0.7039526104927063 0.7897303700447083
frame-000112.color.jpg 0.32484701075927547 0.7465871572494507 -0.4914569854736328 0.30911484360694885 -0.9311087727546692 0.7171199917793274 0.791263997554779
frame-000113.color.jpg 0.3340299595544337 0.7473927736282349 -0.4868732690811157 0.30460211634635925 -0.9301373958587646 0.7439680695533752 0.7902706265449524
frame-000114.color.jpg 0.33982665048162625 0.7459455132484436 -0.4814746677875519 0.3102664649486542 -0.928920567035675 0.7647906541824341 0.7632508277893066
frame-000115.color.jpg 0.34301727076186594 0.7368614673614502 -0.4912697970867157 0.3130947947502136 -0.901573657989502 0.8143597841262817 0.7355541586875916
frame-000116.color.jpg 0.34624173906990635 0.7321434020996094 -0.4992491602897644 0.30794960260391235 -0.8617871403694153 0.854189395904541 0.7263160943984985
frame-000117.color.jpg 0.346110328798899 0.7308620810508728 -0.5022401809692383 0.30627286434173584 -0.8158605694770813 0.8902387619018555 0.7110369205474854
frame-000118.color.jpg 0.345086997899587 0.729982316493988 -0.5029765963554382 0.30831050872802734 -0.7978656888008118 0.9009391069412231 0.7026708126068115
frame-000119.color.jpg 0.34749711908830744 0.7265656590461731 -0.5044846534729004 0.3111966550350189 -0.757439136505127 0.9248930811882019 0.6863880753517151
frame-000120.color.jpg 0.3477620245076689 0.7266027927398682 -0.5047057271003723 0.31045466661453247 -0.7186031937599182 0.9469189047813416 0.6795384287834167
frame-000121.color.jpg 0.3520135701924466 0.7269347310066223 -0.5041279792785645 0.3057897388935089 -0.670627772808075 0.9644224643707275 0.6788594722747803
frame-000122.color.jpg 0.3539743596020776 0.730597198009491 -0.4987962245941162 0.30353274941444397 -0.6425187587738037 0.9662907123565674 0.6761656403541565
frame-000123.color.jpg 0.3534473965190794 0.7329007387161255 -0.496062695980072 0.3030731678009033 -0.6128871440887451 0.9741791486740112 0.6730937957763672
frame-000124.color.jpg 0.3609810241572583 0.7365883588790894 -0.48924800753593445 0.2962544858455658 -0.5741959810256958 0.9768679141998291 0.6666165590286255
frame-000125.color.jpg 0.36134986256201584 0.7441048622131348 -0.4836239814758301 0.286080539226532 -0.5299790501594543 0.9762614369392395 0.6834330558776855
frame-000126.color.jpg 0.36106951495357265 0.7489266991615295 -0.4802560806274414 0.27944889664649963 -0.5056633353233337 0.9780701398849487 0.690961480140686
frame-000127.color.jpg 0.3669194262380288 0.7525085210800171 -0.4715658724308014 0.27699580788612366 -0.4793922007083893 0.9779683351516724 0.6821120381355286
frame-000128.color.jpg 0.3732720544293018 0.7584865689277649 -0.4597885310649872 0.2719568908214569 -0.44885826110839844 0.9782841801643372 0.6896509528160095
frame-000129.color.jpg 0.3810426966865332 0.7626136541366577 -0.4512125551700592 0.2638828158378601 -0.41586339473724365 0.9809859991073608 0.6956429481506348
frame-000130.color.jpg 0.38873533296808066 0.7699837684631348 -0.4367550313472748 0.25545036792755127 -0.38581764698028564 0.977913498878479 0.7050620913505554
frame-000131.color.jpg 0.3983317612159644 0.7765583395957947 -0.42052361369132996 0.24788855016231537 -0.3620941638946533 0.9682034850120544 0.7069052457809448
frame-000132.color.jpg 0.4047914469587195 0.7863724827766418 -0.4031010568141937 0.23509956896305084 -0.33251237869262695 0.9555741548538208 0.7254855632781982
frame-000133.color.jpg 0.40787955980081797 0.7976050972938538 -0.38602009415626526 0.2201114147901535 -0.3065307140350342 0.9376431107521057 0.7444708347320557
frame-000134.color.jpg 0.4127336781872268 0.8040521740913391 -0.3742538094520569 0.20756953954696655 -0.2807368338108063 0.932070255279541 0.7585878372192383
frame-000135.color.jpg 0.41493570575497396 0.8130949139595032 -0.3584951162338257 0.1954127997159958 -0.24856287240982056 0.9165838956832886 0.7821477055549622
frame-000136.color.jpg 0.4153029265086302 0.8245921730995178 -0.339158833026886 0.18039555847644806 -0.21755346655845642 0.8894048929214478 0.8036919832229614
frame-000137.color.jpg 0.40578882923485 0.8339663147926331 -0.32972604036331177 0.17639818787574768 -0.21279537677764893 0.8570441007614136 0.8282078504562378
frame-000138.color.jpg 0.39294270973408596 0.8389818072319031 -0.3338603377342224 0.17390429973602295 -0.22511397302150726 0.8286235332489014 0.8500280976295471
frame-000139.color.jpg 0.3795509814427997 0.8358921408653259 -0.3519574701786041 0.18262380361557007 -0.2714012563228607 0.8126006126403809 0.8498157262802124
frame-000140.color.jpg 0.3714424526668137 0.8299460411071777 -0.3705984652042389 0.18941180408000946 -0.3114664554595947 0.8102882504463196 0.8435776233673096
frame-000141.color.jpg 0.36631608159598694 0.8159326314926147 -0.39796581864356995 0.20418037474155426 -0.3524521291255951 0.8217076063156128 0.8249356746673584
frame-000142.color.jpg 0.3651068217883074 0.8067530393600464 -0.4127756655216217 0.21321988105773926 -0.37652260065078735 0.8365181088447571 0.8135766983032227
frame-000143.color.jpg 0.36418784275972527 0.792522132396698 -0.43450579047203064 0.22467876970767975 -0.4119938611984253 0.8604106307029724 0.8027923703193665
frame-000144.color.jpg 0.36153137077478564 0.7824925780296326 -0.45022937655448914 0.2330104112625122 -0.43179330229759216 0.8758297562599182 0.7884551286697388
frame-000145.color.jpg 0.35897343530319814 0.7731454968452454 -0.4623767137527466 0.2441144436597824 -0.4550369679927826 0.8910751938819885 0.771914541721344
frame-000146.color.jpg 0.35637838390415705 0.7640655636787415 -0.47469690442085266 0.25270771980285645 -0.48145174980163574 0.9060261249542236 0.7641370296478271
frame-000147.color.jpg 0.3557005294394579 0.7582042813301086 -0.4821609854698181 0.2571462094783783 -0.49784421920776367 0.9116825461387634 0.7592884302139282
frame-000148.color.jpg 0.3507724996031744 0.7505298852920532 -0.4963194727897644 0.25948116183280945 -0.5182322859764099 0.922354519367218 0.7604029178619385
frame-000149.color.jpg 0.3489235916324593 0.7411550283432007 -0.5095710754394531 0.2632088363170624 -0.5336464047431946 0.933392345905304 0.7497245669364929
frame-000150.color.jpg 0.34891331363588995 0.7286673188209534 -0.5229357481002808 0.27173805236816406 -0.559353232383728 0.9494535326957703 0.7308239936828613
frame-000151.color.jpg 0.3477317350399996 0.7193434238433838 -0.5337414145469666 0.27703365683555603 -0.5699545741081238 0.9624119400978088 0.7216176390647888
frame-000152.color.jpg 0.34451407556281277 0.7071545720100403 -0.5477121472358704 0.2850506603717804 -0.593722939491272 0.9740151762962341 0.698723316192627
frame-000153.color.jpg 0.3416816018214053 0.6954443454742432 -0.5596458315849304 0.2939511835575104 -0.6096037030220032 0.98532634973526 0.6685047149658203
frame-000154.color.jpg 0.3389265485996582 0.680866539478302 -0.5734841823577881 0.30441004037857056 -0.629669189453125 0.999549925327301 0.6320580244064331
frame-000155.color.jpg 0.3356249111732251 0.6722952723503113 -0.5823402404785156 0.3102495074272156 -0.6417103409767151 1.0139142274856567 0.614645779132843
frame-000156.color.jpg 0.33377893055539065 0.6602192521095276 -0.5944690704345703 0.3151327669620514 -0.6620702743530273 1.0430821180343628 0.5983691811561584
frame-000157.color.jpg 0.3303190942772556 0.652345597743988 -0.6023436784744263 0.3201819062232971 -0.6702532172203064 1.055412769317627 0.5816664695739746
frame-000158.color.jpg 0.3232523475703021 0.6285108923912048 -0.6198709011077881 0.340942919254303 -0.693493664264679 1.0945734977722168 0.5116422772407532
frame-000159.color.jpg 0.32406219967129973 0.6197454333305359 -0.6247124671936035 0.347323477268219 -0.7012672424316406 1.1156158447265625 0.4922051727771759
frame-000160.color.jpg 0.3204577858331604 0.606570839881897 -0.6331120729446411 0.3585355877876282 -0.7105395793914795 1.1425825357437134 0.459340363740921
frame-000161.color.jpg 0.32126224313501245 0.5940917730331421 -0.6388421058654785 0.3684103786945343 -0.719135582447052 1.1582978963851929 0.42560338973999023
frame-000162.color.jpg 0.3179057071086961 0.5811424851417542 -0.6469156742095947 0.3777691721916199 -0.7318322658538818 1.1789560317993164 0.3879867196083069
frame-000163.color.jpg 0.31196276316300947 0.5698121786117554 -0.6551983952522278 0.38562721014022827 -0.7517970204353333 1.1944130659103394 0.35360845923423767
frame-000164.color.jpg 0.3067540357129155 0.5626776218414307 -0.6618757247924805 0.3888656497001648 -0.755881130695343 1.2028744220733643 0.33847710490226746
frame-000165.color.jpg 0.29832064287234267 0.5535710453987122 -0.6704957485198975 0.3936994969844818 -0.7755587697029114 1.209301233291626 0.3140295445919037
frame-000166.color.jpg 0.29454066724852834 0.5476418733596802 -0.6757011413574219 0.3959318995475769 -0.783502459526062 1.2159072160720825 0.2925189137458801
frame-000167.color.jpg 0.2918110615953254 0.5420478582382202 -0.6802572011947632 0.39784476161003113 -0.8003650307655334 1.2263236045837402 0.27762851119041443
frame-000168.color.jpg 0.29037224542730294 0.5407456159591675 -0.679917573928833 0.4012358784675598 -0.8348388671875 1.2197437286376953 0.25703954696655273
frame-000169.color.jpg 0.2872477277832401 0.5413609147071838 -0.6806856393814087 0.40135282278060913 -0.8609222173690796 1.2177886962890625 0.25617659091949463
frame-000170.color.jpg 0.2812990021786124 0.5379770994186401 -0.6857393383979797 0.4015134871006012 -0.8655951619148254 1.2202849388122559 0.2523548901081085
frame-000171.color.jpg 0.27556508975882926 0.5322399735450745 -0.6924607157707214 0.4016001224517822 -0.8648582696914673 1.22720205783844 0.24229612946510315
frame-000172.color.jpg 0.2703460112212035 0.5259766578674316 -0.7003001570701599 0.39980167150497437 -0.8582033514976501 1.2364249229431152 0.23750260472297668
frame-000173.color.jpg 0.2633059650461185 0.5061250329017639 -0.7175776362419128 0.3994870185852051 -0.8171425461769104 1.2656521797180176 0.2163359820842743
frame-000174.color.jpg 0.2533855804370921 0.4723524749279022 -0.7401933073997498 0.40594688057899475 -0.7461915612220764 1.3092869520187378 0.16296853125095367
frame-000175.color.jpg 0.24264337001610767 0.42362135648727417 -0.7680798768997192 0.41439419984817505 -0.6358599066734314 1.3690143823623657 0.0910012274980545
frame-000176.color.jpg 0.2324632594407236 0.40083450078964233 -0.7792162299156189 0.422036349773407 -0.590155839920044 1.3911638259887695 0.06180447340011597
frame-000177.color.jpg 0.22281872688558207 0.3615803122520447 -0.796923041343689 0.4295639097690582 -0.5090627670288086 1.4114235639572144 0.023538334295153618
frame-000178.color.jpg 0.19948277461423516 0.3411809504032135 -0.8091762661933899 0.43478259444236755 -0.4774068295955658 1.412392020225525 0.0018615747103467584
frame-000179.color.jpg 0.18057176823491125 0.3173765540122986 -0.8224822282791138 0.4361066520214081 -0.4370712637901306 1.4161773920059204 0.003569915657863021
frame-000180.color.jpg 0.17101588460587264 0.302026629447937 -0.8298918604850769 0.4368216395378113 -0.4241859018802643 1.4179675579071045 0.009922611527144909
frame-000181.color.jpg 0.16300401636446862 0.2784447968006134 -0.8363927006721497 0.44310885667800903 -0.38996416330337524 1.4235725402832031 0.002543447772040963
frame-000182.color.jpg 0.14869897472213478 0.25788411498069763 -0.8426631093025208 0.44866839051246643 -0.3529273569583893 1.4119064807891846 -0.011540548875927925
frame-000183.color.jpg 0.12551525529947785 0.22987498342990875 -0.8607969284057617 0.43638530373573303 -0.30285072326660156 1.4276989698410034 0.030631758272647858
frame-000184.color.jpg 0.1116770901016361 0.2107694447040558 -0.8682493567466736 0.435025691986084 -0.29208266735076904 1.4300894737243652 0.03382566571235657
frame-000185.color.jpg 0.09821537420161736 0.20117656886577606 -0.8738541007041931 0.4315792918205261 -0.29839542508125305 1.423975944519043 0.044878799468278885
frame-000186.color.jpg 0.09113210384363765 0.19858601689338684 -0.876599907875061 0.42875540256500244 -0.31213340163230896 1.4141980409622192 0.05818641185760498
frame-000187.color.jpg 0.09144312807537248 0.19510681927204132 -0.8784749507904053 0.4264424741268158 -0.3221227526664734 1.400981068611145 0.07580330222845078
frame-000188.color.jpg 0.08589822778012368 0.1936478614807129 -0.8805251717567444 0.4240253269672394 -0.33388906717300415 1.3937164545059204 0.08936905860900879
frame-000189.color.jpg 0.08694251342064459 0.19362397491931915 -0.8838969469070435 0.4167458415031433 -0.3412626087665558 1.384766697883606 0.12102985382080078
frame-000190.color.jpg 0.086519371252537 0.1884690523147583 -0.8865655660629272 0.41351568698883057 -0.34043368697166443 1.3722262382507324 0.13847771286964417
frame-000191.color.jpg 0.08194006927429455 0.18654216825962067 -0.8884104490280151 0.41135695576667786 -0.35210269689559937 1.3635810613632202 0.149068221449852
frame-000192.color.jpg 0.08149856916210813 0.1789732277393341 -0.8886837959289551 0.41420722007751465 -0.34617456793785095 1.3642994165420532 0.1551547348499298
frame-000193.color.jpg 0.07917092640252028 0.17222309112548828 -0.8930196762084961 0.40815088152885437 -0.33880850672721863 1.366950273513794 0.18053224682807922
frame-000194.color.jpg 0.08121092014071354 0.16693854331970215 -0.895082950592041 0.405416876077652 -0.3377755582332611 1.363405704498291 0.19335876405239105
frame-000195.color.jpg 0.08202335369018268 0.16553354263305664 -0.8937726020812988 0.4087069034576416 -0.338165819644928 1.3512452840805054 0.19301016628742218
frame-000196.color.jpg 0.08554203502069702 0.16737207770347595 -0.8932123184204102 0.40846166014671326 -0.3474768400192261 1.344640851020813 0.20169758796691895
frame-000197.color.jpg 0.08577898340835546 0.16515310108661652 -0.8930892944335938 0.40958261489868164 -0.34289899468421936 1.3514567613601685 0.20259889960289001
frame-000198.color.jpg 0.08914371423636767 0.16805073618888855 -0.8926931619644165 0.408547580242157 -0.3510081171989441 1.3448630571365356 0.21772637963294983
frame-000199.color.jpg 0.09095545711373816 0.17086321115493774 -0.8936671614646912 0.4048355221748352 -0.35760337114334106 1.3308534622192383 0.2312413901090622
frame-000200.color.jpg 0.0866397955668117 0.17040511965751648 -0.898124098777771 0.3960161805152893 -0.3622324764728546 1.322536826133728 0.2526167929172516
frame-000201.color.jpg 0.08554084729728284 0.1696571558713913 -0.9021355509757996 0.38736388087272644 -0.3572615385055542 1.305582880973816 0.2771005630493164
frame-000202.color.jpg 0.08853981325331763 0.16833028197288513 -0.9081138968467712 0.3730345666408539 -0.34548357129096985 1.3064771890640259 0.3122885227203369
frame-000203.color.jpg 0.09093859954763461 0.16503845155239105 -0.9128973484039307 0.3620925843715668 -0.3318387567996979 1.2995017766952515 0.3402368724346161
frame-000204.color.jpg 0.08733678277380051 0.16316092014312744 -0.917854905128479 0.3511313796043396 -0.32950952649116516 1.2825899124145508 0.3712325990200043
frame-000205.color.jpg 0.08049123334452746 0.16516830027103424 -0.9194146394729614 0.34773164987564087 -0.344823956489563 1.2616963386535645 0.3766977787017822
frame-000206.color.jpg 0.07593427865479858 0.16191916167736053 -0.9211413860321045 0.3457089364528656 -0.3443979024887085 1.25045907497406 0.379057377576828
frame-000207.color.jpg 0.0690033781464842 0.15375839173793793 -0.9237960577011108 0.3437989056110382 -0.3391159772872925 1.246404767036438 0.3745277523994446
frame-000208.color.jpg 0.06328732930665283 0.14176124334335327 -0.9307395815849304 0.3310924470424652 -0.32115480303764343 1.24381422996521 0.3956862688064575
frame-000209.color.jpg 0.06088073506968775 0.11721380800008774 -0.9342976212501526 0.3311227858066559 -0.26836448907852173 1.2651169300079346 0.3845503628253937
frame-000210.color.jpg 0.05631775188370787 0.09362117201089859 -0.9372466206550598 0.3311074674129486 -0.21925336122512817 1.283513069152832 0.3781423270702362
frame-000211.color.jpg 0.04704462518975517 0.07530052214860916 -0.9401826858520508 0.32889679074287415 -0.1905200481414795 1.2951672077178955 0.3827619254589081
frame-000212.color.jpg 0.03646526348535379 0.045500848442316055 -0.9406387805938721 0.3343629240989685 -0.15348534286022186 1.3102951049804688 0.36527514457702637
frame-000213.color.jpg 0.02281201272480492 0.014640627428889275 -0.9404128789901733 0.33895277976989746 -0.11687573790550232 1.3180140256881714 0.3486023247241974
frame-000214.color.jpg 0.015447912064312347 -0.017266463488340378 -0.9433803558349609 0.33090293407440186 -0.06735187023878098 1.3236401081085205 0.3615538775920868
frame-000215.color.jpg 0.00941592051086898 -0.03976087272167206 -0.9436792731285095 0.32832881808280945 -0.0366622693836689 1.3246532678604126 0.36555802822113037
frame-000216.color.jpg 0.01929564325976765 0.07546679675579071 0.9417381286621094 -0.32720285654067993 -0.010487654246389866 1.3347398042678833 0.3520941734313965
frame-000217.color.jpg 0.03585781288574089 0.11513689160346985 0.9370930194854736 -0.32758891582489014 0.03256140276789665 1.3393113613128662 0.34666603803634644
frame-000218.color.jpg 0.04666285994049968 0.13772690296173096 0.9343568086624146 -0.3253173232078552 0.06350617855787277 1.3437646627426147 0.3483228385448456
frame-000219.color.jpg 0.05238680610830998 0.16056512296199799 0.9310675263404846 -0.3234005868434906 0.07985709607601166 1.3473577499389648 0.35283562541007996
frame-000220.color.jpg 0.0573379625312744 0.17319360375404358 0.9288772940635681 -0.3223403990268707 0.08389613032341003 1.3479849100112915 0.35346710681915283
frame-000221.color.jpg 0.05792278337481469 0.19096609950065613 0.925042450428009 -0.3232235312461853 0.10548890382051468 1.3484249114990234 0.3487386405467987
frame-000222.color.jpg 0.06048307181130566 0.2060510814189911 0.9213145971298218 -0.3241359293460846 0.1275024563074112 1.3451083898544312 0.34282100200653076
frame-000223.color.jpg 0.0662924659224079 0.22033274173736572 0.9166781902313232 -0.3267412781715393 0.14076858758926392 1.346472144126892 0.328509658575058
frame-000224.color.jpg 0.06974640324627802 0.22910861670970917 0.9132252931594849 -0.32964253425598145 0.15159016847610474 1.3493484258651733 0.31798651814460754
frame-000225.color.jpg 0.08262117875445174 0.24099098145961761 0.9069175720214844 -0.3355554938316345 0.16100217401981354 1.3649674654006958 0.29585328698158264
frame-000226.color.jpg 0.09502483545506765 0.25875383615493774 0.8981384038925171 -0.34258437156677246 0.19265414774417877 1.3670125007629395 0.2766117453575134
frame-000227.color.jpg 0.10554344667524611 0.27668288350105286 0.8896679878234863 -0.34756025671958923 0.22805508971214294 1.367850661277771 0.2611647844314575
frame-000228.color.jpg 0.1189862838023227 0.2931119203567505 0.8808355331420898 -0.352216511964798 0.2541831135749817 1.3666194677352905 0.24578306078910828
frame-000229.color.jpg 0.1265623171846001 0.3072214126586914 0.8756539225578308 -0.3504672348499298 0.2774544060230255 1.3665543794631958 0.24564138054847717
frame-000230.color.jpg 0.11945344706442652 0.31337711215019226 0.869891881942749 -0.36168181896209717 0.30470019578933716 1.3692829608917236 0.21611492335796356
frame-000231.color.jpg 0.1235444518197819 0.3055824041366577 0.8685358762741089 -0.370137095451355 0.2851991057395935 1.3779369592666626 0.1801971048116684
frame-000232.color.jpg 0.1306277651778268 0.2934008240699768 0.8711596727371216 -0.3713934123516083 0.25338584184646606 1.3836145401000977 0.16980841755867004
frame-000233.color.jpg 0.13961518106538418 0.28544262051582336 0.8653571009635925 -0.38753998279571533 0.23414134979248047 1.3914852142333984 0.11257324367761612
frame-000234.color.jpg 0.1484164007522985 0.2919415831565857 0.8585273623466492 -0.3945547640323639 0.24971088767051697 1.3969390392303467 0.09081877022981644
frame-000235.color.jpg 0.15550896734792238 0.2979489266872406 0.8531694412231445 -0.39893025159835815 0.26253506541252136 1.3995872735977173 0.07607173174619675
frame-000236.color.jpg 0.1616972897358755 0.30365076661109924 0.8495389223098755 -0.39991745352745056 0.2731775641441345 1.4017877578735352 0.06261514872312546
frame-000237.color.jpg 0.17306741845373688 0.3180013597011566 0.8411310911178589 -0.40177255868911743 0.3097851574420929 1.4080144166946411 0.05424648895859718
frame-000238.color.jpg 0.1846581078017273 0.3312230706214905 0.8313464522361755 -0.4062705338001251 0.34899207949638367 1.4083153009414673 0.03878074511885643
frame-000239.color.jpg 0.19190563871299804 0.3513459861278534 0.8191801905632019 -0.41069692373275757 0.40897807478904724 1.4049006700515747 0.02988770231604576
frame-000240.color.jpg 0.20137512789084322 0.3683384954929352 0.8090754747390747 -0.4113048017024994 0.4573579728603363 1.4005311727523804 0.031943000853061676
frame-000241.color.jpg 0.20959196355829673 0.38152456283569336 0.8008673787117004 -0.41124412417411804 0.48939090967178345 1.4040602445602417 0.03310416266322136
frame-000242.color.jpg 0.22815786853731942 0.3977622389793396 0.7865447998046875 -0.41361382603645325 0.5239501595497131 1.3926339149475098 0.025547536090016365
frame-000243.color.jpg 0.24436485191567858 0.4145250618457794 0.7734889388084412 -0.4125160872936249 0.5580874085426331 1.3789790868759155 0.030917657539248466
frame-000244.color.jpg 0.25606496242939136 0.42655473947525024 0.7666289210319519 -0.405908465385437 0.5792586207389832 1.3772279024124146 0.051394447684288025
frame-000245.color.jpg 0.27400923351170553 0.44705718755722046 0.7452696561813354 -0.41186389327049255 0.6290014386177063 1.3597830533981323 0.039933547377586365
frame-000246.color.jpg 0.2784706116534426 0.45393699407577515 0.7361081838607788 -0.4177798926830292 0.6535833477973938 1.3487489223480225 0.02880694903433323
frame-000247.color.jpg 0.28418027006536717 0.45892244577407837 0.7289745211601257 -0.4209844768047333 0.6726934909820557 1.3576773405075073 0.02046235091984272
frame-000248.color.jpg 0.3700306253060698 0.44441333413124084 0.6650382876396179 -0.47254452109336853 0.7014146447181702 1.3279409408569336 -0.2036568969488144
frame-000249.color.jpg 0.3608547301554522 0.4463241994380951 0.6573070883750916 -0.48839113116264343 0.7345415353775024 1.3118185997009277 -0.25020506978034973
frame-000250.color.jpg 0.3430207420389062 0.4525361657142639 0.6530441641807556 -0.5010800361633301 0.7887407541275024 1.2976590394973755 -0.2654489278793335
frame-000251.color.jpg 0.3291914286275855 0.4473382830619812 0.6589698195457458 -0.5072280764579773 0.788912296295166 1.2978994846343994 -0.28571149706840515
frame-000252.color.jpg 0.325592374169882 0.448403537273407 0.661302924156189 -0.505571186542511 0.7954152226448059 1.2945045232772827 -0.2843433618545532
frame-000253.color.jpg 0.3218499996307173 0.44496214389801025 0.6630957126617432 -0.508650541305542 0.7934300899505615 1.304795265197754 -0.29310640692710876
frame-000254.color.jpg 0.3228900933094884 0.4429974853992462 0.6652730703353882 -0.5068598389625549 0.7873435616493225 1.3098291158676147 -0.29389411211013794
frame-000255.color.jpg 0.3203599932189503 0.4358629584312439 0.6681272387504578 -0.5108806490898132 0.7700636982917786 1.3035916090011597 -0.30783557891845703
frame-000256.color.jpg 0.32076807973190646 0.4364286959171295 0.6677871942520142 -0.5105860829353333 0.7729121446609497 1.3041479587554932 -0.30471524596214294
frame-000257.color.jpg 0.3176461898272678 0.4366118907928467 0.6695991158485413 -0.5100077986717224 0.7650601863861084 1.3047484159469604 -0.3021174967288971
frame-000258.color.jpg 0.31404022422292427 0.4347530007362366 0.6690703630447388 -0.5145031213760376 0.7585165500640869 1.303428292274475 -0.31886276602745056
frame-000259.color.jpg 0.32198442008229833 0.43258753418922424 0.6665247678756714 -0.5147219896316528 0.74809730052948 1.2984079122543335 -0.3221849501132965
frame-000260.color.jpg 0.3233695539291607 0.43624287843704224 0.6669982671737671 -0.5101348161697388 0.7475907206535339 1.3077117204666138 -0.30655476450920105
frame-000261.color.jpg 0.3214799995209595 0.4354376196861267 0.6672462224960327 -0.5116903781890869 0.7242488265037537 1.305909514427185 -0.3102625906467438
frame-000262.color.jpg 0.3214069644105567 0.4388343095779419 0.6671580076217651 -0.5089421272277832 0.7167458534240723 1.3057916164398193 -0.29566070437431335
frame-000263.color.jpg 0.32292382748603266 0.43870025873184204 0.6655771136283875 -0.5101661086082458 0.7021470665931702 1.2980215549468994 -0.2957412600517273
frame-000264.color.jpg 0.3225596120820876 0.43977615237236023 0.665440022945404 -0.5096485614776611 0.6933112740516663 1.298829197883606 -0.29096198081970215
frame-000265.color.jpg 0.3237660333577668 0.44223424792289734 0.6637959480285645 -0.5089003443717957 0.6830276250839233 1.2916247844696045 -0.2833523750305176
frame-000266.color.jpg 0.32264559288952793 0.445632666349411 0.6639974117279053 -0.506378173828125 0.6790010333061218 1.2913233041763306 -0.2696707248687744
frame-000267.color.jpg 0.3193286720545627 0.4517640471458435 0.6608332395553589 -0.507186233997345 0.6811725497245789 1.2836878299713135 -0.25944074988365173
frame-000268.color.jpg 0.3204427670970443 0.45492082834243774 0.6631973385810852 -0.5005326271057129 0.6643572449684143 1.2894600629806519 -0.23936596512794495
frame-000269.color.jpg 0.318552136094769 0.4541971981525421 0.6658280491828918 -0.4989013075828552 0.6405227184295654 1.292924165725708 -0.23440797626972198
frame-000270.color.jpg 0.3138893533804274 0.45421484112739563 0.6665871143341064 -0.5008231997489929 0.6343057751655579 1.2922847270965576 -0.23905394971370697
frame-000271.color.jpg 0.31515594658031926 0.44713500142097473 0.6675198674201965 -0.5051378607749939 0.6047698855400085 1.291712760925293 -0.26126739382743835
frame-000272.color.jpg 0.31508716005435966 0.4440442621707916 0.6717544794082642 -0.5022855997085571 0.5749859809875488 1.2977863550186157 -0.25606048107147217
frame-000273.color.jpg 0.31778013355711304 0.4428902864456177 0.6690351366996765 -0.505228579044342 0.5599057078361511 1.2963601350784302 -0.27607491612434387
frame-000274.color.jpg 0.3234105016610261 0.4435981214046478 0.6617366671562195 -0.5106180906295776 0.5465743541717529 1.286550760269165 -0.29603487253189087
frame-000275.color.jpg 0.3305545841488339 0.45455601811408997 0.6533161997795105 -0.5072379112243652 0.5563549399375916 1.2876343727111816 -0.2910100817680359
frame-000276.color.jpg 0.3308481019537 0.46334895491600037 0.649357259273529 -0.5041652917861938 0.564251720905304 1.2958898544311523 -0.2822125256061554
frame-000277.color.jpg 0.32852552519041395 0.4720916748046875 0.6450380086898804 -0.5031166076660156 0.5756503343582153 1.2964736223220825 -0.27279192209243774
frame-000278.color.jpg 0.3289571708479683 0.4740256071090698 0.640567421913147 -0.5067151188850403 0.582490861415863 1.294320821762085 -0.2812839448451996
frame-000279.color.jpg 0.3309521586512608 0.47356554865837097 0.636817216873169 -0.5105586647987366 0.575884222984314 1.2903742790222168 -0.29312586784362793
frame-000280.color.jpg 0.33667140210173 0.4763869643211365 0.62629634141922 -0.517166018486023 0.5821940302848816 1.2901772260665894 -0.3133162260055542
frame-000281.color.jpg 0.3431808635966005 0.47515231370925903 0.6220622658729553 -0.519129753112793 0.565830647945404 1.2822967767715454 -0.3217123746871948
frame-000282.color.jpg 0.3495774986723075 0.4785589277744293 0.6210232377052307 -0.5129395723342896 0.5491266846656799 1.3025600910186768 -0.30987200140953064
frame-000283.color.jpg 0.34653819805195024 0.48644351959228516 0.6274133920669556 -0.4996362328529358 0.5360796451568604 1.3279695510864258 -0.26666224002838135
frame-000284.color.jpg 0.3507253892672277 0.4939943850040436 0.6277804374694824 -0.48872584104537964 0.5200986266136169 1.324235200881958 -0.24432265758514404
frame-000285.color.jpg 0.35922198573307157 0.5034711956977844 0.6193303465843201 -0.4836386740207672 0.5234983563423157 1.310327410697937 -0.23588977754116058
frame-000286.color.jpg 0.36070652637856915 0.5094003081321716 0.618863046169281 -0.47687602043151855 0.5095204710960388 1.3097542524337769 -0.21597276628017426
frame-000287.color.jpg 0.3643102975974027 0.524334192276001 0.6219350695610046 -0.4533745050430298 0.5028630495071411 1.3311527967453003 -0.15287218987941742
frame-000288.color.jpg 0.36402851992476587 0.5334798097610474 0.6230983734130859 -0.441169798374176 0.49696868658065796 1.3312828540802002 -0.12349242717027664
frame-000289.color.jpg 0.3566361087815842 0.5456475615501404 0.6315904259681702 -0.4197298288345337 0.4755323529243469 1.3356266021728516 -0.07106161117553711
frame-000290.color.jpg 0.3516733417027413 0.5597441792488098 0.6409749388694763 -0.3900813162326813 0.46320822834968567 1.333284854888916 0.0055558388121426105
frame-000291.color.jpg 0.3439401293925514 0.5743262767791748 0.6438490152359009 -0.3705577552318573 0.45956796407699585 1.3236781358718872 0.07330082356929779
frame-000292.color.jpg 0.33796667381971585 0.5849454998970032 0.6480134129524231 -0.3517042100429535 0.448111891746521 1.3060023784637451 0.11909951269626617
frame-000293.color.jpg 0.3323020554973309 0.5906513929367065 0.650020182132721 -0.3437729775905609 0.43589335680007935 1.3008019924163818 0.14507216215133667
frame-000294.color.jpg 0.3252306524017779 0.5952134132385254 0.6522836089134216 -0.3383372724056244 0.43131017684936523 1.2844616174697876 0.16760578751564026
frame-000295.color.jpg 0.31944468776738144 0.597348690032959 0.6581214070320129 -0.32864245772361755 0.409432977437973 1.2809020280838013 0.19907855987548828
frame-000296.color.jpg 0.3199450706618104 0.6015047430992126 0.6580203771591187 -0.3206811845302582 0.4007827639579773 1.2629332542419434 0.22300538420677185
frame-000297.color.jpg 0.318744002077191 0.6081292033195496 0.6560335159301758 -0.3133706748485565 0.39461392164230347 1.2430588006973267 0.24386921525001526
frame-000298.color.jpg 0.30844334198037704 0.6135914325714111 0.657665491104126 -0.3095875382423401 0.39529097080230713 1.2317677736282349 0.27088287472724915
frame-000299.color.jpg 0.3019101390149301 0.6192341446876526 0.6587172746658325 -0.3024744391441345 0.39615002274513245 1.2149550914764404 0.29452255368232727
frame-000300.color.jpg 0.2963301907827 0.6287404894828796 0.6577833294868469 -0.29016372561454773 0.4013276696205139 1.1958786249160767 0.32603028416633606
frame-000301.color.jpg 0.28347934097927435 0.6411881446838379 0.6584890484809875 -0.27369600534439087 0.4061514437198639 1.17592453956604 0.3804200291633606
frame-000302.color.jpg 0.27831901821382693 0.6609069108963013 0.6454555988311768 -0.26292118430137634 0.4486968517303467 1.142809271812439 0.4105910658836365
frame-000303.color.jpg 0.27105143173477325 0.6806137561798096 0.6319883465766907 -0.25275808572769165 0.4898602068424225 1.117620825767517 0.44381049275398254
frame-000304.color.jpg 0.2562471441012439 0.703980028629303 0.6157605051994324 -0.24410781264305115 0.5489870309829712 1.0732800960540771 0.4861026406288147
frame-000305.color.jpg 0.24684691884327917 0.721291184425354 0.6055407524108887 -0.22831113636493683 0.5759329199790955 1.030924677848816 0.5329617857933044
frame-000306.color.jpg 0.24114811649289178 0.7311722636222839 0.5990447998046875 -0.21995441615581512 0.5843086242675781 1.0045100450515747 0.559295117855072
frame-000307.color.jpg 0.23730818435727272 0.7414994835853577 0.5940930843353271 -0.20227858424186707 0.5785524249076843 0.9647929668426514 0.5890938639640808
frame-000308.color.jpg 0.23246453481981932 0.7451072931289673 0.5953994989395142 -0.1904594451189041 0.5721908807754517 0.9465363621711731 0.6068578958511353
frame-000309.color.jpg 0.22399068336367361 0.7349399924278259 0.6088092923164368 -0.19759219884872437 0.5475873351097107 0.9608892202377319 0.5860998034477234
frame-000310.color.jpg 0.21718909130325664 0.7167840003967285 0.6330171227455139 -0.19580304622650146 0.47925662994384766 0.9859915375709534 0.5812675356864929
frame-000311.color.jpg 0.21981404948110386 0.6846274733543396 0.6577343940734863 -0.2243935763835907 0.3770749270915985 1.0391746759414673 0.5238730311393738
frame-000312.color.jpg 0.20449575405620488 0.666181206703186 0.6749256253242493 -0.2426099330186844 0.35029006004333496 1.0456488132476807 0.5075616836547852
frame-000313.color.jpg 0.20061958434129734 0.6579304337501526 0.6801556944847107 -0.2535105347633362 0.33829978108406067 1.057753324508667 0.5028172731399536
frame-000314.color.jpg 0.20040679611674822 0.6573580503463745 0.67840176820755 -0.2597857713699341 0.3205002546310425 1.0542190074920654 0.5041234493255615
frame-000315.color.jpg 0.20166435144035588 0.6571446657180786 0.6776672005653381 -0.2612651288509369 0.2992646098136902 1.051979422569275 0.5093122124671936
frame-000316.color.jpg 0.20046752698070772 0.6593625545501709 0.6747798323631287 -0.2640567719936371 0.28782838582992554 1.0483016967773438 0.5157138705253601
frame-000317.color.jpg 0.19748917726522872 0.6617498993873596 0.6729466319084167 -0.265005499124527 0.278507798910141 1.0431523323059082 0.5278468132019043
frame-000318.color.jpg 0.1980811614259701 0.6637377142906189 0.670595645904541 -0.2655514180660248 0.2633727788925171 1.0438272953033447 0.5339832305908203
frame-000319.color.jpg 0.20126711701486072 0.6715028882026672 0.6628881096839905 -0.2629728317260742 0.25671809911727905 1.042752742767334 0.5415024161338806
frame-000320.color.jpg 0.20557221296028833 0.6852745413780212 0.6498761773109436 -0.2565144896507263 0.254911869764328 1.0469326972961426 0.5539733171463013
frame-000321.color.jpg 0.20756381005256247 0.6956527829170227 0.6418712139129639 -0.24695318937301636 0.24928247928619385 1.0435551404953003 0.5648494958877563
frame-000322.color.jpg 0.21114977470740717 0.7066500782966614 0.6318694949150085 -0.23833243548870087 0.239822119474411 1.0498907566070557 0.5684755444526672
frame-000323.color.jpg 0.2262053132904939 0.7166866064071655 0.61735999584198 -0.2325039505958557 0.23776553571224213 1.066009521484375 0.5609288811683655
frame-000324.color.jpg 0.23340264160954471 0.7253480553627014 0.6055209636688232 -0.2296469658613205 0.23187939822673798 1.0680649280548096 0.5526660680770874
frame-000325.color.jpg 0.2320483922056605 0.732010006904602 0.5990368723869324 -0.22686918079853058 0.2321907877922058 1.0721760988235474 0.5566614270210266
frame-000326.color.jpg 0.2375034251180373 0.7438669204711914 0.5848962068557739 -0.21943241357803345 0.23301352560520172 1.071607232093811 0.5528189539909363
frame-000327.color.jpg 0.2503273306054852 0.7550454139709473 0.5638296008110046 -0.2221236675977707 0.24397718906402588 1.0723564624786377 0.5261258482933044
frame-000328.color.jpg 0.25551697984100874 0.7666242718696594 0.5487143993377686 -0.21426817774772644 0.24954411387443542 1.0752432346343994 0.5349919199943542
frame-000329.color.jpg 0.26733357977801747 0.7716851234436035 0.5357935428619385 -0.21438287198543549 0.24880287051200867 1.0951536893844604 0.5156884789466858
frame-000330.color.jpg 0.28366921949087837 0.7731715440750122 0.5236071348190308 -0.21811272203922272 0.24719847738742828 1.1186978816986084 0.47778958082199097
frame-000331.color.jpg 0.2976502844382589 0.7749035358428955 0.5106493830680847 -0.2239774763584137 0.2595035135746002 1.1383415460586548 0.4525164067745209
frame-000332.color.jpg 0.30924279495020784 0.7731422185897827 0.5049930810928345 -0.22716058790683746 0.252218097448349 1.1549959182739258 0.4285634160041809
frame-000333.color.jpg 0.3162339135374942 0.770599901676178 0.5019547939300537 -0.2328372597694397 0.2508551776409149 1.1634684801101685 0.4018470346927643
frame-000334.color.jpg 0.3243233771187113 0.7674915790557861 0.5001943111419678 -0.23574717342853546 0.24586579203605652 1.184519648551941 0.37442484498023987
frame-000335.color.jpg 0.33685649603276663 0.7599936723709106 0.5011632442474365 -0.24035915732383728 0.22708462178707123 1.1974713802337646 0.3399675190448761
frame-000336.color.jpg 0.34968382346512566 0.7512152194976807 0.5028606057167053 -0.24602463841438293 0.2055201381444931 1.2097280025482178 0.29533642530441284
frame-000337.color.jpg 0.3592686000091634 0.7483253479003906 0.49788084626197815 -0.25109758973121643 0.20564772188663483 1.2223960161209106 0.26049384474754333
frame-000338.color.jpg 0.3660512933086752 0.7469812035560608 0.4934091866016388 -0.25411221385002136 0.19596970081329346 1.2356446981430054 0.2428811490535736
frame-000339.color.jpg 0.37406840806506403 0.7455350160598755 0.4885362684726715 -0.25609150528907776 0.18152187764644623 1.254144310951233 0.22606882452964783
frame-000340.color.jpg 0.3759387858833779 0.7491394281387329 0.4840085804462433 -0.2513877749443054 0.17679721117019653 1.2608579397201538 0.22598299384117126
frame-000341.color.jpg 0.37613518355405945 0.7549175024032593 0.4759945273399353 -0.24910056591033936 0.19671975076198578 1.2393643856048584 0.2292180061340332
frame-000342.color.jpg 0.378310000080029 0.7610713243484497 0.462800532579422 -0.2519279420375824 0.2272895723581314 1.2377477884292603 0.22741849720478058
frame-000343.color.jpg 0.38118310726636245 0.760199248790741 0.466465562582016 -0.24332383275032043 0.20409968495368958 1.2411742210388184 0.23631368577480316
frame-000344.color.jpg 0.3918480908211561 0.7581659555435181 0.45857369899749756 -0.24768848717212677 0.21174658834934235 1.2462682723999023 0.21361885964870453
frame-000345.color.jpg 0.40261159607802943 0.751508355140686 0.45661231875419617 -0.2542523443698883 0.20068179070949554 1.2436097860336304 0.17547251284122467
frame-000346.color.jpg 0.4094764137352038 0.7507732510566711 0.4533653259277344 -0.2512539327144623 0.19537456333637238 1.2451483011245728 0.1644381731748581
frame-000347.color.jpg 0.4098353892190405 0.7530093193054199 0.4545798897743225 -0.24159713089466095 0.18028733134269714 1.2505247592926025 0.18437883257865906
frame-000348.color.jpg 0.4074421844984047 0.7581963539123535 0.4539788067340851 -0.23028767108917236 0.16753973066806793 1.2550159692764282 0.20458030700683594
frame-000349.color.jpg 0.40275072033972664 0.7637093663215637 0.4540986120700836 -0.21985074877738953 0.16472193598747253 1.2554535865783691 0.22534315288066864
frame-000350.color.jpg 0.40039570577793143 0.767368733882904 0.45178553462028503 -0.21614401042461395 0.16607566177845 1.2488359212875366 0.2320788949728012
frame-000351.color.jpg 0.3903724440368295 0.770645022392273 0.4597473740577698 -0.20578636229038239 0.14899113774299622 1.2444744110107422 0.2746284306049347
frame-000352.color.jpg 0.3816311720047558 0.7732136845588684 0.46535027027130127 -0.19986818730831146 0.13607972860336304 1.2348153591156006 0.2949167490005493
frame-000353.color.jpg 0.37712354270886284 0.7761040925979614 0.46871694922447205 -0.18906304240226746 0.1242910847067833 1.2343841791152954 0.3197912573814392
frame-000354.color.jpg 0.3768884735755076 0.7801090478897095 0.4631340503692627 -0.18679311871528625 0.1293572038412094 1.226320505142212 0.32050880789756775
frame-000355.color.jpg 0.37640202754726304 0.7844778299331665 0.45619091391563416 -0.18656359612941742 0.1381703019142151 1.2215795516967773 0.3216826319694519
frame-000356.color.jpg 0.37790431889118353 0.7880818843841553 0.45011743903160095 -0.18305595219135284 0.143271803855896 1.2060976028442383 0.3308863937854767
frame-000357.color.jpg 0.37294556057554085 0.792008101940155 0.4473118782043457 -0.18315792083740234 0.1524970680475235 1.2006683349609375 0.3374766409397125
frame-000358.color.jpg 0.3695162560250127 0.7972627878189087 0.43632909655570984 -0.1935112476348877 0.19254186749458313 1.1976966857910156 0.32876476645469666
