frame-000000.color.jpg 0.36784565901598076 0.9297560453414917 0.015202836133539677 0.003480136627331376 1.5036442279815674 4.165588855743408 -2.146921157836914
frame-000001.color.jpg 0.36609333750099005 0.9305317401885986 0.007440031971782446 0.005562114529311657 1.5750175714492798 4.155075550079346 -2.1159327030181885
frame-000002.color.jpg 0.36830719787469873 0.9296848177909851 0.0058406502939760685 0.0013056023744866252 1.5987308025360107 4.132151126861572 -2.1513516902923584
frame-000003.color.jpg 0.36930223440465976 0.929240345954895 0.010773195885121822 -0.00348607636988163 1.557603359222412 4.141504287719727 -2.178412675857544
frame-000004.color.jpg 0.3717644001264567 0.9281136393547058 0.019163044169545174 -0.005397703964263201 1.4840941429138184 4.146543979644775 -2.2077386379241943
frame-000005.color.jpg 0.3714374720354773 0.9282554388046265 0.01895427517592907 -0.004087577108293772 1.493370771408081 4.149920463562012 -2.2017345428466797
frame-000006.color.jpg 0.3726362778731347 0.9277148246765137 0.020151326432824135 -0.009012698195874691 1.469697117805481 4.141854763031006 -2.225971221923828
frame-000007.color.jpg 0.39313749644955553 0.9193152785301208 0.017356161028146744 0.0010047991527244449 1.5016762018203735 4.067559242248535 -2.3467743396759033
frame-000008.color.jpg 0.39887512944726816 0.916930079460144 0.011603014543652534 0.001772022689692676 1.5460187196731567 4.026618957519531 -2.385624885559082
frame-000009.color.jpg 0.40244070602248594 0.9151479005813599 -0.014473829418420792 0.018338507041335106 1.7766759395599365 3.951066017150879 -2.324103355407715
frame-000010.color.jpg 0.3980577281406657 0.9168508648872375 -0.02229398675262928 0.02091662771999836 1.842734694480896 3.9490301609039307 -2.2694716453552246
frame-000011.color.jpg 0.41716434118116613 0.9079902172088623 -0.031854141503572464 0.022648321464657784 1.9098700284957886 3.8106539249420166 -2.3962230682373047
frame-000012.color.jpg 0.43116296435648893 0.9010231494903564 -0.040336839854717255 0.025075042620301247 1.9032317399978638 3.7132155895233154 -2.4612629413604736
frame-000013.color.jpg 0.4445830221524121 0.8936261534690857 -0.050270311534404755 0.03537119925022125 1.941772699356079 3.613365650177002 -2.487973690032959
frame-000014.color.jpg 0.4614601121743779 0.8841987252235413 -0.05664815008640289 0.04514562338590622 1.978740930557251 3.498234510421753 -2.5676701068878174
frame-000015.color.jpg 0.47948962856941096 0.8742552995681763 -0.057192347943782806 0.04996480420231819 1.9569635391235352 3.400773048400879 -2.6920878887176514
frame-000016.color.jpg 0.481332874644135 0.8721516728401184 -0.06306584924459457 0.06076812744140625 2.005934000015259 3.3753292560577393 -2.66491436958313
frame-000017.color.jpg 0.49692508435826854 0.8640316724777222 -0.05588380619883537 0.0582389310002327 1.9480355978012085 3.307192325592041 -2.816204786300659
frame-000018.color.jpg 0.5115801339696825 0.8553987145423889 -0.055114421993494034 0.059507668018341064 1.9531461000442505 3.198739767074585 -2.921492576599121
frame-000019.color.jpg 0.5192643666311499 0.8507109880447388 -0.057402849197387695 0.05796727165579796 1.955991268157959 3.1405043601989746 -2.9705841541290283
frame-000020.color.jpg 0.5252704856492354 0.846394419670105 -0.06257901340723038 0.06157323345541954 2.027266263961792 3.088136911392212 -2.99851393699646
frame-000021.color.jpg 0.5281794249410966 0.8442628383636475 -0.06279105693101883 0.06560493260622025 2.002950429916382 3.101940870285034 -3.0032238960266113
frame-000022.color.jpg 0.5315080642262962 0.8417905569076538 -0.06796320527791977 0.06533709913492203 2.0439670085906982 3.0639517307281494 -3.0208873748779297
frame-000023.color.jpg 0.5360145541083702 0.8375324606895447 -0.07234116643667221 0.07742401212453842 2.0977323055267334 3.0396053791046143 -3.006765604019165
frame-000024.color.jpg 0.5337388083827181 0.8404663801193237 -0.0702555701136589 0.06167092174291611 2.0162014961242676 3.048860788345337 -3.0364720821380615
frame-000025.color.jpg 0.5363169354702729 0.8390036225318909 -0.06653732806444168 0.06332258135080338 1.9880094528198242 3.06350040435791 -3.0556399822235107
frame-000026.color.jpg 0.542034384847488 0.835102915763855 -0.059762608259916306 0.07232026755809784 1.9319052696228027 3.0722694396972656 -3.0809502601623535
frame-000027.color.jpg 0.5495071180470714 0.8305187225341797 -0.0543561726808548 0.0729786828160286 1.8647571802139282 3.034813165664673 -3.134550094604492
frame-000028.color.jpg 0.5408794693883558 0.8357958197593689 -0.05664930120110512 0.07540225982666016 1.871880292892456 3.1649422645568848 -3.0660390853881836
frame-000029.color.jpg 0.5413305928032723 0.8336748480796814 -0.06981154531240463 0.08410580456256866 1.9878228902816772 3.1414010524749756 -2.9978299140930176
frame-000030.color.jpg 0.5378453965408198 0.8359613418579102 -0.07044409215450287 0.08323898166418076 1.980059266090393 3.1519851684570312 -2.9716548919677734
frame-000031.color.jpg 0.5461253673749628 0.8303681015968323 -0.0769897997379303 0.07942627370357513 2.011486291885376 3.041410207748413 -3.024202585220337
frame-000032.color.jpg 0.5467716615731439 0.8297253847122192 -0.08314874023199081 0.0753849595785141 2.027132272720337 3.0099854469299316 -3.0053322315216064
frame-000033.color.jpg 0.5447544304599261 0.828973650932312 -0.09927859902381897 0.07867059111595154 2.1844143867492676 2.9558844566345215 -2.9405064582824707
frame-000034.color.jpg 0.5437801712884738 0.8297820687294006 -0.10080435872077942 0.07485592365264893 2.1688039302825928 2.9519479274749756 -2.9363741874694824
frame-000035.color.jpg 0.5238054310174232 0.838597297668457 -0.12197376787662506 0.08663064241409302 2.3792598247528076 3.058152437210083 -2.7023823261260986
frame-000036.color.jpg 0.5110878793899201 0.8436025977134705 -0.1363605111837387 0.09235673397779465 2.5055809020996094 3.070680618286133 -2.568187713623047
frame-000037.color.jpg 0.506062576354114 0.8449385166168213 -0.1434773951768875 0.0969216451048851 2.5756046772003174 3.0616114139556885 -2.5034525394439697
frame-000038.color.jpg 0.5027252517254228 0.8476091027259827 -0.1417233943939209 0.09349115937948227 2.543489456176758 3.079850196838379 -2.500643253326416
frame-000039.color.jpg 0.5109854119811843 0.8448327779769897 -0.14111705124378204 0.07237043231725693 2.504145622253418 2.9529216289520264 -2.628260612487793
frame-000040.color.jpg 0.5055164105505812 0.8472463488578796 -0.1427895873785019 0.07898082584142685 2.529170036315918 2.9852166175842285 -2.5640673637390137
frame-000041.color.jpg 0.48762111560490984 0.8567541837692261 -0.14487819373607635 0.08490128070116043 2.546078681945801 3.1162970066070557 -2.4145865440368652
frame-000042.color.jpg 0.4642796034471917 0.8690634369850159 -0.15052171051502228 0.0807233527302742 2.5780863761901855 3.2247157096862793 -2.258636951446533
frame-000043.color.jpg 0.4312914935250054 0.8835000395774841 -0.1610894501209259 0.08640311658382416 2.641144037246704 3.3262813091278076 -1.9852732419967651
frame-000044.color.jpg 0.4252838240527435 0.8860949277877808 -0.16354678571224213 0.084981270134449 2.6523609161376953 3.3377394676208496 -1.9407074451446533
frame-000045.color.jpg 0.4134913289693354 0.8921962380409241 -0.16367340087890625 0.07887805253267288 2.6400716304779053 3.365668773651123 -1.8775150775909424
frame-000046.color.jpg 0.40678540180374384 0.8956907987594604 -0.16383947432041168 0.07362281531095505 2.6298985481262207 3.382490873336792 -1.846659541130066
frame-000047.color.jpg 0.3925084593561826 0.9018277525901794 -0.1682834029197693 0.06576037406921387 2.6537840366363525 3.403369903564453 -1.7665672302246094
frame-000048.color.jpg 0.3800981688125155 0.9057335257530212 -0.17400354146957397 0.069963239133358 2.6875662803649902 3.4190776348114014 -1.6426547765731812
frame-000049.color.jpg 0.37157105993393014 0.9085806608200073 -0.1783239245414734 0.06794547289609909 2.7103819847106934 3.4143927097320557 -1.5807571411132812
frame-000050.color.jpg 0.35769801842463456 0.9130809903144836 -0.18358293175697327 0.06806288659572601 2.75262188911438 3.4373912811279297 -1.4585654735565186
frame-000051.color.jpg 0.3377400305559107 0.9185354113578796 -0.1910361796617508 0.07569391280412674 2.811103582382202 3.4765214920043945 -1.2506115436553955
frame-000052.color.jpg 0.32858542378701877 0.9198192358016968 -0.20001953840255737 0.0771775171160698 2.8793628215789795 3.454766035079956 -1.1551464796066284
frame-000053.color.jpg 0.3250939094005991 0.9202867746353149 -0.20369261503219604 0.07678307592868805 2.9009311199188232 3.437817335128784 -1.1189628839492798
frame-000054.color.jpg 0.3201519749427193 0.9187390804290771 -0.21596381068229675 0.08234544098377228 2.9924302101135254 3.3755998611450195 -1.0267493724822998
frame-000055.color.jpg 0.31183364380288586 0.9194818139076233 -0.22457391023635864 0.08294312655925751 3.04423451423645 3.350095510482788 -0.9332017302513123
frame-000056.color.jpg 0.3036341169439858 0.9210220575332642 -0.23022189736366272 0.08076227456331253 3.0550665855407715 3.3344523906707764 -0.8636550903320312
frame-000057.color.jpg 0.295029236068255 0.9208617806434631 -0.24048973619937897 0.0844741091132164 3.129424810409546 3.295375347137451 -0.7589423060417175
frame-000058.color.jpg 0.2834514469923657 0.9225819706916809 -0.24797406792640686 0.08370553702116013 3.172278881072998 3.273996353149414 -0.6588513851165771
frame-000059.color.jpg 0.28550181424175314 0.9188641309738159 -0.25871628522872925 0.08510827273130417 3.230452060699463 3.193117141723633 -0.648097574710846
frame-000060.color.jpg 0.27366263845146305 0.9009444117546082 -0.3188892602920532 0.10824768990278244 3.5926740169525146 2.846529722213745 -0.3307061493396759
frame-000061.color.jpg 0.2787570630915447 0.8909314274787903 -0.3377837836742401 0.12015767395496368 3.6920602321624756 2.7078258991241455 -0.26924195885658264
frame-000062.color.jpg 0.26886136595601623 0.87702876329422 -0.37468770146369934 0.13469697535037994 3.855342388153076 2.490206718444824 -0.026012467220425606
frame-000063.color.jpg 0.2707663891176293 0.8467020392417908 -0.4317454993724823 0.15289556980133057 4.113771915435791 2.044677257537842 0.19380328059196472
frame-000064.color.jpg 0.26816043434894865 0.8277696967124939 -0.4627075791358948 0.16967323422431946 4.211428642272949 1.8100745677947998 0.3921217620372772
frame-000065.color.jpg 0.26282901678905196 0.8052130341529846 -0.49807047843933105 0.18568487465381622 4.290233135223389 1.5232411623001099 0.6237862706184387
frame-000066.color.jpg 0.2590904595297511 0.7840980291366577 -0.5276121497154236 0.1992177814245224 4.327916145324707 1.277347207069397 0.8216468095779419
frame-000067.color.jpg 0.25812235888757007 0.7724716663360596 -0.5432621836662292 0.20378072559833527 4.337662220001221 1.1432429552078247 0.9119993448257446
frame-000068.color.jpg 0.2537823715731398 0.7602459192276001 -0.5590853095054626 0.21223628520965576 4.329034328460693 1.0065053701400757 1.0455906391143799
frame-000069.color.jpg 0.256443258661999 0.7248424887657166 -0.5957110524177551 0.2323111742734909 4.286763668060303 0.6819111108779907 1.288164734840393
frame-000070.color.jpg 0.2555999604014293 0.7164800763130188 -0.6040116548538208 0.23768651485443115 4.243038654327393 0.6143330335617065 1.3582358360290527
frame-000071.color.jpg 0.2687371286197665 0.7006640434265137 -0.6128551959991455 0.24750491976737976 4.203411102294922 0.5138709545135498 1.3947285413742065
frame-000072.color.jpg 0.2724531185971225 0.7026785612106323 -0.6107556223869324 0.24287809431552887 4.156010150909424 0.5354145765304565 1.338585376739502
frame-000073.color.jpg 0.2679727755358884 0.7031189799308777 -0.6114608645439148 0.24480585753917694 4.115822792053223 0.5463083982467651 1.3761340379714966
frame-000074.color.jpg 0.2677106793230343 0.7003635168075562 -0.6162891983985901 0.24085167050361633 4.069010257720947 0.49355849623680115 1.362912893295288
frame-000075.color.jpg 0.2719958956894726 0.6929457783699036 -0.6241585612297058 0.2372138351202011 4.0453691482543945 0.3949436843395233 1.3410593271255493
frame-000076.color.jpg 0.26908433893816003 0.6871311664581299 -0.633453369140625 0.23276875913143158 3.975665807723999 0.30078640580177307 1.356928825378418
frame-000077.color.jpg 0.26397130784874695 0.6883845925331116 -0.6369151473045349 0.22535517811775208 3.940946578979492 0.2609837055206299 1.3352558612823486
frame-000078.color.jpg 0.26321821691451813 0.6929916739463806 -0.6328299641609192 0.22361807525157928 3.89892315864563 0.297715961933136 1.2873413562774658
frame-000079.color.jpg 0.2526685730785801 0.6711995005607605 -0.6633084416389465 0.21370956301689148 3.7850911617279053 0.027126431465148926 1.3436214923858643
frame-000080.color.jpg 0.24901900232293966 0.6613298058509827 -0.676103413105011 0.20860663056373596 3.729301691055298 -0.06920496374368668 1.3547075986862183
frame-000081.color.jpg 0.2520437166591913 0.6602994203567505 -0.6784153580665588 0.20057730376720428 3.707686424255371 -0.07569761574268341 1.281688928604126
frame-000082.color.jpg 0.2631164355544756 0.6704578995704651 -0.6676718592643738 0.18833555281162262 3.701716184616089 0.030808117240667343 1.1007939577102661
frame-000083.color.jpg 0.26185525424010897 0.706701934337616 -0.6411156058311462 0.1448274552822113 3.6854259967803955 0.31901073455810547 0.7378677129745483
frame-000084.color.jpg 0.29560815118868206 0.7691896557807922 -0.5568596720695496 0.10426165908575058 3.5044634342193604 0.9819474816322327 0.15017618238925934
frame-000085.color.jpg 0.31007364972755835 0.7913385629653931 -0.5179060697555542 0.09700995683670044 3.3858673572540283 1.2503206729888916 -0.03716205060482025
frame-000086.color.jpg 0.33008898517199714 0.8055533170700073 -0.48447808623313904 0.08605898916721344 3.2519023418426514 1.440035104751587 -0.24187049269676208
frame-000087.color.jpg 0.3310014294999397 0.8197813034057617 -0.4596324861049652 0.08446729928255081 3.1028025150299072 1.6278740167617798 -0.2969551086425781
frame-000088.color.jpg 0.3555403123195119 0.8332211971282959 -0.416940838098526 0.07412061095237732 2.918227434158325 1.867464542388916 -0.5821518898010254
frame-000089.color.jpg 0.3614367836969275 0.8353447914123535 -0.4096803367137909 0.061027877032756805 2.853320360183716 1.9218262434005737 -0.7001501321792603
frame-000090.color.jpg 0.3562663308359566 0.8365421891212463 -0.41215384006500244 0.058314934372901917 2.8434948921203613 1.9363367557525635 -0.6925347447395325
frame-000091.color.jpg 0.35798532378446307 0.843778669834137 -0.395510733127594 0.05878157913684845 2.7499477863311768 2.0482630729675293 -0.7381553053855896
frame-000092.color.jpg 0.3636476563366387 0.8617104887962341 -0.35160890221595764 0.03983093053102493 2.4454848766326904 2.288767099380493 -0.898790717124939
frame-000093.color.jpg 0.3607000776953529 0.8744285702705383 -0.32251083850860596 0.035454533994197845 2.232179641723633 2.4418323040008545 -0.9279047250747681
frame-000094.color.jpg 0.36567075385088765 0.8820385932922363 -0.29634541273117065 0.021728746592998505 2.0347023010253906 2.5446765422821045 -1.0222822427749634
frame-000095.color.jpg 0.36679433362442865 0.8845896124839783 -0.28750085830688477 0.017505692318081856 1.9587208032608032 2.5933773517608643 -1.05782151222229
frame-000096.color.jpg 0.36465364823199564 0.882283627986908 -0.29635271430015564 0.0279000885784626 1.987383484840393 2.5979509353637695 -1.0321662425994873
frame-000097.color.jpg 0.34837913523582215 0.8909213542938232 -0.2895585000514984 0.03235812857747078 1.9237918853759766 2.702698230743408 -0.9498535990715027
frame-000098.color.jpg 0.34218626916539774 0.8942145705223083 -0.2859732508659363 0.038834284991025925 1.878645658493042 2.765679121017456 -0.918920636177063
frame-000099.color.jpg 0.33799247849341457 0.8958770036697388 -0.2864314317703247 0.03350508213043213 1.862506628036499 2.8027055263519287 -0.9198378920555115
frame-000100.color.jpg 0.34450277248298783 0.8904750347137451 -0.29630327224731445 0.02400745265185833 1.9060167074203491 2.7683515548706055 -0.9904168844223022
frame-000101.color.jpg 0.3425092940813809 0.8855560421943665 -0.3130132853984833 0.022374484688043594 1.9886800050735474 2.73652720451355 -0.978838324546814
frame-000102.color.jpg 0.3380106538067283 0.881639301776886 -0.32822948694229126 0.026950085535645485 2.063302755355835 2.7142446041107178 -0.9441608786582947
frame-000103.color.jpg 0.3227527830809047 0.8805413246154785 -0.34487882256507874 0.03919466957449913 2.14314603805542 2.7070741653442383 -0.8171849250793457
frame-000104.color.jpg 0.32933111812274996 0.8777512907981873 -0.3456992506980896 0.03982211649417877 2.1079370975494385 2.712357997894287 -0.8715217113494873
frame-000105.color.jpg 0.3369939891622582 0.8890848159790039 -0.3059440851211548 0.04859508201479912 1.8041236400604248 2.853177309036255 -0.9353258609771729
frame-000106.color.jpg 0.3345426188348604 0.9016109704971313 -0.2717899680137634 0.036180298775434494 1.5503051280975342 2.977184295654297 -0.9596909284591675
frame-000107.color.jpg 0.34755300861691546 0.9012560248374939 -0.2575926184654236 0.024302201345562935 1.4419492483139038 2.985426902770996 -1.0712116956710815
frame-000108.color.jpg 0.3484360109008201 0.9019198417663574 -0.2538909912109375 0.025931647047400475 1.3971587419509888 2.9967546463012695 -1.0775405168533325
frame-000109.color.jpg 0.35122480293592423 0.9001078605651855 -0.25563564896583557 0.03312774375081062 1.3925074338912964 2.988570213317871 -1.0968679189682007
frame-000110.color.jpg 0.3543954255894203 0.9009509682655334 -0.24509376287460327 0.05118846520781517 1.3106236457824707 3.027277708053589 -1.1066561937332153
frame-000111.color.jpg 0.3558235263110098 0.9017965197563171 -0.23855029046535492 0.05697612091898918 1.2630971670150757 3.052586793899536 -1.1186714172363281
frame-000112.color.jpg 0.35187275314970223 0.905974805355072 -0.2278827279806137 0.05886203795671463 1.182073712348938 3.099209785461426 -1.105875015258789
frame-000113.color.jpg 0.34801405009595215 0.9092692136764526 -0.21832062304019928 0.0667223259806633 1.1207466125488281 3.150315046310425 -1.0877983570098877
frame-000114.color.jpg 0.3490216773576281 0.9105632901191711 -0.20946519076824188 0.07199113816022873 1.0654109716415405 3.1836862564086914 -1.1017552614212036
frame-000115.color.jpg 0.35205675100175887 0.9137179255485535 -0.18951913714408875 0.07251318544149399 0.9397071599960327 3.236168622970581 -1.1454002857208252
frame-000116.color.jpg 0.3534146109347445 0.916778028011322 -0.17234137654304504 0.07010426372289658 0.8252921104431152 3.2809982299804688 -1.1802932024002075
frame-000117.color.jpg 0.3556103946682047 0.9184530377388 -0.15722787380218506 0.07255750894546509 0.724604070186615 3.3211510181427 -1.2113734483718872
frame-000118.color.jpg 0.3535021497072311 0.9200747609138489 -0.15388239920139313 0.06941855698823929 0.7008519768714905 3.3594489097595215 -1.203372597694397
frame-000119.color.jpg 0.3569635161096226 0.9199095368385315 -0.14913898706436157 0.06403955817222595 0.6691885590553284 3.404332160949707 -1.2490766048431396
frame-000120.color.jpg 0.35933523795460715 0.9214524030685425 -0.1295095682144165 0.07092885673046112 0.5390892624855042 3.46297550201416 -1.2897508144378662
frame-000121.color.jpg 0.3742916074258512 0.9168172478675842 -0.12416667491197586 0.06272616982460022 0.506742000579834 3.477893829345703 -1.438504934310913
frame-000122.color.jpg 0.3785486735380202 0.9146711230278015 -0.13013114035129547 0.05606676638126373 0.5430448055267334 3.475745677947998 -1.4912985563278198
frame-000123.color.jpg 0.3772600019495094 0.9161999225616455 -0.1269495189189911 0.046222008764743805 0.49577605724334717 3.4957034587860107 -1.4941344261169434
frame-000124.color.jpg 0.3803576007503579 0.9172958731651306 -0.10842521488666534 0.046263016760349274 0.33792078495025635 3.507042407989502 -1.530046820640564
frame-000125.color.jpg 0.3817415765534499 0.9198236465454102 -0.07717137038707733 0.047353245317935944 0.06834914535284042 3.5253663063049316 -1.5522089004516602
frame-000126.color.jpg 0.3801385244062286 0.9214594960212708 -0.06507528573274612 0.046608421951532364 -0.038582537323236465 3.5339910984039307 -1.545263648033142
frame-000127.color.jpg 0.38259708208169374 0.9210441708564758 -0.055731430649757385 0.04680914804339409 -0.11633840203285217 3.526312828063965 -1.5673195123672485
frame-000128.color.jpg 0.38641794001393603 0.9210364818572998 -0.03178230673074722 0.03691760450601578 -0.3167111873626709 3.521972894668579 -1.580220103263855
frame-000129.color.jpg 0.3972615623905035 0.9172587990760803 -0.01878228969871998 0.02160325087606907 -0.4246862232685089 3.4955503940582275 -1.6329249143600464
frame-000130.color.jpg 0.4035442598389161 0.9148642420768738 -0.0018243378726765513 0.013121343217790127 -0.5523641109466553 3.464556932449341 -1.6713072061538696
frame-000131.color.jpg 0.40717664403516957 0.9132906794548035 0.001794157549738884 0.01020009908825159 -0.5844541788101196 3.4585371017456055 -1.7102876901626587
frame-000132.color.jpg 0.4083914900216127 0.9126991033554077 -0.0038959148805588484 0.01347296591848135 -0.540008008480072 3.478695869445801 -1.733566403388977
frame-000133.color.jpg 0.41079499146588955 0.9113399386405945 -0.013578458689153194 0.022860771045088768 -0.45810380578041077 3.496424913406372 -1.7687064409255981
frame-000134.color.jpg 0.42166272414117933 0.9063922762870789 -0.012109676375985146 0.022515637800097466 -0.453960120677948 3.4762721061706543 -1.8630622625350952
frame-000135.color.jpg 0.43146916127566026 0.9019541144371033 0.0006911185337230563 0.01768440753221512 -0.533319890499115 3.4420087337493896 -1.9584993124008179
frame-000136.color.jpg 0.43574639188435166 0.8998392820358276 0.0073553333058953285 0.018978551030158997 -0.571636438369751 3.4273037910461426 -2.011806011199951
frame-000137.color.jpg 0.43911608739750585 0.8981618285179138 0.010547804646193981 0.019260220229625702 -0.5908652544021606 3.4289660453796387 -2.0443971157073975
frame-000138.color.jpg 0.4429199025815756 0.8962442874908447 0.013423178344964981 0.01969509944319725 -0.5988275408744812 3.4188740253448486 -2.0873634815216064
frame-000139.color.jpg 0.4425706971954489 0.8964487910270691 0.015193608589470387 0.01673169434070587 -0.6118656396865845 3.43027925491333 -2.107186794281006
frame-000140.color.jpg 0.44458408995458415 0.8954296112060547 0.01253025233745575 0.019845934584736824 -0.5788891315460205 3.441995859146118 -2.141017436981201
frame-000141.color.jpg 0.4444161169072813 0.895479142665863 0.009320903569459915 0.022903285920619965 -0.5445010662078857 3.444801092147827 -2.1473658084869385
frame-000142.color.jpg 0.44356544022252187 0.8958739042282104 0.0025586592964828014 0.02555481344461441 -0.490888774394989 3.464784622192383 -2.1400811672210693
frame-000143.color.jpg 0.4444332032459344 0.8953739404678345 0.003512513590976596 0.027789492160081863 -0.5014268755912781 3.4454662799835205 -2.154153347015381
frame-000144.color.jpg 0.4381451727543581 0.8985003232955933 -0.003191686002537608 0.026753652840852737 -0.4544563889503479 3.489478588104248 -2.100323438644409
frame-000145.color.jpg 0.43812202653853216 0.8984004855155945 -0.004398029763251543 0.030104689300060272 -0.44764444231987 3.4905552864074707 -2.1003787517547607
frame-000146.color.jpg 0.4390560026190438 0.8979136943817139 -0.005448778159916401 0.03084062598645687 -0.435687392950058 3.4892354011535645 -2.1057426929473877
frame-000147.color.jpg 0.43747874565675127 0.8988069891929626 -0.005163299851119518 0.02704925462603569 -0.4411746561527252 3.491403341293335 -2.0954151153564453
frame-000148.color.jpg 0.43429979327876966 0.9003255367279053 -0.003992783837020397 0.02795856073498726 -0.4459066689014435 3.5085701942443848 -2.0739543437957764
frame-000149.color.jpg 0.4339962054764571 0.9004436731338501 -0.0027346687857061625 0.028999626636505127 -0.44978445768356323 3.512140989303589 -2.073831558227539
frame-000150.color.jpg 0.439365295088377 0.8980280160903931 0.0005775679601356387 0.022443266585469246 -0.4802067279815674 3.4916892051696777 -2.11482310295105
frame-000151.color.jpg 0.4437817790468575 0.8957656621932983 0.003337121568620205 0.025503862649202347 -0.4921562075614929 3.472978115081787 -2.1642658710479736
frame-000152.color.jpg 0.44522689887699735 0.8949666619300842 0.004740444011986256 0.028025120496749878 -0.4871276915073395 3.464923620223999 -2.184694290161133
frame-000153.color.jpg 0.4452432303469836 0.8949605822563171 0.002672146540135145 0.028230004012584686 -0.47140711545944214 3.46989107131958 -2.1873910427093506
frame-000154.color.jpg 0.44772900480484407 0.8937069177627563 0.002484190044924617 0.02864336036145687 -0.46566838026046753 3.4547958374023438 -2.215285539627075
frame-000155.color.jpg 0.44739586972301243 0.8938751220703125 -0.002283284440636635 0.028618840500712395 -0.4283854067325592 3.463825225830078 -2.2153568267822266
frame-000156.color.jpg 0.4464068660410751 0.8943386673927307 -0.0020519292447715998 0.029582755640149117 -0.4273146390914917 3.4702296257019043 -2.2094242572784424
frame-000157.color.jpg 0.4468948243041679 0.8940452337265015 -0.001633136416785419 0.031071703881025314 -0.4291515350341797 3.4720423221588135 -2.2153241634368896
frame-000158.color.jpg 0.45207322971413605 0.8914787173271179 0.0019031219417229295 0.029864495620131493 -0.45000159740448 3.446816921234131 -2.251920223236084
frame-000159.color.jpg 0.4542461694134037 0.8904251456260681 0.002965085208415985 0.028190596029162407 -0.4505561888217926 3.4421544075012207 -2.2788949012756348
frame-000160.color.jpg 0.4579596538971307 0.8886513113975525 -0.0021694886963814497 0.023814411833882332 -0.4094705581665039 3.4329073429107666 -2.318835973739624
frame-000161.color.jpg 0.4616809202208468 0.8867852687835693 -0.006385995540767908 0.02053748443722725 -0.36933451890945435 3.42289662361145 -2.364097833633423
frame-000162.color.jpg 0.47088889796726097 0.8820338249206543 -0.008934072218835354 0.014146695844829082 -0.3427277207374573 3.377275228500366 -2.446232557296753
frame-000163.color.jpg 0.47221429277966664 0.8813413977622986 -0.008348129689693451 0.013467345386743546 -0.33574071526527405 3.387566089630127 -2.473741054534912
frame-000164.color.jpg 0.4769980455302934 0.8787053227424622 -0.012944728136062622 0.013500805012881756 -0.29601290822029114 3.3735921382904053 -2.5264391899108887
frame-000165.color.jpg 0.48344397853929794 0.8750036358833313 -0.01759621500968933 0.018468046560883522 -0.25392597913742065 3.341919422149658 -2.5896260738372803
frame-000166.color.jpg 0.4900490934600196 0.8711090683937073 -0.0182998888194561 0.026192557066679 -0.24250566959381104 3.3125600814819336 -2.6475772857666016
frame-000167.color.jpg 0.4908997087106268 0.8705694079399109 -0.019354207441210747 0.027419673278927803 -0.2296452522277832 3.309934616088867 -2.655677556991577
frame-000168.color.jpg 0.4982540276919382 0.866122841835022 -0.0245963204652071 0.031130677089095116 -0.1701144427061081 3.2632460594177246 -2.7171719074249268
frame-000169.color.jpg 0.503579805746735 0.8630427122116089 -0.023438600823283195 0.03186487406492233 -0.16765214502811432 3.237971782684326 -2.7596616744995117
frame-000170.color.jpg 0.5124635170712311 0.8581658005714417 -0.01630021631717682 0.02582242153584957 -0.23515719175338745 3.1951327323913574 -2.8211588859558105
frame-000171.color.jpg 0.5163382545845264 0.8559591770172119 -0.013366646133363247 0.02345217578113079 -0.24770498275756836 3.1713263988494873 -2.843817710876465
frame-000172.color.jpg 0.5171366723072902 0.8557673692703247 -0.006569599267095327 0.013735384680330753 -0.3212979733943939 3.2048401832580566 -2.8346402645111084
frame-000173.color.jpg 0.5391937003164011 0.8420466780662537 0.005686847027391195 0.01397533155977726 -0.4202483296394348 3.0273141860961914 -2.9911766052246094
frame-000174.color.jpg 0.5444565402926744 0.8386269807815552 0.009851646609604359 0.013219734653830528 -0.45066356658935547 2.9914655685424805 -3.0322670936584473
frame-000175.color.jpg 0.543021267504842 0.8394240140914917 0.02075689099729061 0.008025211282074451 -0.5426733493804932 2.99068021774292 -3.0166618824005127
frame-000176.color.jpg 0.5471825207390465 0.8367144465446472 0.021707771345973015 0.005379785783588886 -0.5498590469360352 2.9787802696228027 -3.052501916885376
frame-000177.color.jpg 0.5482115843029929 0.836018979549408 0.022666405886411667 0.004747516941279173 -0.5559190511703491 2.9694881439208984 -3.0577242374420166
frame-000178.color.jpg 0.5662682974683175 0.8237901329994202 0.02612047828733921 0.005270502530038357 -0.5607393383979797 2.803821325302124 -3.1856536865234375
frame-000179.color.jpg 0.5610873192873782 0.8271539211273193 0.03143508732318878 -0.003054236061871052 -0.6196570992469788 2.865342617034912 -3.145535707473755
frame-000180.color.jpg 0.5562921190719229 0.8301784992218018 0.036162715405225754 -0.0059171803295612335 -0.6463558673858643 2.9088597297668457 -3.1127524375915527
frame-000181.color.jpg 0.5579564201247124 0.828312873840332 0.04907834157347679 -0.013182147406041622 -0.7533996105194092 2.879559278488159 -3.1058976650238037
frame-000182.color.jpg 0.5568224792028187 0.8281371593475342 0.06043466925621033 -0.02202826738357544 -0.850871741771698 2.876854419708252 -3.0791916847229004
frame-000183.color.jpg 0.5581848242982111 0.825384795665741 0.07634101808071136 -0.03662858530879021 -0.9968883991241455 2.8212826251983643 -3.0509958267211914
frame-000184.color.jpg 0.5571989417070052 0.825287938117981 0.08290005475282669 -0.03945433720946312 -1.0362673997879028 2.821470022201538 -3.0289998054504395
frame-000185.color.jpg 0.5549101884970569 0.8259925246238708 0.08806642144918442 -0.04533480480313301 -1.0859296321868896 2.839491844177246 -2.989386558532715
frame-000186.color.jpg 0.5521456085946103 0.8270449638366699 0.09346739202737808 -0.04894676432013512 -1.1335500478744507 2.8497402667999268 -2.9616940021514893
frame-000187.color.jpg 0.5467968637958749 0.830154538154602 0.09615378826856613 -0.051099687814712524 -1.1477855443954468 2.8734166622161865 -2.927088975906372
frame-000188.color.jpg 0.5379092116207822 0.8341799378395081 0.10558442771434784 -0.06041019409894943 -1.2375215291976929 2.915783643722534 -2.8420605659484863
frame-000189.color.jpg 0.5389770281423522 0.8321263194084167 0.1165919378399849 -0.05895724147558212 -1.3274363279342651 2.8721282482147217 -2.8489468097686768
frame-000190.color.jpg 0.535267614087664 0.8357427716255188 0.11581835150718689 -0.04010836407542229 -1.2935224771499634 2.899911642074585 -2.8589658737182617
frame-000191.color.jpg 0.5415539915845103 0.83602374792099 0.08590768277645111 -0.020088033750653267 -1.0474934577941895 2.9173457622528076 -2.993421792984009
frame-000192.color.jpg 0.5394263974052889 0.8392196893692017 0.06870631873607635 -0.002969366731122136 -0.9177768230438232 2.9461874961853027 -3.051724910736084
frame-000193.color.jpg 0.5377162495097384 0.84195476770401 0.04412205144762993 0.005176687613129616 -0.7319934964179993 3.018235683441162 -3.090998888015747
frame-000194.color.jpg 0.5401345748801447 0.8414483666419983 -0.0015109891537576914 0.01473140250891447 -0.4042263329029083 3.0554158687591553 -3.1847400665283203
frame-000195.color.jpg 0.5295930005967275 0.8456818461418152 -0.03271055594086647 0.057302076369524 -0.03388037532567978 3.161180019378662 -3.1819028854370117
frame-000196.color.jpg 0.5185721399583085 0.8509491682052612 -0.04468633607029915 0.07051007449626923 0.08805890381336212 3.27291202545166 -3.145260810852051
frame-000197.color.jpg 0.5156241667710583 0.8502383828163147 -0.06066121906042099 0.08687081187963486 0.25596609711647034 3.281717538833618 -3.1585917472839355
frame-000198.color.jpg 0.5095168725709434 0.8515554666519165 -0.0805559977889061 0.09357675909996033 0.42979899048805237 3.317152976989746 -3.1361517906188965
frame-000199.color.jpg 0.5041319390330689 0.8528860807418823 -0.10266804695129395 0.08885706216096878 0.5945839881896973 3.358607292175293 -3.1062309741973877
frame-000200.color.jpg 0.4897976008961653 0.8584758043289185 -0.1152396872639656 0.09918399155139923 0.7088413834571838 3.4581778049468994 -2.999067783355713
frame-000201.color.jpg 0.4872593045046115 0.8581922054290771 -0.12428280711174011 0.10314223915338516 0.786891520023346 3.45448899269104 -2.985297441482544
frame-000202.color.jpg 0.47387048064109843 0.8626294732093811 -0.13931894302368164 0.10912124812602997 0.8823210597038269 3.529193878173828 -2.8757858276367188
frame-000203.color.jpg 0.4674064748495044 0.8618431091308594 -0.1563243418931961 0.11966748535633087 1.0207730531692505 3.532413959503174 -2.811525821685791
frame-000204.color.jpg 0.4532304895063078 0.8659242391586304 -0.17155838012695312 0.12379441410303116 1.117881417274475 3.603203058242798 -2.6806488037109375
frame-000205.color.jpg 0.4360793035517289 0.8685145974159241 -0.19625867903232574 0.1303832083940506 1.3136415481567383 3.6591482162475586 -2.5137033462524414
frame-000206.color.jpg 0.43703929531832114 0.8645949363708496 -0.2086155116558075 0.1339845061302185 1.412169098854065 3.6157114505767822 -2.5118284225463867
frame-000207.color.jpg 0.4355459509509492 0.8625229001045227 -0.21778859198093414 0.13755738735198975 1.4864535331726074 3.5919790267944336 -2.486809730529785
frame-000208.color.jpg 0.4286608773642344 0.8625531196594238 -0.22756770253181458 0.1430552750825882 1.5718470811843872 3.6086840629577637 -2.419185161590576
frame-000209.color.jpg 0.42572181397458186 0.8608265519142151 -0.23568126559257507 0.14897307753562927 1.6450549364089966 3.5918610095977783 -2.3824894428253174
frame-000210.color.jpg 0.41627541977555677 0.8638821840286255 -0.24160447716712952 0.14849106967449188 1.6689523458480835 3.636085033416748 -2.2957868576049805
frame-000211.color.jpg 0.41147329828734336 0.8647488951683044 -0.24794866144657135 0.14635798335075378 1.7041131258010864 3.644653797149658 -2.248837471008301
frame-000212.color.jpg 0.41224945280755426 0.864466667175293 -0.2482670247554779 0.1452971249818802 1.707550287246704 3.6381349563598633 -2.2556471824645996
frame-000213.color.jpg 0.4039662154891549 0.8623749613761902 -0.2629644572734833 0.15482370555400848 1.8242062330245972 3.6250486373901367 -2.148021936416626
frame-000214.color.jpg 0.3912501636340151 0.8685525059700012 -0.2620260715484619 0.15453895926475525 1.7772754430770874 3.702106237411499 -2.0413901805877686
frame-000215.color.jpg 0.3747393778813247 0.8687347769737244 -0.27015843987464905 0.17856310307979584 1.8514610528945923 3.743450403213501 -1.8546346426010132
frame-000216.color.jpg 0.3842176324362867 0.8670102953910828 -0.27191871404647827 0.163493350148201 1.8398057222366333 3.6949801445007324 -1.9315978288650513
frame-000217.color.jpg 0.3904002108293117 0.8623579144477844 -0.2787545621395111 0.1619330644607544 1.8956084251403809 3.6278011798858643 -1.9633533954620361
frame-000218.color.jpg 0.3940685456441495 0.8602721691131592 -0.2799767553806305 0.1620333045721054 1.8996490240097046 3.60256290435791 -1.9802579879760742
frame-000219.color.jpg 0.39329576821668405 0.859198272228241 -0.28360140323638916 0.16330063343048096 1.9281419515609741 3.588777542114258 -1.9568231105804443
frame-000220.color.jpg 0.3921507756822219 0.8585376739501953 -0.2883395552635193 0.16121746599674225 1.9604384899139404 3.5730159282684326 -1.9380608797073364
frame-000221.color.jpg 0.39126135366249615 0.8591770529747009 -0.2883826494216919 0.1598900556564331 1.9589316844940186 3.574227809906006 -1.9325690269470215
frame-000222.color.jpg 0.38570436175309025 0.8638289570808411 -0.2838189899921417 0.15645591914653778 1.9042766094207764 3.623774290084839 -1.8957290649414062
frame-000223.color.jpg 0.38404362219408095 0.8643524646759033 -0.2852761745452881 0.154992938041687 1.9132734537124634 3.627437114715576 -1.8816485404968262
frame-000224.color.jpg 0.3850166274471269 0.864030122756958 -0.28663888573646545 0.15182989835739136 1.9329909086227417 3.606797218322754 -1.8947687149047852
frame-000225.color.jpg 0.38457276467776264 0.864170491695404 -0.2865508198738098 0.1523212194442749 1.9336286783218384 3.607028007507324 -1.8941495418548584
frame-000226.color.jpg 0.3760353299315417 0.8666898012161255 -0.29162219166755676 0.1496751606464386 1.9619560241699219 3.6314594745635986 -1.8085606098175049
frame-000227.color.jpg 0.37585836621531965 0.864672064781189 -0.2996603548526764 0.14586396515369415 2.021226644515991 3.5906982421875 -1.7943220138549805
frame-000228.color.jpg 0.3711872092234767 0.8663434982299805 -0.30181261897087097 0.1434505134820938 2.029299259185791 3.604492664337158 -1.7518494129180908
frame-000229.color.jpg 0.3692241315742026 0.8663988709449768 -0.3033146858215332 0.14500561356544495 2.0413432121276855 3.6061654090881348 -1.7312780618667603
frame-000230.color.jpg 0.3674256064922081 0.8652881979942322 -0.3069486618041992 0.14851708710193634 2.072601556777954 3.597036838531494 -1.7053112983703613
frame-000231.color.jpg 0.3643040806404459 0.8645131587982178 -0.3126309812068939 0.1488671749830246 2.1171658039093018 3.585202693939209 -1.673858880996704
frame-000232.color.jpg 0.3625599175527257 0.8625290393829346 -0.31824564933776855 0.15268872678279877 2.163881540298462 3.561494827270508 -1.648876428604126
frame-000233.color.jpg 0.3596121162334294 0.862801730632782 -0.32088908553123474 0.15258605778217316 2.1792705059051514 3.567884683609009 -1.6182940006256104
frame-000234.color.jpg 0.3583477187750728 0.8623377084732056 -0.32321760058403015 0.1532679945230484 2.197071075439453 3.5591800212860107 -1.606103539466858
frame-000235.color.jpg 0.3567811088621278 0.863141655921936 -0.322702556848526 0.15348219871520996 2.1880931854248047 3.5688061714172363 -1.59269118309021
frame-000236.color.jpg 0.3532511225970411 0.8645030856132507 -0.32180309295654297 0.15585531294345856 2.1760013103485107 3.5996005535125732 -1.5679516792297363
frame-000237.color.jpg 0.35479947880815976 0.8624734282493591 -0.32306817173957825 0.16088448464870453 2.199897527694702 3.581982135772705 -1.5726674795150757
frame-000238.color.jpg 0.3570845566300937 0.8640483617782593 -0.31668615341186523 0.16006532311439514 2.1322641372680664 3.610996723175049 -1.6102309226989746
frame-000239.color.jpg 0.3767223978916657 0.8547506928443909 -0.3087800145149231 0.17926663160324097 2.1139914989471436 3.549361228942871 -1.7735731601715088
frame-000240.color.jpg 0.4033519574390843 0.8477425575256348 -0.291424959897995 0.1836063265800476 1.9933745861053467 3.502531051635742 -2.010617971420288
frame-000241.color.jpg 0.42035760135975037 0.8358766436576843 -0.29134824872016907 0.19931361079216003 2.0560147762298584 3.4192934036254883 -2.1122846603393555
frame-000242.color.jpg 0.42399819139160466 0.8320468068122864 -0.29091334342956543 0.2080698013305664 2.0754306316375732 3.4012110233306885 -2.127615213394165
frame-000243.color.jpg 0.42934918069099065 0.8274515867233276 -0.290360689163208 0.21604135632514954 2.099937677383423 3.3735480308532715 -2.164443016052246
frame-000244.color.jpg 0.43695780488758507 0.8236396312713623 -0.2904214859008789 0.21526938676834106 2.117619276046753 3.32723331451416 -2.215413808822632
frame-000245.color.jpg 0.4415218227988189 0.8206549882888794 -0.2918107211589813 0.21547725796699524 2.131579637527466 3.299913167953491 -2.2443976402282715
frame-000246.color.jpg 0.4446764524513694 0.816672146320343 -0.2948554456233978 0.21993106603622437 2.171254873275757 3.267669439315796 -2.2516262531280518
frame-000247.color.jpg 0.44760599191535644 0.810529887676239 -0.30639925599098206 0.22092899680137634 2.260410785675049 3.221163272857666 -2.2301549911499023
frame-000248.color.jpg 0.4528742618700596 0.8067150712013245 -0.3046606183052063 0.2264896035194397 2.2525360584259033 3.1880862712860107 -2.2612152099609375
frame-000249.color.jpg 0.45833507834393644 0.8029509782791138 -0.3079979419708252 0.2243567705154419 2.28049635887146 3.141406536102295 -2.284829616546631
frame-000250.color.jpg 0.4666564848441497 0.7995607256889343 -0.30194881558418274 0.22751088440418243 2.2559449672698975 3.1119110584259033 -2.352358102798462
frame-000251.color.jpg 0.4744522538548319 0.7944064140319824 -0.30245256423950195 0.22877037525177002 2.2770745754241943 3.053919553756714 -2.3932764530181885
frame-000252.color.jpg 0.48036959107309907 0.7900787591934204 -0.3046552240848541 0.22848594188690186 2.289109706878662 3.006181478500366 -2.4258503913879395
frame-000253.color.jpg 0.4837245585580903 0.7892400026321411 -0.30102235078811646 0.22912080585956573 2.264848470687866 2.9927825927734375 -2.455880641937256
frame-000254.color.jpg 0.4875315033351692 0.7836352586746216 -0.3040924072265625 0.23612836003303528 2.3181400299072266 2.953631639480591 -2.4494099617004395
frame-000255.color.jpg 0.493787965591483 0.7813031077384949 -0.2996274530887604 0.23656365275382996 2.296783208847046 2.9310946464538574 -2.4993398189544678
frame-000256.color.jpg 0.49922001350408785 0.7782056331634521 -0.2965056598186493 0.23929017782211304 2.283431053161621 2.9072444438934326 -2.539616823196411
frame-000257.color.jpg 0.5053570782982032 0.7750179171562195 -0.29150694608688354 0.24286852777004242 2.2604637145996094 2.8735485076904297 -2.585947036743164
frame-000258.color.jpg 0.5078686895308364 0.773821234703064 -0.2884409725666046 0.24509572982788086 2.2429356575012207 2.879107713699341 -2.6031017303466797
frame-000259.color.jpg 0.5145715289140875 0.7688104510307312 -0.287612646818161 0.24784202873706818 2.2646074295043945 2.8228323459625244 -2.6406705379486084
frame-000260.color.jpg 0.5198975987955288 0.7674635648727417 -0.28685876727104187 0.241698756814003 2.254225492477417 2.787309408187866 -2.6875929832458496
frame-000261.color.jpg 0.5249418843018797 0.7654660940170288 -0.28401002287864685 0.24049124121665955 2.2442965507507324 2.7566428184509277 -2.7164692878723145
frame-000262.color.jpg 0.5317949082992112 0.75838303565979 -0.28458172082901 0.24710847437381744 2.2915964126586914 2.691011428833008 -2.7360405921936035
frame-000263.color.jpg 0.529652862024315 0.759193480014801 -0.2850303649902344 0.2486981451511383 2.284811496734619 2.7134552001953125 -2.726862907409668
frame-000264.color.jpg 0.5378478085053964 0.7522562146186829 -0.283625066280365 0.25374636054039 2.288172960281372 2.6522269248962402 -2.773682117462158
frame-000265.color.jpg 0.544803014182142 0.7462396025657654 -0.2850417196750641 0.2550828754901886 2.310487747192383 2.584320068359375 -2.8049776554107666
frame-000266.color.jpg 0.5478299275721651 0.7441334128379822 -0.2846614420413971 0.2551777958869934 2.3059306144714355 2.5697011947631836 -2.8204517364501953
frame-000267.color.jpg 0.5507910339527575 0.7422890067100525 -0.2823731005191803 0.2567131519317627 2.2876627445220947 2.5520966053009033 -2.8410708904266357
frame-000268.color.jpg 0.5560878377697434 0.7372392416000366 -0.2816034257411957 0.2606610357761383 2.3049566745758057 2.5125393867492676 -2.865562677383423
frame-000269.color.jpg 0.5574239724922371 0.7348806262016296 -0.2824981212615967 0.2634839117527008 2.329774856567383 2.4848687648773193 -2.8629541397094727
frame-000270.color.jpg 0.5555989916229398 0.734207034111023 -0.284929096698761 0.2665805220603943 2.3517489433288574 2.496129274368286 -2.836914300918579
frame-000271.color.jpg 0.559402248754571 0.730834424495697 -0.28278160095214844 0.2701568305492401 2.351382255554199 2.465099573135376 -2.8564529418945312
frame-000272.color.jpg 0.5588501107121938 0.7328550815582275 -0.2827104330062866 0.2658661901950836 2.3244574069976807 2.4840786457061768 -2.861053943634033
frame-000273.color.jpg 0.5597778256600383 0.7330400943756104 -0.28126010298728943 0.26494109630584717 2.311894178390503 2.4895544052124023 -2.874689817428589
frame-000274.color.jpg 0.5613521376941644 0.7311500906944275 -0.2810027301311493 0.2670968770980835 2.3212802410125732 2.487454414367676 -2.8798084259033203
frame-000275.color.jpg 0.5696981616604083 0.7260205745697021 -0.27716875076293945 0.26742392778396606 2.3001632690429688 2.431009292602539 -2.941471815109253
frame-000276.color.jpg 0.5795951443439243 0.7152599692344666 -0.27723169326782227 0.27498212456703186 2.3528218269348145 2.317577362060547 -2.9823029041290283
frame-000277.color.jpg 0.5848172820901094 0.7084618806838989 -0.27545639872550964 0.2831858992576599 2.372044801712036 2.2776126861572266 -3.001495122909546
frame-000278.color.jpg 0.5850459505845921 0.7073810696601868 -0.27279311418533325 0.28795358538627625 2.3527441024780273 2.297165632247925 -3.0113985538482666
frame-000279.color.jpg 0.5902598340592392 0.7039198875427246 -0.27112698554992676 0.28736791014671326 2.3440659046173096 2.247943162918091 -3.042369842529297
frame-000280.color.jpg 0.5995119489834233 0.6985728740692139 -0.26852288842201233 0.28368449211120605 2.3310866355895996 2.163055419921875 -3.106297492980957
frame-000281.color.jpg 0.6065050178403373 0.6912088394165039 -0.26458290219306946 0.2904786467552185 2.357717275619507 2.1049773693084717 -3.136200428009033
frame-000282.color.jpg 0.6011969594398987 0.6931053996086121 -0.2629011273384094 0.2984124422073364 2.350003957748413 2.1648781299591064 -3.106762409210205
frame-000283.color.jpg 0.6033429507821622 0.689401388168335 -0.2587016820907593 0.30622950196266174 2.347900867462158 2.166137218475342 -3.1253082752227783
frame-000284.color.jpg 0.606337431772906 0.6861618757247925 -0.25216931104660034 0.3129654824733734 2.3196654319763184 2.139373779296875 -3.1564457416534424
frame-000285.color.jpg 0.6108028002796801 0.6854990124702454 -0.24679189920425415 0.31000766158103943 2.2674808502197266 2.1198649406433105 -3.2045748233795166
frame-000286.color.jpg 0.6144005660833919 0.6813477277755737 -0.24490393698215485 0.31352701783180237 2.273705005645752 2.087455987930298 -3.2229537963867188
frame-000287.color.jpg 0.6181319364874585 0.6761494278907776 -0.24504666030406952 0.31731218099594116 2.3016011714935303 2.0427794456481934 -3.2282373905181885
frame-000288.color.jpg 0.6234119692399188 0.6719253063201904 -0.24100515246391296 0.3190461993217468 2.2826592922210693 1.997585654258728 -3.262876033782959
frame-000289.color.jpg 0.6262578722581145 0.6699304580688477 -0.23724184930324554 0.3204849064350128 2.254288673400879 1.993706464767456 -3.2922213077545166
frame-000290.color.jpg 0.6280850637435299 0.6628764867782593 -0.23890802264213562 0.3301921784877777 2.328564167022705 1.9512529373168945 -3.2610394954681396
frame-000291.color.jpg 0.6325718859694364 0.6600152254104614 -0.23661468923091888 0.32900798320770264 2.3133201599121094 1.9139119386672974 -3.292590379714966
frame-000292.color.jpg 0.6392393756123236 0.6522121429443359 -0.23533248901367188 0.33258217573165894 2.3408823013305664 1.8437803983688354 -3.3205881118774414
frame-000293.color.jpg 0.6482865558593672 0.6428273320198059 -0.22702693939208984 0.33905214071273804 2.311365842819214 1.7614973783493042 -3.380159616470337
frame-000294.color.jpg 0.6504835951913692 0.6361623406410217 -0.2278495728969574 0.3467753231525421 2.35274600982666 1.7339534759521484 -3.3756377696990967
frame-000295.color.jpg 0.6574538226182479 0.633270263671875 -0.21796515583992004 0.3452744483947754 2.2792680263519287 1.6838186979293823 -3.4343807697296143
frame-000296.color.jpg 0.658119338297595 0.6307876110076904 -0.2218184471130371 0.34609612822532654 2.3171730041503906 1.6736836433410645 -3.4293949604034424
frame-000297.color.jpg 0.6642427797119613 0.6233721971511841 -0.22717233002185822 0.3443564474582672 2.3673670291900635 1.6001901626586914 -3.4241085052490234
frame-000298.color.jpg 0.6651800604741103 0.6214557886123657 -0.22969001531600952 0.3443409204483032 2.390943765640259 1.5882760286331177 -3.4145421981811523
frame-000299.color.jpg 0.6686080985234506 0.6180773377418518 -0.22535252571105957 0.34664082527160645 2.3712801933288574 1.5551512241363525 -3.4362425804138184
frame-000300.color.jpg 0.6684107937431389 0.6185302734375 -0.2235894799232483 0.34735429286956787 2.3534083366394043 1.5657798051834106 -3.451565980911255
frame-000301.color.jpg 0.6690957725207708 0.6166979074478149 -0.22311970591545105 0.3495884835720062 2.3639304637908936 1.5641679763793945 -3.4400665760040283
frame-000302.color.jpg 0.6687598019122781 0.6156486868858337 -0.223550945520401 0.3517981767654419 2.372875213623047 1.577426552772522 -3.4285190105438232
frame-000303.color.jpg 0.6696576625927396 0.6147874593734741 -0.22148939967155457 0.35289856791496277 2.361070156097412 1.5707824230194092 -3.4380810260772705
frame-000304.color.jpg 0.6722494030625199 0.6106064319610596 -0.2197292596101761 0.3563138246536255 2.3681657314300537 1.5548509359359741 -3.4456987380981445
frame-000305.color.jpg 0.6757820395963557 0.6038796901702881 -0.21385730803012848 0.3645724058151245 2.3704159259796143 1.4939368963241577 -3.454011917114258
frame-000306.color.jpg 0.6767796592960819 0.603303074836731 -0.21349480748176575 0.363888144493103 2.3671023845672607 1.4952590465545654 -3.4616119861602783
frame-000307.color.jpg 0.678181100753571 0.6031412482261658 -0.2137431651353836 0.36139294505119324 2.361910820007324 1.4936389923095703 -3.4685142040252686
frame-000308.color.jpg 0.6800766523115006 0.5995814204216003 -0.20935146510601044 0.3662918508052826 2.3538081645965576 1.4570153951644897 -3.4868006706237793
frame-000309.color.jpg 0.6772646505117857 0.6005398631095886 -0.21030129492282867 0.3693748414516449 2.3700504302978516 1.494884967803955 -3.4654338359832764
frame-000310.color.jpg 0.6798370602322327 0.5992324948310852 -0.20639246702194214 0.3689771890640259 2.3364460468292236 1.4620217084884644 -3.488478422164917
frame-000311.color.jpg 0.6793046894658465 0.5996010303497314 -0.20827722549438477 0.36829909682273865 2.3495430946350098 1.4702702760696411 -3.4779462814331055
frame-000312.color.jpg 0.6810985379631452 0.5988725423812866 -0.2055491805076599 0.3677035868167877 2.3312125205993652 1.4485039710998535 -3.4963250160217285
frame-000313.color.jpg 0.6798738647559015 0.5990254878997803 -0.2103683352470398 0.366994708776474 2.377894878387451 1.462896704673767 -3.473100185394287
frame-000314.color.jpg 0.6769716555174764 0.6042450070381165 -0.2089977115392685 0.3645782172679901 2.3351988792419434 1.5089569091796875 -3.46783709526062
frame-000315.color.jpg 0.6768809719988329 0.6022059917449951 -0.21022850275039673 0.36740174889564514 2.360949993133545 1.5019253492355347 -3.452929973602295
frame-000316.color.jpg 0.6791489553349294 0.600026547908783 -0.20876944065093994 0.36761415004730225 2.3573248386383057 1.468636155128479 -3.458867073059082
frame-000317.color.jpg 0.6838470914383873 0.5974361896514893 -0.2064555287361145 0.36441630125045776 2.3299131393432617 1.4034475088119507 -3.478187322616577
frame-000318.color.jpg 0.6757361704887309 0.6049425005912781 -0.21153365075588226 0.3642510175704956 2.347520112991333 1.5081839561462402 -3.4306721687316895
frame-000319.color.jpg 0.6679995429805551 0.6145263910293579 -0.2242191880941391 0.3547670245170593 2.3931806087493896 1.5884883403778076 -3.368824005126953
frame-000320.color.jpg 0.6601050546822683 0.6212820410728455 -0.23343609273433685 0.35182034969329834 2.435896873474121 1.6387475728988647 -3.315429210662842
frame-000321.color.jpg 0.6526702375439478 0.6309220194816589 -0.24100898206233978 0.3433273434638977 2.4384677410125732 1.7016814947128296 -3.277353286743164
frame-000322.color.jpg 0.6515121419630818 0.6352489590644836 -0.25323036313056946 0.3284282684326172 2.4974613189697266 1.693410873413086 -3.266838312149048
frame-000323.color.jpg 0.630919351911006 0.6540542840957642 -0.2614419758319855 0.32527196407318115 2.4963979721069336 1.881182074546814 -3.160001516342163
frame-000324.color.jpg 0.6056615536608573 0.6745030879974365 -0.2763819694519043 0.3191123306751251 2.549572229385376 2.0861446857452393 -3.0007143020629883
frame-000325.color.jpg 0.5955251037472387 0.6846678256988525 -0.2810075283050537 0.31243327260017395 2.5404915809631348 2.174053192138672 -2.942314386367798
frame-000326.color.jpg 0.5865202994827289 0.6936115026473999 -0.2871720492839813 0.304021954536438 2.5326459407806396 2.2220866680145264 -2.8950228691101074
frame-000327.color.jpg 0.5735041833940244 0.7035819888114929 -0.2906821370124817 0.3026041090488434 2.531719923019409 2.328517198562622 -2.8200113773345947
frame-000328.color.jpg 0.5708248985106158 0.707525908946991 -0.29085907340049744 0.2982734441757202 2.513979911804199 2.33744215965271 -2.814257860183716
frame-000329.color.jpg 0.563428284283807 0.7129681706428528 -0.2904885709285736 0.2997353672981262 2.5017693042755127 2.3989462852478027 -2.7744617462158203
frame-000330.color.jpg 0.5604013266598232 0.7183639407157898 -0.2894161343574524 0.29349949955940247 2.4614572525024414 2.4332010746002197 -2.7775070667266846
frame-000331.color.jpg 0.5544735594734627 0.7225898504257202 -0.28871461749076843 0.2950710356235504 2.4534554481506348 2.4766323566436768 -2.7425830364227295
frame-000332.color.jpg 0.5567201388470931 0.7247911691665649 -0.2814269959926605 0.29247090220451355 2.3918774127960205 2.4630143642425537 -2.7830307483673096
frame-000333.color.jpg 0.5532292927428675 0.7276617884635925 -0.2815816104412079 0.29181766510009766 2.387862205505371 2.476998805999756 -2.7603302001953125
frame-000334.color.jpg 0.5438600537490909 0.7365652322769165 -0.28400689363479614 0.28465425968170166 2.3750734329223633 2.5468554496765137 -2.7064998149871826
frame-000335.color.jpg 0.5383719043205172 0.7449343800544739 -0.28312841057777405 0.2739832103252411 2.3187105655670166 2.601118564605713 -2.69399094581604
frame-000336.color.jpg 0.5271571812338849 0.7575547099113464 -0.28482484817504883 0.25901928544044495 2.2666468620300293 2.687175750732422 -2.6367650032043457
frame-000337.color.jpg 0.5104192512071304 0.773542046546936 -0.28141140937805176 0.24882252514362335 2.1761322021484375 2.8389639854431152 -2.5544962882995605
frame-000338.color.jpg 0.5028264434035938 0.7804597020149231 -0.2829015254974365 0.24086326360702515 2.1644787788391113 2.8745627403259277 -2.495009183883667
frame-000339.color.jpg 0.49491228811761556 0.7897698283195496 -0.28258490562438965 0.2268727868795395 2.1023123264312744 2.933828830718994 -2.4391238689422607
frame-000340.color.jpg 0.4825460811509009 0.8051033020019531 -0.27053406834602356 0.2139374166727066 1.9238097667694092 3.066260814666748 -2.3844640254974365
frame-000341.color.jpg 0.4751948339247359 0.8130286931991577 -0.2699035108089447 0.20081427693367004 1.889077067375183 3.090378761291504 -2.336397409439087
frame-000342.color.jpg 0.47480648510131745 0.8156618475914001 -0.27069079875946045 0.18968692421913147 1.8593603372573853 3.088942050933838 -2.340785264968872
frame-000343.color.jpg 0.46091145814024215 0.8164958953857422 -0.2951544523239136 0.1837901920080185 2.004667043685913 3.0470521450042725 -2.1832165718078613
frame-000344.color.jpg 0.4384722962919042 0.8258154392242432 -0.2919938862323761 0.20127226412296295 1.9543718099594116 3.168686866760254 -2.022467851638794
frame-000345.color.jpg 0.44053816208963603 0.8280011415481567 -0.28388509154319763 0.1993730515241623 1.8894109725952148 3.1811790466308594 -2.067225217819214
frame-000346.color.jpg 0.43706170455790316 0.8319951295852661 -0.2790374159812927 0.19722938537597656 1.832627296447754 3.2236328125 -2.0420949459075928
frame-000347.color.jpg 0.42887885267332376 0.8369060754776001 -0.27516236901283264 0.19984190165996552 1.777233362197876 3.268054962158203 -1.9811145067214966
frame-000348.color.jpg 0.4211704049093622 0.8442046046257019 -0.2729390561580658 0.18825066089630127 1.703557014465332 3.3030316829681396 -1.9422556161880493
frame-000349.color.jpg 0.4181449100935027 0.8479741215705872 -0.2765924036502838 0.17202132940292358 1.6840085983276367 3.2978878021240234 -1.9093693494796753
frame-000350.color.jpg 0.41208881497952277 0.8519378900527954 -0.2800999879837036 0.16102373600006104 1.6585955619812012 3.302273988723755 -1.8593167066574097
frame-000351.color.jpg 0.40606359121592706 0.8560975193977356 -0.2779632806777954 0.1579427570104599 1.6050689220428467 3.318122625350952 -1.811289668083191
frame-000352.color.jpg 0.40052929778486374 0.8604047298431396 -0.2756185531616211 0.1526905745267868 1.5610460042953491 3.3446946144104004 -1.7763950824737549
frame-000353.color.jpg 0.397475426668526 0.8614358901977539 -0.2765015661716461 0.15325874090194702 1.5567198991775513 3.3393073081970215 -1.7455642223358154
frame-000354.color.jpg 0.39234947179183627 0.863389253616333 -0.27999189496040344 0.14908185601234436 1.5632684230804443 3.341294765472412 -1.6998929977416992
frame-000355.color.jpg 0.38129805223978974 0.8651227951049805 -0.29342764616012573 0.1416846066713333 1.618485450744629 3.330970525741577 -1.6105639934539795
frame-000356.color.jpg 0.3701296317031195 0.8653196096420288 -0.3067939579486847 0.14178694784641266 1.7048715353012085 3.336108684539795 -1.5100343227386475
frame-000357.color.jpg 0.3674782696030464 0.8643890023231506 -0.31549200415611267 0.13511605560779572 1.732347011566162 3.304307460784912 -1.4768916368484497
frame-000358.color.jpg 0.36652715884417664 0.8615761399269104 -0.32315948605537415 0.13752208650112152 1.7647713422775269 3.2688701152801514 -1.457055687904358
frame-000359.color.jpg 0.3605443034023696 0.8602128028869629 -0.33402320742607117 0.13590583205223083 1.8154103755950928 3.250181198120117 -1.3881895542144775
frame-000360.color.jpg 0.3634817451379704 0.8559615612030029 -0.34470656514167786 0.12801684439182281 1.8739955425262451 3.1892037391662598 -1.3819154500961304
frame-000361.color.jpg 0.35565852637913586 0.8532297015190125 -0.35759785771369934 0.13277749717235565 1.9546595811843872 3.155636787414551 -1.2969692945480347
frame-000362.color.jpg 0.34030455247126695 0.8397167921066284 -0.394515722990036 0.15305474400520325 2.216850996017456 3.0544378757476807 -1.0971264839172363
frame-000363.color.jpg 0.33411557817329035 0.8322081565856934 -0.4139404594898224 0.15636387467384338 2.3437440395355225 2.974393844604492 -1.008927583694458
frame-000364.color.jpg 0.3377198336710028 0.8271299004554749 -0.4206009805202484 0.15778514742851257 2.4048283100128174 2.9152817726135254 -1.008859395980835
frame-000365.color.jpg 0.35064110197306453 0.8234752416610718 -0.4180109202861786 0.15558333694934845 2.401886224746704 2.867950201034546 -1.0985910892486572
frame-000366.color.jpg 0.34662977910026166 0.8237306475639343 -0.41768679022789 0.1638704389333725 2.396955966949463 2.881819009780884 -1.0403636693954468
frame-000367.color.jpg 0.3427513122262084 0.8218615651130676 -0.4236709773540497 0.16603653132915497 2.4232141971588135 2.855624198913574 -0.9855557084083557
frame-000368.color.jpg 0.34090867054242596 0.8267256617546082 -0.41765907406806946 0.16083182394504547 2.3522591590881348 2.8688650131225586 -0.9816262125968933
frame-000369.color.jpg 0.3434158771059541 0.8334120512008667 -0.40482786297798157 0.15363627672195435 2.2392008304595947 2.9104604721069336 -1.0136418342590332
frame-000370.color.jpg 0.3473722574220029 0.8512459993362427 -0.36714401841163635 0.14113149046897888 1.9407386779785156 3.0223209857940674 -1.101596474647522
frame-000371.color.jpg 0.3482443716645526 0.8549683690071106 -0.35867705941200256 0.13822370767593384 1.867533802986145 3.0410377979278564 -1.1115056276321411
frame-000372.color.jpg 0.34620941836500857 0.8591066598892212 -0.3517729640007019 0.1353907287120819 1.8024466037750244 3.0631542205810547 -1.1016877889633179
frame-000373.color.jpg 0.3452994612277022 0.8625985980033875 -0.34533974528312683 0.13203181326389313 1.737105131149292 3.069237470626831 -1.1024035215377808
frame-000374.color.jpg 0.34248779021267 0.8654131889343262 -0.34369125962257385 0.12505371868610382 1.715166687965393 3.0766470432281494 -1.0794634819030762
frame-000375.color.jpg 0.339622256964894 0.8676097393035889 -0.340544730424881 0.12625062465667725 1.6761431694030762 3.085416793823242 -1.0606689453125
frame-000376.color.jpg 0.3352329738463111 0.8686111569404602 -0.3421952426433563 0.12663331627845764 1.6700348854064941 3.09185791015625 -1.031620740890503
frame-000377.color.jpg 0.3281316477630649 0.8677501678466797 -0.35095396637916565 0.12716341018676758 1.7131714820861816 3.0776000022888184 -0.9661355018615723
frame-000378.color.jpg 0.31671937441958053 0.8682361841201782 -0.3605640232563019 0.1258900910615921 1.7627465724945068 3.0793378353118896 -0.8755266666412354
frame-000379.color.jpg 0.3122201918466733 0.8674877285957336 -0.36647823452949524 0.12520846724510193 1.788560152053833 3.0521090030670166 -0.8408986926078796
frame-000380.color.jpg 0.3079636336100421 0.8680778741836548 -0.36870285868644714 0.12512953579425812 1.7961070537567139 3.0512750148773193 -0.8109036087989807
frame-000381.color.jpg 0.30273930358723594 0.8651974201202393 -0.38023319840431213 0.1233084499835968 1.8650076389312744 3.018324375152588 -0.7674927711486816
frame-000382.color.jpg 0.3016033913454738 0.8636738657951355 -0.3856985867023468 0.11974688619375229 1.8991403579711914 2.990642786026001 -0.7629809975624084
frame-000383.color.jpg 0.29745635266072185 0.8630685806274414 -0.39180463552474976 0.11454877257347107 1.9226429462432861 2.977696657180786 -0.7316083908081055
frame-000384.color.jpg 0.2945877162809875 0.8608698844909668 -0.39823806285858154 0.1163082867860794 1.9637110233306885 2.959627151489258 -0.6985896229743958
frame-000385.color.jpg 0.29546864290499547 0.858106255531311 -0.4034188687801361 0.11664140224456787 1.9884278774261475 2.930981159210205 -0.7018123865127563
frame-000386.color.jpg 0.29347874158685877 0.855154275894165 -0.4097917377948761 0.12104570865631104 2.0272395610809326 2.9153084754943848 -0.6812885999679565
frame-000387.color.jpg 0.297943207388366 0.8464171886444092 -0.423105388879776 0.12565654516220093 2.080765724182129 2.8574841022491455 -0.6900556087493896
frame-000388.color.jpg 0.30396904932518054 0.8352193832397461 -0.43341904878616333 0.1488599181175232 2.1473870277404785 2.813163995742798 -0.6910325884819031
frame-000389.color.jpg 0.31626060303411696 0.8269274234771729 -0.4393697679042816 0.15206719934940338 2.1869094371795654 2.765507936477661 -0.7517741322517395
frame-000390.color.jpg 0.3295202108709236 0.8172439336776733 -0.4455724358558655 0.15809501707553864 2.236224412918091 2.695225954055786 -0.8240516185760498
frame-000391.color.jpg 0.3358154683073959 0.8065433502197266 -0.4564037621021271 0.16855689883232117 2.314234733581543 2.634998321533203 -0.8230071663856506
frame-000392.color.jpg 0.34339650805832933 0.7964009642601013 -0.46406927704811096 0.18017731606960297 2.362717628479004 2.593870162963867 -0.8377348184585571
frame-000393.color.jpg 0.34235865122761416 0.7845805883407593 -0.4781357944011688 0.1964939832687378 2.4542956352233887 2.544668197631836 -0.7742466926574707
frame-000394.color.jpg 0.3398318077627013 0.7708514928817749 -0.4935343265533447 0.21616268157958984 2.5555531978607178 2.4639484882354736 -0.6862720251083374
frame-000395.color.jpg 0.3353114782638404 0.7575969696044922 -0.5108879804611206 0.22936110198497772 2.663886070251465 2.3846919536590576 -0.5917174220085144
frame-000396.color.jpg 0.33553069429221566 0.7525926828384399 -0.5183290839195251 0.22881989181041718 2.715794086456299 2.3415932655334473 -0.5803705453872681
frame-000397.color.jpg 0.333939618810824 0.7470291256904602 -0.5250499248504639 0.2339966893196106 2.753196954727173 2.307267904281616 -0.5504999756813049
frame-000398.color.jpg 0.33694101306854884 0.7338286638259888 -0.5359480381011963 0.24642670154571533 2.8280866146087646 2.2550740242004395 -0.5217610001564026
frame-000399.color.jpg 0.34204389686801157 0.7202898263931274 -0.5465095639228821 0.2559603452682495 2.908474922180176 2.177577257156372 -0.5023748874664307
frame-000400.color.jpg 0.34136575651666035 0.7097481489181519 -0.5575745701789856 0.26236945390701294 2.9795877933502197 2.1208596229553223 -0.44371333718299866
frame-000401.color.jpg 0.3397904371115132 0.700008749961853 -0.565231442451477 0.2739408016204834 3.021646499633789 2.077597141265869 -0.3816255033016205
frame-000402.color.jpg 0.3365089711795699 0.6862680315971375 -0.5755782723426819 0.29070165753364563 3.093147039413452 2.016355276107788 -0.2826145887374878
frame-000403.color.jpg 0.3370442705693786 0.6735547184944153 -0.5849530100822449 0.3009239435195923 3.148050308227539 1.9511994123458862 -0.2291690558195114
frame-000404.color.jpg 0.33323071962817835 0.6569027304649353 -0.5999132394790649 0.3123139441013336 3.2314834594726562 1.8580578565597534 -0.1183612048625946
frame-000405.color.jpg 0.33499070734561 0.6391239762306213 -0.611541748046875 0.3245279788970947 3.307219982147217 1.7707393169403076 -0.044350333511829376
frame-000406.color.jpg 0.32682856364209206 0.6255344152450562 -0.6225479245185852 0.3381180763244629 3.3547937870025635 1.7127622365951538 0.09286472946405411
frame-000407.color.jpg 0.3185506671057962 0.6138483285903931 -0.6329364776611328 0.34800443053245544 3.3697593212127686 1.665486216545105 0.21892111003398895
frame-000408.color.jpg 0.3117579817121923 0.6109508872032166 -0.6315596699714661 0.36149442195892334 3.317756175994873 1.7171878814697266 0.2822229266166687
frame-000409.color.jpg 0.3155025692657355 0.6100571751594543 -0.6293056607246399 0.3636794686317444 3.2818548679351807 1.7265561819076538 0.2275778204202652
frame-000410.color.jpg 0.3204432187895309 0.6138484477996826 -0.6234182119369507 0.3631197214126587 3.2431883811950684 1.739248514175415 0.17507994174957275
frame-000411.color.jpg 0.3119712576557902 0.6149662733078003 -0.6261720061302185 0.3638665974140167 3.214717388153076 1.7530256509780884 0.2229771912097931
frame-000412.color.jpg 0.30002881591688063 0.6072753667831421 -0.6379093527793884 0.3664301335811615 3.2521674633026123 1.7267032861709595 0.32462581992149353
frame-000413.color.jpg 0.2981755684234075 0.5966459512710571 -0.6458227634429932 0.3715076148509979 3.290508270263672 1.6710500717163086 0.3720187246799469
frame-000414.color.jpg 0.2956632694590659 0.5829249024391174 -0.6625156402587891 0.36586177349090576 3.344754934310913 1.5628714561462402 0.43806126713752747
frame-000415.color.jpg 0.28422061573475904 0.5589659214019775 -0.6794813275337219 0.38089486956596375 3.395794153213501 1.4555838108062744 0.6192296743392944
frame-000416.color.jpg 0.279294636389715 0.5475724935531616 -0.687711775302887 0.38627883791923523 3.403036594390869 1.3894809484481812 0.6843304634094238
frame-000417.color.jpg 0.27215786928837876 0.5333573818206787 -0.6986359357833862 0.39162203669548035 3.4259915351867676 1.3036099672317505 0.7894928455352783
frame-000418.color.jpg 0.25994296022831204 0.5233241319656372 -0.7118766903877258 0.3896064758300781 3.422905206680298 1.2274386882781982 0.9076889157295227
frame-000419.color.jpg 0.23667873981688167 0.49995630979537964 -0.7294358015060425 0.40243029594421387 3.3821277618408203 1.1166551113128662 1.155956506729126
frame-000420.color.jpg 0.21660409196887004 0.48331695795059204 -0.7465371489524841 0.4027029573917389 3.3195033073425293 0.9949521422386169 1.3546812534332275
frame-000421.color.jpg 0.20805250957818405 0.47295108437538147 -0.7571929097175598 0.3996127247810364 3.2917733192443848 0.9053339958190918 1.430420160293579
frame-000422.color.jpg 0.19093964683032738 0.45620104670524597 -0.7687708139419556 0.40547993779182434 3.2208480834960938 0.8322471380233765 1.5694540739059448
frame-000423.color.jpg 0.19262451278162768 0.46013203263282776 -0.7726057767868042 0.39275237917900085 3.2244985103607178 0.7916622161865234 1.5182852745056152
frame-000424.color.jpg 0.18635265775289553 0.4650707542896271 -0.7785639762878418 0.37791547179222107 3.2544569969177246 0.7440822124481201 1.503480315208435
frame-000425.color.jpg 0.1738617609675017 0.43690627813339233 -0.7970093488693237 0.3790265619754791 3.22841477394104 0.5557849407196045 1.6351704597473145
frame-000426.color.jpg 0.17459530614160063 0.4119172692298889 -0.8095713257789612 0.3800460696220398 3.2069287300109863 0.4001958966255188 1.6846789121627808
frame-000427.color.jpg 0.16961226412581243 0.387015700340271 -0.8258971571922302 0.37328848242759705 3.2101614475250244 0.21487778425216675 1.761025309562683
frame-000428.color.jpg 0.16218489002979436 0.3594103455543518 -0.8394967317581177 0.37385231256484985 3.175469398498535 0.05192308500409126 1.8748828172683716
frame-000429.color.jpg 0.14483467390966176 0.32468682527542114 -0.853635847568512 0.38066691160202026 3.0650312900543213 -0.10089729726314545 2.063495397567749
frame-000430.color.jpg 0.13362582505806636 0.2996431589126587 -0.8604031205177307 0.38995447754859924 2.9813714027404785 -0.1974155604839325 2.20123291015625
frame-000431.color.jpg 0.12287652449138847 0.28880536556243896 -0.8653348088264465 0.3907538950443268 2.9241487979888916 -0.24814094603061676 2.27474308013916
frame-000432.color.jpg 0.11406712286617098 0.2753349542617798 -0.8699464797973633 0.39290258288383484 2.8735618591308594 -0.29558679461479187 2.3489229679107666
frame-000433.color.jpg 0.11852110647210076 0.2711675465106964 -0.8661366701126099 0.4027756452560425 2.8575351238250732 -0.26004764437675476 2.3475570678710938
frame-000434.color.jpg 0.11560860405268203 0.2744410037994385 -0.8637805581092834 0.40644800662994385 2.840975522994995 -0.20985789597034454 2.348912239074707
frame-000435.color.jpg 0.1114716718666789 0.270677387714386 -0.8613436222076416 0.4152046740055084 2.7937560081481934 -0.15930962562561035 2.3791356086730957
frame-000436.color.jpg 0.11208637229235106 0.27632421255111694 -0.8567395210266113 0.4208076000213623 2.803828477859497 -0.08056541532278061 2.363839626312256
frame-000437.color.jpg 0.1037512546469274 0.24630959331989288 -0.8523465991020203 0.44952476024627686 2.6829023361206055 -0.03935644030570984 2.504342555999756
frame-000438.color.jpg 0.08486976418203974 0.21382363140583038 -0.8596292734146118 0.45619523525238037 2.5518903732299805 -0.11645353585481644 2.682891607284546
frame-000439.color.jpg 0.09178904302039345 0.19800232350826263 -0.8678562045097351 0.4463132321834564 2.572767972946167 -0.24423719942569733 2.664159059524536
frame-000440.color.jpg 0.07522332718267641 0.17834948003292084 -0.8713076114654541 0.4509500563144684 2.4727623462677 -0.26275259256362915 2.780304431915283
frame-000441.color.jpg 0.06411783907432493 0.15379394590854645 -0.8724214434623718 0.4594747722148895 2.355523109436035 -0.2827916741371155 2.885998010635376
frame-000442.color.jpg 0.05605709596596026 0.12680526077747345 -0.8672953844070435 0.4780970811843872 2.221540927886963 -0.24635089933872223 2.9865739345550537
frame-000443.color.jpg 0.054184308818066074 0.11497347801923752 -0.8596827983856201 0.4947631359100342 2.1640329360961914 -0.1759985387325287 3.036149263381958
frame-000444.color.jpg 0.05286024455248264 0.10538075864315033 -0.8583781719207764 0.4992872476577759 2.1162915229797363 -0.17322345077991486 3.0574347972869873
frame-000445.color.jpg 0.04634813068467934 0.10135149210691452 -0.8589841723442078 0.4997257888317108 2.0811400413513184 -0.15740670263767242 3.084264039993286
frame-000446.color.jpg 0.05471912152510848 0.0983380377292633 -0.8545551896095276 0.5070216655731201 2.0979652404785156 -0.12818196415901184 3.059972047805786
frame-000447.color.jpg 0.04979893892952204 0.09190966188907623 -0.850957453250885 0.5147272944450378 2.0382306575775146 -0.0699683204293251 3.096820116043091
frame-000448.color.jpg 0.042502189071419026 0.0805288702249527 -0.8463448882102966 0.5247942805290222 1.9562830924987793 -0.016260333359241486 3.1416869163513184
frame-000449.color.jpg 0.043793809707348454 0.07628067582845688 -0.841284990310669 0.5333881974220276 1.9309800863265991 0.030086297541856766 3.150156021118164
frame-000450.color.jpg 0.03286409185417807 0.07071329653263092 -0.8411192297935486 0.5351991653442383 1.8685336112976074 0.05634410306811333 3.1931893825531006
frame-000451.color.jpg 0.02814596278699441 0.07496002316474915 -0.8345469832420349 0.5450872182846069 1.8391644954681396 0.16570109128952026 3.201636791229248
frame-000452.color.jpg 0.01912198737163137 0.06976836919784546 -0.8355160355567932 0.544683039188385 1.767870306968689 0.17060290277004242 3.244370222091675
frame-000453.color.jpg 0.005182318536545561 0.060730043798685074 -0.8291563987731934 0.5556840300559998 1.6810413599014282 0.252571165561676 3.3092217445373535
frame-000454.color.jpg 0.0018270760530269797 0.05348909646272659 -0.8285791277885437 0.55730801820755 1.632335901260376 0.2539925277233124 3.3317553997039795
frame-000455.color.jpg 0.002120807169168835 -0.044157564640045166 0.8315171599388123 -0.5537371039390564 1.5650429725646973 0.21632513403892517 3.362358808517456
frame-000456.color.jpg 0.0010381498048291347 -0.04349629953503609 0.8295717835426331 -0.5567025542259216 1.576806664466858 0.23953089118003845 3.3712949752807617
frame-000457.color.jpg 0.0035029140983230986 -0.0453914999961853 0.8283067345619202 -0.5584221482276917 1.5760953426361084 0.27090513706207275 3.379110813140869
frame-000458.color.jpg 0.009492568658290967 -0.043061595410108566 0.8299157619476318 -0.5561434626579285 1.5393778085708618 0.2814372479915619 3.3979036808013916
frame-000459.color.jpg 0.002309157384342078 -0.040800511837005615 0.8222162127494812 -0.567706286907196 1.5972223281860352 0.3841109275817871 3.3879199028015137
frame-000460.color.jpg 0.026906894364429043 0.043692637234926224 -0.8233129978179932 0.5652632713317871 1.7509305477142334 0.3788500130176544 3.3073320388793945
frame-000461.color.jpg 0.017909002479720493 0.04508822038769722 -0.8190114498138428 0.5717224478721619 1.6960541009902954 0.4538969397544861 3.3144185543060303
frame-000462.color.jpg 0.005137854063525042 0.035704951733350754 -0.8233175277709961 0.5664336085319519 1.5902681350708008 0.42496928572654724 3.3631205558776855
frame-000463.color.jpg 0.008254748211640116 -0.027191180735826492 0.816819429397583 -0.57619309425354 1.4793694019317627 0.4771067798137665 3.3960704803466797
frame-000464.color.jpg 0.009287895332770805 -0.019097646698355675 0.8171634674072266 -0.576014518737793 1.4057334661483765 0.44695794582366943 3.41635799407959
frame-000465.color.jpg 0.017002196418483793 -0.00593248987570405 0.8200392127037048 -0.5720239281654358 1.3090242147445679 0.38929957151412964 3.4686789512634277
frame-000466.color.jpg 0.019520191258919156 0.00287141976878047 0.831261396408081 -0.5555314421653748 1.216775894165039 0.24303290247917175 3.4936251640319824
frame-000467.color.jpg 0.0294666109671485 0.013165454380214214 0.8312217593193054 -0.5550033450126648 1.1004762649536133 0.18196223676204681 3.523359537124634
frame-000468.color.jpg 0.03337891256816901 0.021729908883571625 0.8315812349319458 -0.5539731979370117 1.02779221534729 0.12401556223630905 3.5268287658691406
frame-000469.color.jpg 0.04154983376226974 0.033081814646720886 0.8387036919593811 -0.5419920086860657 0.9037646651268005 -0.023503949865698814 3.5333251953125
frame-000470.color.jpg 0.050364234365119526 0.04961409792304039 0.846824049949646 -0.5271536707878113 0.7803472280502319 -0.17927439510822296 3.5343334674835205
frame-000471.color.jpg 0.05486124361251335 0.060442965477705 0.8509975075721741 -0.5187869668006897 0.6988892555236816 -0.26975566148757935 3.5222320556640625
frame-000472.color.jpg 0.052147046763332504 0.0723344162106514 0.8579134941101074 -0.5059969425201416 0.6508102416992188 -0.3901020288467407 3.5174286365509033
frame-000473.color.jpg 0.051484062046102744 0.07667699456214905 0.8599807620048523 -0.5018996000289917 0.6248393058776855 -0.44248461723327637 3.511995315551758
frame-000474.color.jpg 0.05344223493764127 0.08474101126194 0.8699027895927429 -0.48294103145599365 0.5733866691589355 -0.5777977108955383 3.4938805103302
frame-000475.color.jpg 0.05471602672694232 0.08911819756031036 0.8726429343223572 -0.477030873298645 0.5335479378700256 -0.6435590982437134 3.4846646785736084
frame-000476.color.jpg 0.05854959308319206 0.0918022096157074 0.8754258751869202 -0.47092872858047485 0.49641549587249756 -0.7042131423950195 3.476487159729004
frame-000477.color.jpg 0.06368932486046912 0.09572150558233261 0.8783062696456909 -0.4640679657459259 0.454614520072937 -0.7567557096481323 3.467297077178955
frame-000478.color.jpg 0.06464543541407804 0.10119636356830597 0.8792842030525208 -0.4609117805957794 0.4168432354927063 -0.793857216835022 3.4656832218170166
frame-000479.color.jpg 0.05995450513910379 0.10282271355390549 0.8798171877861023 -0.4601680636405945 0.41721388697624207 -0.8132096529006958 3.4606246948242188
frame-000480.color.jpg 0.06162546496002052 0.10982967913150787 0.8821525573730469 -0.4538132846355438 0.36119648814201355 -0.8740703463554382 3.460602283477783
frame-000481.color.jpg 0.07289740310521525 0.10751528292894363 0.8872222304344177 -0.4426770806312561 0.3128921091556549 -0.9538189768791199 3.4484236240386963
frame-000482.color.jpg 0.07193541314902337 0.10761154443025589 0.8931227922439575 -0.43078622221946716 0.3104105293750763 -1.0472832918167114 3.417788505554199
frame-000483.color.jpg 0.06505298676245003 0.09882598370313644 0.9016756415367126 -0.41591182351112366 0.38325467705726624 -1.1629976034164429 3.376434087753296
frame-000484.color.jpg 0.0646961122647251 0.08366695791482925 0.9068690538406372 -0.40792497992515564 0.4381619095802307 -1.2052680253982544 3.33927321434021
frame-000485.color.jpg 0.059351904355013085 0.08071683347225189 0.9090771675109863 -0.4044019281864166 0.452582448720932 -1.229659914970398 3.3190948963165283
frame-000486.color.jpg 0.05645307721058764 0.07932870090007782 0.9142637848854065 -0.393245130777359 0.44580039381980896 -1.305904507637024 3.2754013538360596
frame-000487.color.jpg 0.057514934212531975 0.07907166332006454 0.9137458205223083 -0.39434534311294556 0.4215305745601654 -1.293113112449646 3.2767186164855957
frame-000488.color.jpg 0.05674621901568162 0.08500388264656067 0.9154403805732727 -0.3892597556114197 0.3725990056991577 -1.3279969692230225 3.2621006965637207
frame-000489.color.jpg 0.05589843914527868 0.08960943669080734 0.9184597134590149 -0.3811526894569397 0.3335142135620117 -1.3868612051010132 3.224041700363159
frame-000490.color.jpg 0.055058474851477426 0.092006154358387 0.9209187030792236 -0.3747158944606781 0.3089941143989563 -1.4294711351394653 3.195234775543213
frame-000491.color.jpg 0.05547268915920961 0.09451784938573837 0.9194422960281372 -0.3776439130306244 0.2811054587364197 -1.4108867645263672 3.190476655960083
frame-000492.color.jpg 0.049975982421504674 0.09305508434772491 0.921003520488739 -0.37496089935302734 0.2942608594894409 -1.4259313344955444 3.1659016609191895
frame-000493.color.jpg 0.051717043833801817 0.09122356027364731 0.9213206171989441 -0.37439537048339844 0.2804522216320038 -1.420846939086914 3.1564841270446777
frame-000494.color.jpg 0.06519430676633951 0.09097550064325333 0.9084022045135498 -0.4028381407260895 0.191315159201622 -1.1982301473617554 3.2417187690734863
frame-000495.color.jpg 0.06921791751151549 0.09329697489738464 0.9080604910850525 -0.402406245470047 0.14064490795135498 -1.1869183778762817 3.243184804916382
frame-000496.color.jpg 0.07129761645538746 0.0962907001376152 0.9022746086120605 -0.414180189371109 0.09995131939649582 -1.0998059511184692 3.2685577869415283
frame-000497.color.jpg 0.06744989487218891 0.09560760110616684 0.8959531188011169 -0.4284597635269165 0.1182609498500824 -0.9949712157249451 3.2962489128112793
frame-000498.color.jpg 0.06955862893344426 0.09431908279657364 0.8912056684494019 -0.4381985366344452 0.1078464463353157 -0.9195722341537476 3.3134937286376953
frame-000499.color.jpg 0.0763300934825422 0.10007913410663605 0.8894714713096619 -0.43931588530540466 0.03566981106996536 -0.894596517086029 3.319760322570801
frame-000500.color.jpg 0.07907538262005001 0.10598593205213547 0.8849906325340271 -0.4464366137981415 -0.027113081887364388 -0.8310369253158569 3.3422982692718506
frame-000501.color.jpg 0.08782853148266591 0.11163819581270218 0.8807983994483948 -0.45168256759643555 -0.10065795481204987 -0.7763856053352356 3.362044334411621
frame-000502.color.jpg 0.08846548107099406 0.11418860405683517 0.8780450820922852 -0.4562583565711975 -0.12872815132141113 -0.7454971075057983 3.3731977939605713
frame-000503.color.jpg 0.0812540501034665 0.11404374986886978 0.8705785870552063 -0.4716828465461731 -0.09682699292898178 -0.6200147271156311 3.4029505252838135
frame-000504.color.jpg 0.09294945071856378 0.11970390379428864 0.8617388010025024 -0.4841877222061157 -0.18673746287822723 -0.5224912762641907 3.4192965030670166
frame-000505.color.jpg 0.10773778311109983 0.1267373114824295 0.8561027646064758 -0.4893040657043457 -0.3002992868423462 -0.4780385196208954 3.4215519428253174
frame-000506.color.jpg 0.10473838347994592 0.1391851007938385 0.8557373881340027 -0.48720723390579224 -0.35367536544799805 -0.4812380075454712 3.4227089881896973
frame-000507.color.jpg 0.09717941839521499 0.13294841349124908 0.8601756691932678 -0.48267868161201477 -0.30378609895706177 -0.5107600092887878 3.4193553924560547
frame-000508.color.jpg 0.09747317932032548 0.1349470615386963 0.8515265583992004 -0.4971827268600464 -0.31093353033065796 -0.41286295652389526 3.441387414932251
frame-000509.color.jpg 0.09604831255340429 0.14008145034313202 0.8529013991355896 -0.49367091059684753 -0.34062662720680237 -0.43940240144729614 3.43741774559021
frame-000510.color.jpg 0.09479603746520716 0.15024545788764954 0.8579086661338806 -0.48211270570755005 -0.38722091913223267 -0.5334084033966064 3.425422430038452
frame-000511.color.jpg 0.09967279257298259 0.16078507900238037 0.8569412231445312 -0.4794425666332245 -0.4672738015651703 -0.5440950989723206 3.4156980514526367
frame-000512.color.jpg 0.10863573032699933 0.1671558916568756 0.853016197681427 -0.4823075234889984 -0.5416573882102966 -0.5117130279541016 3.409672975540161
frame-000513.color.jpg 0.11006832751410563 0.17973683774471283 0.8528099656105042 -0.47780194878578186 -0.610381007194519 -0.5354080200195312 3.3988592624664307
frame-000514.color.jpg 0.11050078724588755 0.18850179016590118 0.8611387014389038 -0.45901715755462646 -0.6618600487709045 -0.667761504650116 3.3662471771240234
frame-000515.color.jpg 0.11262498472769515 0.20013976097106934 0.8689175248146057 -0.43845421075820923 -0.735878050327301 -0.8123313784599304 3.315995693206787
frame-000516.color.jpg 0.10323061737067085 0.21602091193199158 0.8782247304916382 -0.41400453448295593 -0.7764410376548767 -0.9976052641868591 3.255530595779419
frame-000517.color.jpg 0.10496185439939498 0.22615286707878113 0.8804131746292114 -0.40337395668029785 -0.8361472487449646 -1.077755331993103 3.2072858810424805
frame-000518.color.jpg 0.10603135886924299 0.2321949154138565 0.8825499415397644 -0.39490315318107605 -0.8764733672142029 -1.143402099609375 3.1667466163635254
frame-000519.color.jpg 0.10426961086556857 0.23153159022331238 0.8846535086631775 -0.3910359740257263 -0.8730511665344238 -1.1836944818496704 3.1585307121276855
frame-000520.color.jpg 0.10497311671933615 0.2218482345342636 0.8909419775009155 -0.3820817172527313 -0.8301799297332764 -1.2751646041870117 3.1169304847717285
frame-000521.color.jpg 0.08654965559263467 0.19143341481685638 0.9095872640609741 -0.35848763585090637 -0.613283634185791 -1.4993510246276855 3.059826374053955
frame-000522.color.jpg 0.06702896797332177 0.16347573697566986 0.9234532713890076 -0.3406127691268921 -0.3917679190635681 -1.6663784980773926 3.0094590187072754
frame-000523.color.jpg 0.0562073008939388 0.1474301517009735 0.9300804138183594 -0.33174610137939453 -0.26574546098709106 -1.7527971267700195 2.967250108718872
frame-000524.color.jpg 0.050596277051567724 0.13622938096523285 0.934588611125946 -0.3246934413909912 -0.18051952123641968 -1.8089572191238403 2.934523344039917
frame-000525.color.jpg 0.04360730630205695 0.13299289345741272 0.9379735589027405 -0.3172018229961395 -0.13817095756530762 -1.861020803451538 2.8951256275177
frame-000526.color.jpg 0.039115893856982976 0.12636522948741913 0.941307544708252 -0.31055086851119995 -0.08453243970870972 -1.9105799198150635 2.851529359817505
frame-000527.color.jpg 0.038001162977345154 0.12702007591724396 0.9419675469398499 -0.30841365456581116 -0.08698004484176636 -1.9286500215530396 2.837141752243042
frame-000528.color.jpg 0.038034636570744254 0.12931248545646667 0.9414330124855042 -0.30908817052841187 -0.10036473721265793 -1.9309152364730835 2.8419556617736816
frame-000529.color.jpg 0.038694688947044774 0.13205714523792267 0.9427205324172974 -0.3038775622844696 -0.11638233810663223 -1.9649600982666016 2.815222978591919
frame-000530.color.jpg 0.031011095010520243 0.12687590718269348 0.946224570274353 -0.2959727644920349 -0.08154141157865524 -2.01697039604187 2.775249719619751
frame-000531.color.jpg 0.02664067628098802 0.13150420784950256 0.9473610520362854 -0.2906956374645233 -0.09709277749061584 -2.052311420440674 2.7401835918426514
frame-000532.color.jpg 0.023875308128595812 0.13204027712345123 0.9535319209098816 -0.2697632908821106 -0.11672145873308182 -2.166461944580078 2.6410388946533203
frame-000533.color.jpg 0.020528261223657203 0.13624489307403564 0.9514076709747314 -0.27538931369781494 -0.15238304436206818 -2.1504392623901367 2.6689646244049072
frame-000534.color.jpg 0.024695464473302977 0.15466512739658356 0.9498165845870972 -0.27077147364616394 -0.29983028769493103 -2.1454689502716064 2.6402366161346436
frame-000535.color.jpg 0.0354381054934359 0.1749737411737442 0.944412112236023 -0.2760690450668335 -0.4849943220615387 -2.0911951065063477 2.6633689403533936
frame-000536.color.jpg 0.03671531622372545 0.17791305482387543 0.940451979637146 -0.28731340169906616 -0.5416884422302246 -2.014557123184204 2.72045636177063
frame-000537.color.jpg 0.03405170469837651 0.17829196155071259 0.9362906217575073 -0.3006865084171295 -0.5616417527198792 -1.9252841472625732 2.7843399047851562
frame-000538.color.jpg 0.050976183007886956 0.1860131323337555 0.9266743063926697 -0.32260698080062866 -0.6951740980148315 -1.7526487112045288 2.8722407817840576
frame-000539.color.jpg 0.05706470614981383 0.18591110408306122 0.9174421429634094 -0.3471030592918396 -0.7349463701248169 -1.5699551105499268 2.9620916843414307
frame-000540.color.jpg 0.05938153511424842 0.18233439326286316 0.9123426079750061 -0.361744225025177 -0.7413687705993652 -1.4575691223144531 3.015684127807617
frame-000541.color.jpg 0.0566280345388941 0.1781885176897049 0.9078301787376404 -0.37534841895103455 -0.7135483026504517 -1.3497227430343628 3.0738298892974854
frame-000542.color.jpg 0.061040773364331974 0.1759302020072937 0.9044684767723083 -0.38374394178390503 -0.7226207256317139 -1.2642607688903809 3.09242582321167
frame-000543.color.jpg 0.06416066605407712 0.17721521854400635 0.8990736603736877 -0.3951515257358551 -0.7376287579536438 -1.1670461893081665 3.1209793090820312
frame-000544.color.jpg 0.0627914532364252 0.1756882667541504 0.8965260982513428 -0.40178588032722473 -0.7330706119537354 -1.1031787395477295 3.1304311752319336
frame-000545.color.jpg 0.06207378559364228 0.17010575532913208 0.8923294544219971 -0.41347193717956543 -0.703530490398407 -1.010599970817566 3.1493349075317383
frame-000546.color.jpg 0.04871342711049924 0.15215402841567993 0.8913127183914185 -0.4243085980415344 -0.5784631371498108 -0.9222689270973206 3.1766693592071533
frame-000547.color.jpg 0.047525334782225925 0.14121532440185547 0.8890340328216553 -0.4329179525375366 -0.5323286056518555 -0.8410682678222656 3.1889588832855225
frame-000548.color.jpg 0.048039849744792876 0.13088560104370117 0.8863644599914551 -0.44149646162986755 -0.4980008602142334 -0.7728912830352783 3.2072713375091553
frame-000549.color.jpg 0.041859031837565494 0.10894959419965744 0.8829233050346375 -0.45477914810180664 -0.37466931343078613 -0.6671974658966064 3.2348673343658447
frame-000550.color.jpg 0.05398444937052789 0.09703317284584045 0.8822892904281616 -0.4574231207370758 -0.39849233627319336 -0.6421252489089966 3.2354719638824463
frame-000551.color.jpg 0.05336259772183686 0.0786362811923027 0.8796351552009583 -0.466058611869812 -0.3383174538612366 -0.5773836374282837 3.266289234161377
frame-000552.color.jpg 0.053235344127163256 0.06823896616697311 0.8761338591575623 -0.47423508763313293 -0.3336613178253174 -0.5141704678535461 3.2942638397216797
frame-000553.color.jpg 0.057948013295063515 0.056819792836904526 0.8698694705963135 -0.48656004667282104 -0.33748719096183777 -0.4191133379936218 3.3189198970794678
frame-000554.color.jpg 0.051846688587471254 0.04849220812320709 0.8667697310447693 -0.49363014101982117 -0.2881472706794739 -0.358586847782135 3.334735870361328
frame-000555.color.jpg 0.045131206006019706 0.04536592960357666 0.8639299869537354 -0.4995298385620117 -0.25808846950531006 -0.3011772334575653 3.3466498851776123
frame-000556.color.jpg 0.037809016580095695 0.04577694833278656 0.8615807294845581 -0.504136323928833 -0.2424035370349884 -0.2628724277019501 3.3525400161743164
frame-000557.color.jpg 0.026293779607738748 0.039460379630327225 0.8602046370506287 -0.5077395439147949 -0.18333907425403595 -0.24092023074626923 3.359919309616089
frame-000558.color.jpg 0.027170727234064263 0.03687848895788193 0.8585475087165833 -0.5106837153434753 -0.1938934624195099 -0.21945743262767792 3.3674275875091553
frame-000559.color.jpg 0.023676046540263573 0.0231163389980793 0.8598172664642334 -0.5095285773277283 -0.13779982924461365 -0.23101010918617249 3.3705873489379883
frame-000560.color.jpg 0.022968851044104413 0.014599555172026157 0.8570640683174133 -0.5144904851913452 -0.12375802546739578 -0.1747060865163803 3.3707730770111084
frame-000561.color.jpg 0.021622478565418192 0.009285817854106426 0.8550167083740234 -0.5180664658546448 -0.12173066288232803 -0.1281464695930481 3.366950511932373
frame-000562.color.jpg 0.005402375802762269 -0.0012775122886523604 0.8546892404556274 -0.5191102027893066 -0.005259942263364792 -0.09413839131593704 3.344101667404175
frame-000563.color.jpg 0.0009291925669476573 0.03289780765771866 -0.851340115070343 0.5235807299613953 0.1381082683801651 -0.02070692740380764 3.3147850036621094
frame-000564.color.jpg 0.004100625147691862 -0.048798978328704834 0.8466109037399292 -0.5299544930458069 0.16310028731822968 0.0650775358080864 3.30672550201416
frame-000565.color.jpg 0.0019863393741940774 0.05608657747507095 -0.8547205328941345 0.5160456895828247 0.21411339938640594 -0.029943661764264107 3.2862155437469482
frame-000566.color.jpg 0.013714078296513256 0.07072891294956207 -0.8550787568092346 0.513468325138092 0.3042878210544586 -0.035235073417425156 3.2838351726531982
frame-000567.color.jpg 0.028135714848210924 0.0900895744562149 -0.8500707149505615 0.5181429386138916 0.40160369873046875 -0.01766813173890114 3.296454429626465
frame-000568.color.jpg 0.04451217887521669 0.11750222742557526 -0.8467916250228882 0.5168712735176086 0.5112985372543335 -0.03908567130565643 3.3127050399780273
frame-000569.color.jpg 0.04595063404344517 0.13757842779159546 -0.8398398160934448 0.5230963230133057 0.5404829978942871 -0.014264112338423729 3.352125883102417
frame-000570.color.jpg 0.057682621246405434 0.14443296194076538 -0.8476701378822327 0.5072150230407715 0.6164754629135132 -0.16634586453437805 3.364932060241699
frame-000571.color.jpg 0.06948834671666029 0.1568228304386139 -0.8553628325462341 0.48880699276924133 0.7211893200874329 -0.336401104927063 3.328239917755127
frame-000572.color.jpg 0.04711380898797308 0.1433672308921814 -0.8681311011314392 0.47283655405044556 0.5597735047340393 -0.5037574172019958 3.3218071460723877
frame-000573.color.jpg 0.06156561654423192 0.11927491426467896 -0.8790198564529419 0.457501083612442 0.5548892617225647 -0.6452050805091858 3.292513132095337
frame-000574.color.jpg 0.056377261829635185 0.11848030984401703 -0.891471803188324 0.43366119265556335 0.5172514915466309 -0.8419175744056702 3.2704007625579834
frame-000575.color.jpg 0.045835003783423894 0.11313507705926895 -0.899848222732544 0.41877543926239014 0.4144754409790039 -1.019150733947754 3.28812313079834
frame-000576.color.jpg 0.045565157762634485 0.11100713908672333 -0.9031480550765991 0.41221943497657776 0.3717576265335083 -1.1109390258789062 3.286907196044922
frame-000577.color.jpg 0.0487214046491226 0.110584557056427 -0.9062951803207397 0.4050016701221466 0.36140355467796326 -1.186660647392273 3.2855818271636963
frame-000578.color.jpg 0.03495739406398718 0.0964384526014328 -0.90961092710495 0.40259850025177 0.175436332821846 -1.2587721347808838 3.29842472076416
frame-000579.color.jpg 0.023030704299008237 0.07703525573015213 -0.9142741560935974 0.39703643321990967 -0.0007547890418209136 -1.3438829183578491 3.293794870376587
frame-000580.color.jpg 0.017539750117426197 0.05201098695397377 -0.9193884134292603 0.3895026743412018 -0.1961842179298401 -1.425331950187683 3.2784509658813477
frame-000581.color.jpg 0.013154083600757663 0.03347483649849892 -0.9242650866508484 0.38005316257476807 -0.3235554099082947 -1.4762182235717773 3.2349352836608887
frame-000582.color.jpg 0.01469483333483185 -0.0037282658740878105 -0.9231839776039124 0.3840591013431549 -0.5261911749839783 -1.4303737878799438 3.245612621307373
frame-000583.color.jpg 0.0050513092424851755 -0.01983579806983471 -0.9254270195960999 0.3783727288246155 -0.6842588186264038 -1.4580793380737305 3.207859516143799
frame-000584.color.jpg 0.00363738131987032 0.03125171735882759 0.9243819713592529 -0.3801683187484741 -0.8109927177429199 -1.43428635597229 3.189328908920288
frame-000585.color.jpg 0.010397560796530857 0.05082226172089577 0.916357159614563 -0.3969869017601013 -0.9736726880073547 -1.2813811302185059 3.22613787651062
frame-000586.color.jpg 0.030571897925897523 0.06551437079906464 0.9055529236793518 -0.41802769899368286 -1.142100214958191 -1.1141550540924072 3.229085922241211
frame-000587.color.jpg 0.03794136307092885 0.06396521627902985 0.9008843898773193 -0.42764031887054443 -1.1868057250976562 -1.0309096574783325 3.242882013320923
frame-000588.color.jpg 0.05268144168271066 0.056811049580574036 0.8950808644294739 -0.4391213357448578 -1.2383460998535156 -0.9376351833343506 3.2678635120391846
frame-000589.color.jpg 0.06549930608568358 0.06415535509586334 0.8867359757423401 -0.4530930519104004 -1.348946452140808 -0.795284628868103 3.273916244506836
frame-000590.color.jpg 0.06831086045566222 0.0538199208676815 0.8780505061149597 -0.4706002473831177 -1.3179898262023926 -0.6604347825050354 3.325773239135742
frame-000591.color.jpg 0.08756858777028186 0.04437936097383499 0.8672991991043091 -0.48801061511039734 -1.3791154623031616 -0.5397363901138306 3.335505962371826
frame-000592.color.jpg 0.08739663451726323 0.04349849000573158 0.8573579788208008 -0.5053780674934387 -1.3869109153747559 -0.3890065848827362 3.352452039718628
frame-000593.color.jpg 0.08452648729674662 0.05252968147397041 0.8545894026756287 -0.5096791386604309 -1.411924958229065 -0.30801060795783997 3.316087484359741
frame-000594.color.jpg 0.07647855066028678 0.06254948675632477 0.8488107323646545 -0.5193830728530884 -1.3943452835083008 -0.1677587628364563 3.286696434020996
frame-000595.color.jpg 0.0735648471298225 0.07268112152814865 0.837306797504425 -0.5368638634681702 -1.3974449634552002 0.026242583990097046 3.2541770935058594
frame-000596.color.jpg 0.07466497581877263 0.0617227703332901 0.8273290395736694 -0.5533010363578796 -1.3704493045806885 0.16687853634357452 3.265270709991455
frame-000597.color.jpg 0.06312576678843866 0.05404091998934746 0.8268870711326599 -0.5561946630477905 -1.295194149017334 0.20416377484798431 3.3007864952087402
frame-000598.color.jpg 0.06638524434025533 0.043960828334093094 0.8288813233375549 -0.5537293553352356 -1.2900789976119995 0.18595650792121887 3.305187463760376
frame-000599.color.jpg 0.05743043551787375 0.030655188485980034 0.8203734159469604 -0.5681103467941284 -1.1877754926681519 0.299663245677948 3.3227007389068604
frame-000600.color.jpg 0.038800229061066796 0.014937277883291245 0.8216399550437927 -0.5684885382652283 -1.017468810081482 0.3262033462524414 3.3786768913269043
frame-000601.color.jpg 0.03171158167902564 -7.025679224170744e-05 0.8156412839889526 -0.5776881575584412 -0.9091033339500427 0.39104828238487244 3.395899534225464
frame-000602.color.jpg 0.02631451484695492 -0.01076150219887495 0.8053458333015442 -0.5921230912208557 -0.833278238773346 0.48097336292266846 3.4131264686584473
frame-000603.color.jpg 0.021698397067059446 -0.015724923461675644 0.803074836730957 -0.5952754020690918 -0.777880072593689 0.5100693106651306 3.441061019897461
frame-000604.color.jpg 0.00013704697116439677 -0.047156959772109985 0.8018738627433777 -0.5956295728683472 -0.538432776927948 0.4564972221851349 3.557227373123169
frame-000605.color.jpg 0.011762423268669475 0.05747047811746597 -0.7975537180900574 0.6003888249397278 -0.3888077139854431 0.4918191134929657 3.6198999881744385
frame-000606.color.jpg 0.012181294688401238 0.04885344207286835 -0.8005899786949158 0.5970935225486755 -0.3596396744251251 0.4700663983821869 3.6475484371185303
frame-000607.color.jpg 0.012680862211723728 0.04278748854994774 -0.8006722331047058 0.5974382758140564 -0.3274231553077698 0.4867332875728607 3.6767818927764893
frame-000608.color.jpg 0.01137907186036479 0.04505882412195206 -0.8005545139312744 0.5974552631378174 -0.2889522910118103 0.4956039488315582 3.6997382640838623
frame-000609.color.jpg 0.0180726503437215 0.059553444385528564 -0.7929186820983887 0.6061409115791321 -0.17687653005123138 0.5689193606376648 3.72460675239563
frame-000610.color.jpg 0.019646767245607172 0.0686998963356018 -0.7881907224655151 0.611268937587738 -0.13023744523525238 0.62855064868927 3.7369544506073
frame-000611.color.jpg 0.017284204147959652 0.07372046262025833 -0.7812396287918091 0.6196218132972717 -0.11829441040754318 0.6988450288772583 3.729341745376587
frame-000612.color.jpg 0.023076110967606592 0.07631388306617737 -0.7759343981742859 0.6257550716400146 -0.07814465463161469 0.7743609547615051 3.721874713897705
frame-000613.color.jpg 0.030048452135283638 0.08039378374814987 -0.7645022869110107 0.6388821005821228 -0.021707089617848396 0.9200705885887146 3.6968629360198975
frame-000614.color.jpg 0.022743246810272223 0.07584056258201599 -0.7555281519889832 0.6503138542175293 -0.07392105460166931 1.0397181510925293 3.6737916469573975
frame-000615.color.jpg 0.02347487718836141 0.07473907619714737 -0.7502540946006775 0.6564919948577881 -0.0810767337679863 1.1028271913528442 3.6527481079101562
frame-000616.color.jpg 0.01983341261698271 0.07162168622016907 -0.7426535487174988 0.6655394434928894 -0.11880163103342056 1.1811062097549438 3.6293599605560303
frame-000617.color.jpg 0.012763109964827109 0.06962710618972778 -0.7388887405395508 0.6700989007949829 -0.17191219329833984 1.2218672037124634 3.610379695892334
frame-000618.color.jpg 0.00668409059108397 0.06797745823860168 -0.7357302904129028 0.6738214492797852 -0.21684345602989197 1.2680284976959229 3.5962533950805664
frame-000619.color.jpg 0.003017258038302278 -0.05889693647623062 0.7303361296653748 -0.6805372834205627 -0.2984103262424469 1.3140536546707153 3.5637738704681396
frame-000620.color.jpg 0.0037280989739986044 -0.05431750789284706 0.7254887819290161 -0.6860770583152771 -0.3165280818939209 1.3660802841186523 3.5409605503082275
frame-000621.color.jpg 0.004653393321200323 -0.0527181401848793 0.7222616672515869 -0.6895920634269714 -0.3265938460826874 1.3904898166656494 3.52308988571167
frame-000622.color.jpg 0.0047975157429944095 -0.050453200936317444 0.7239657640457153 -0.6879715919494629 -0.33353787660598755 1.379999041557312 3.525700330734253
frame-000623.color.jpg 0.005585001678157152 -0.049054622650146484 0.7204933166503906 -0.691702127456665 -0.3569295108318329 1.4043693542480469 3.5111215114593506
