frame-000000.color.jpg 0.09553913790489435 0.01962449960410595 0.9559904336929321 -0.2767118811607361 -3.861377716064453 -5.202047348022461 4.077242374420166
frame-000001.color.jpg 0.09501522319231473 0.019987910985946655 0.9560381770133972 -0.27670127153396606 -3.871567964553833 -5.200152397155762 4.073848247528076
frame-000002.color.jpg 0.0987573934835957 0.027021242305636406 0.9562784433364868 -0.2739494740962982 -3.975353479385376 -5.1790547370910645 3.993643045425415
frame-000003.color.jpg 0.0960934025503415 0.029153434559702873 0.9567786455154419 -0.2729297876358032 -3.988785982131958 -5.165588855743408 3.989427328109741
frame-000004.color.jpg 0.09985367980533653 0.03306661546230316 0.9562732577323914 -0.2729053795337677 -4.049781799316406 -5.146231651306152 3.950657606124878
frame-000005.color.jpg 0.09758399000117277 0.03282295912504196 0.9566129446029663 -0.2725650370121002 -4.0400166511535645 -5.1441969871521 3.967258930206299
frame-000006.color.jpg 0.09477562578280725 0.03161410242319107 0.9568890333175659 -0.27272945642471313 -4.016757965087891 -5.146796226501465 3.9895660877227783
frame-000007.color.jpg 0.093447238412564 0.02946571633219719 0.9576749801635742 -0.2706621289253235 -3.9870715141296387 -5.172850131988525 3.9840281009674072
frame-000008.color.jpg 0.0945109823429851 0.0321834534406662 0.9575302004814148 -0.2704951763153076 -4.024236679077148 -5.159619331359863 3.963994026184082
frame-000009.color.jpg 0.09951645590443498 0.037056442350149155 0.9564205408096313 -0.2719980478286743 -4.10751485824585 -5.109529495239258 3.9227073192596436
frame-000010.color.jpg 0.10333306338324902 0.03933416306972504 0.9540794491767883 -0.2784014642238617 -4.159052848815918 -5.03849458694458 3.954819917678833
frame-000011.color.jpg 0.10990043273267572 0.04221801459789276 0.9521408081054688 -0.2820769250392914 -4.217800140380859 -4.991260528564453 3.925565004348755
frame-000012.color.jpg 0.10848511079615086 0.04028436169028282 0.9520103335380554 -0.28334513306617737 -4.192808628082275 -4.989442825317383 3.959296226501465
frame-000013.color.jpg 0.11191934480514414 0.04997973516583443 0.9496137499809265 -0.2884614169597626 -4.308689594268799 -4.881948947906494 3.939897060394287
frame-000014.color.jpg 0.11438747336921894 0.05720839649438858 0.9493300914764404 -0.28708016872406006 -4.38158655166626 -4.831579685211182 3.881498336791992
frame-000015.color.jpg 0.11682257484839606 0.060125693678855896 0.9493962526321411 -0.28527918457984924 -4.404343605041504 -4.8187150955200195 3.8348958492279053
frame-000016.color.jpg 0.11876920429196526 0.06660584360361099 0.9488263726234436 -0.28493157029151917 -4.471246242523193 -4.767971515655518 3.7938344478607178
frame-000017.color.jpg 0.12081998704968284 0.07013870775699615 0.948821485042572 -0.28323253989219666 -4.497661113739014 -4.7442779541015625 3.7475693225860596
frame-000018.color.jpg 0.1236674787431115 0.07242745906114578 0.9480956196784973 -0.28385794162750244 -4.517056465148926 -4.713127613067627 3.727854013442993
frame-000019.color.jpg 0.12443670872158925 0.07357589155435562 0.9467751979827881 -0.2876085340976715 -4.508726119995117 -4.683831214904785 3.7512152194976807
frame-000020.color.jpg 0.12371124747866315 0.07217186689376831 0.9485460519790649 -0.28239545226097107 -4.462528705596924 -4.7240705490112305 3.7090981006622314
frame-000021.color.jpg 0.12725452583198715 0.07291796058416367 0.9483911395072937 -0.28114670515060425 -4.463770866394043 -4.732544898986816 3.6652235984802246
frame-000022.color.jpg 0.12400591126461681 0.07173130661249161 0.9487835168838501 -0.2815797030925751 -4.43956995010376 -4.735312461853027 3.691944122314453
frame-000023.color.jpg 0.12651750004509726 0.07496500760316849 0.9497485756874084 -0.27631714940071106 -4.453449726104736 -4.750006675720215 3.6082823276519775
frame-000024.color.jpg 0.1272016723135171 0.07274051010608673 0.9502715468406677 -0.2747955024242401 -4.414504528045654 -4.778251647949219 3.594872236251831
frame-000025.color.jpg 0.1256676993942087 0.07675264775753021 0.9520225524902344 -0.2682717740535736 -4.4015984535217285 -4.789763450622559 3.5210001468658447
frame-000026.color.jpg 0.1245788832983002 0.07857253402471542 0.9522393941879272 -0.2674821615219116 -4.394634246826172 -4.778766632080078 3.506498098373413
frame-000027.color.jpg 0.11595411735217273 0.06908232718706131 0.9540004730224609 -0.26770374178886414 -4.238394260406494 -4.83677864074707 3.5961310863494873
frame-000028.color.jpg 0.10720112964989806 0.05542256683111191 0.9553046822547913 -0.26986896991729736 -4.049773693084717 -4.904480934143066 3.7195162773132324
frame-000029.color.jpg 0.08314745881114594 0.007549085188657045 0.9568219184875488 -0.27842646837234497 -3.3898508548736572 -5.117956638336182 4.118747234344482
frame-000030.color.jpg 0.08339122673524002 -0.012147915549576283 0.9562837481498718 -0.2800350785255432 -3.140817165374756 -5.219964504241943 4.183791637420654
frame-000031.color.jpg 0.07838492653578763 -0.022326042875647545 0.9568665623664856 -0.27886125445365906 -2.994300365447998 -5.277170181274414 4.228909015655518
frame-000032.color.jpg 0.06619683218413824 -0.03402029350399971 0.9590275883674622 -0.2733618915081024 -2.77687668800354 -5.36047887802124 4.273715972900391
frame-000033.color.jpg 0.05904012372340201 -0.03561384603381157 0.9595271944999695 -0.273044615983963 -2.7118186950683594 -5.363705158233643 4.309219837188721
frame-000034.color.jpg 0.051841331383537324 -0.04790199548006058 0.9588912129402161 -0.27485522627830505 -2.5135297775268555 -5.398508071899414 4.400262832641602
frame-000035.color.jpg 0.04317700881434586 -0.05317304655909538 0.9600751996040344 -0.2712269425392151 -2.3968698978424072 -5.434113502502441 4.434168815612793
frame-000036.color.jpg 0.050508651195745595 -0.054432738572359085 0.9598748683929443 -0.27041852474212646 -2.3871684074401855 -5.466124057769775 4.396345138549805
frame-000037.color.jpg 0.05230597397470819 -0.05356417968869209 0.9603899717330933 -0.2684139907360077 -2.385812520980835 -5.490460395812988 4.371797561645508
frame-000038.color.jpg 0.051837878962433845 -0.046569470316171646 0.9604569673538208 -0.26956743001937866 -2.4509661197662354 -5.455214500427246 4.391844272613525
frame-000039.color.jpg 0.0476607221506454 -0.04771723598241806 0.959643542766571 -0.2730124592781067 -2.4199330806732178 -5.4307122230529785 4.456301689147949
frame-000040.color.jpg 0.04669953637481212 -0.04685667157173157 0.9602310657501221 -0.27125629782676697 -2.372790575027466 -5.458799362182617 4.457613468170166
frame-000041.color.jpg 0.0405102512866671 -0.05313600227236748 0.9614461660385132 -0.26675236225128174 -2.22554874420166 -5.521373748779297 4.464783191680908
frame-000042.color.jpg 0.029733403612220717 -0.06307094544172287 0.9606651067733765 -0.26881325244903564 -2.020256280899048 -5.536262035369873 4.57998514175415
frame-000043.color.jpg 0.02299375920551037 -0.07389050722122192 0.9612043499946594 -0.26475974917411804 -1.8184951543807983 -5.612375736236572 4.593281269073486
frame-000044.color.jpg 0.016290377198982697 -0.0827653631567955 0.9609851837158203 -0.26342371106147766 -1.6454477310180664 -5.647433280944824 4.63388204574585
frame-000045.color.jpg 0.012828192908283272 -0.09640157222747803 0.9582683444023132 -0.2688197195529938 -1.4179205894470215 -5.6488823890686035 4.743852615356445
frame-000046.color.jpg 0.01770673639466005 -0.09764652699232101 0.9570537209510803 -0.2723965346813202 -1.4130418300628662 -5.637206077575684 4.771918296813965
frame-000047.color.jpg 0.005841059052618357 -0.11846455186605453 0.9542601108551025 -0.27444395422935486 -1.0316749811172485 -5.672073841094971 4.891887187957764
frame-000048.color.jpg 2.0102658542726198e-05 0.13893085718154907 -0.9522174596786499 0.27199286222457886 -0.6905303597450256 -5.735622882843018 4.912467956542969
frame-000049.color.jpg 0.0038563672471422913 0.16315482556819916 -0.9502370357513428 0.26535844802856445 -0.3087904453277588 -5.825727939605713 4.874216556549072
frame-000050.color.jpg 0.010696401861572266 0.17931441962718964 -0.9483823180198669 0.2613483667373657 -0.027150383219122887 -5.872424602508545 4.860049247741699
frame-000051.color.jpg 0.012857396775519543 0.19063042104244232 -0.9464449286460876 0.2602628171443939 0.16034634411334991 -5.888624668121338 4.856241226196289
frame-000052.color.jpg 0.0162894236512086 0.20646898448467255 -0.9454420208930969 0.25148487091064453 0.4288506507873535 -5.953616619110107 4.773397445678711
frame-000053.color.jpg 0.019259648744468304 0.21291516721248627 -0.9430137276649475 0.254992812871933 0.5530513525009155 -5.9138665199279785 4.818150043487549
frame-000054.color.jpg 0.02129246404354811 0.22437132894992828 -0.9409239888191223 0.2527173161506653 0.7476226687431335 -5.912386417388916 4.799557209014893
frame-000055.color.jpg 0.025361158953434104 0.22932733595371246 -0.938416600227356 0.25717735290527344 0.8574701547622681 -5.85181188583374 4.851736068725586
frame-000056.color.jpg 0.029644393527018267 0.23508858680725098 -0.9371921420097351 0.25597938895225525 0.971693754196167 -5.82905387878418 4.836362361907959
frame-000057.color.jpg 0.0332479742762874 0.24289292097091675 -0.9325813055038452 0.2649334669113159 1.1084524393081665 -5.702441692352295 4.937506675720215
frame-000058.color.jpg 0.0361990066308932 0.2489170879125595 -0.9301338195800781 0.26754626631736755 1.2137795686721802 -5.630919933319092 4.954653263092041
frame-000059.color.jpg 0.03982737603171342 0.24750304222106934 -0.9293203353881836 0.2711453139781952 1.218672752380371 -5.5721755027771 4.988656044006348
frame-000060.color.jpg 0.04413096492291906 0.24426253139972687 -0.9250640869140625 0.2874797582626343 1.1846462488174438 -5.387787342071533 5.164839744567871
frame-000061.color.jpg 0.0365832019370445 0.24431411921977997 -0.9226291179656982 0.2961888015270233 1.121829867362976 -5.281569957733154 5.245161533355713
frame-000062.color.jpg 0.03269955230785246 0.24097736179828644 -0.9203048348426819 0.30643031001091003 1.0291681289672852 -5.161884784698486 5.337661266326904
frame-000063.color.jpg 0.028061000135450077 0.23491428792476654 -0.9203595519065857 0.3113938570022583 0.9100754261016846 -5.108048915863037 5.384096622467041
frame-000064.color.jpg 0.027186457047447453 0.23064614832401276 -0.9194452166557312 0.3173069655895233 0.8302182555198669 -5.030038833618164 5.430105209350586
frame-000065.color.jpg 0.028302541390102236 0.22931061685085297 -0.9203491806983948 0.31555184721946716 0.8190740942955017 -5.040002346038818 5.4065165519714355
frame-000066.color.jpg 0.024729667090660525 0.2241518795490265 -0.919860303401947 0.3209384083747864 0.7121744751930237 -4.982413291931152 5.4435343742370605
frame-000067.color.jpg 0.014045805789079303 0.2171371877193451 -0.9179957509040833 0.3315688669681549 0.5419929027557373 -4.89712381362915 5.523632526397705
frame-000068.color.jpg 0.010030176933016844 0.21542109549045563 -0.9192417860031128 0.3293747007846832 0.49463629722595215 -4.917681694030762 5.492747783660889
frame-000069.color.jpg 0.004845079696701097 0.20206083357334137 -0.9199796915054321 0.33583539724349976 0.2735890746116638 -4.861578464508057 5.542135715484619
frame-000070.color.jpg 0.007212413402526684 -0.18323226273059845 0.920666515827179 -0.3445972502231598 -0.05770393833518028 -4.795816421508789 5.598348617553711
frame-000071.color.jpg 0.010557054070954829 -0.16933661699295044 0.9209854602813721 -0.3507128059864044 -0.26514413952827454 -4.73801851272583 5.638529300689697
frame-000072.color.jpg 0.017295050571777847 -0.15262246131896973 0.9210690259933472 -0.35782554745674133 -0.5253368616104126 -4.661050319671631 5.673382759094238
frame-000073.color.jpg 0.026576206889938104 -0.14371433854103088 0.9191677570343018 -0.3657464385032654 -0.7069154381752014 -4.586557865142822 5.7134480476379395
frame-000074.color.jpg 0.026658908824357837 -0.12694159150123596 0.9193627238273621 -0.37141281366348267 -0.9324758052825928 -4.498543739318848 5.738652229309082
frame-000075.color.jpg 0.021383995932619804 -0.11380302160978317 0.9176657795906067 -0.3801068663597107 -1.0909079313278198 -4.367915630340576 5.816378593444824
frame-000076.color.jpg 0.022523362012946635 -0.10454411804676056 0.9153788685798645 -0.3881300687789917 -1.230229139328003 -4.2678751945495605 5.866428852081299
frame-000077.color.jpg 0.025186096445243895 -0.09443290531635284 0.9167402386665344 -0.3873440623283386 -1.3872624635696411 -4.257812023162842 5.836667060852051
frame-000078.color.jpg 0.03424351972250098 -0.08394231647253036 0.9166203141212463 -0.38934326171875 -1.5860313177108765 -4.222029209136963 5.811718463897705
frame-000079.color.jpg 0.039724937175471146 -0.07597848773002625 0.9197576642036438 -0.3830077648162842 -1.708974838256836 -4.277136325836182 5.727743148803711
frame-000080.color.jpg 0.04914135216974469 -0.0637718066573143 0.9208844900131226 -0.3814314901828766 -1.9177676439285278 -4.27260684967041 5.650567531585693
frame-000081.color.jpg 0.062430005961869935 -0.045048490166664124 0.9197375774383545 -0.3849102854728699 -2.2356622219085693 -4.1918721199035645 5.5979695320129395
frame-000082.color.jpg 0.07231814840190982 -0.0400577187538147 0.9157559871673584 -0.39313653111457825 -2.357598304748535 -4.097398281097412 5.621250152587891
frame-000083.color.jpg 0.07107585516882046 -0.041963279247283936 0.9150804281234741 -0.39473429322242737 -2.3333334922790527 -4.072917938232422 5.652695178985596
frame-000084.color.jpg 0.07241695158163021 -0.04540469869971275 0.9124248623847961 -0.4002189636230469 -2.302957773208618 -4.020155906677246 5.711628437042236
frame-000085.color.jpg 0.07201127142999054 -0.048935987055301666 0.9110225439071655 -0.40306028723716736 -2.250472068786621 -3.9927871227264404 5.750154495239258
frame-000086.color.jpg 0.0569205783472509 -0.06456506997346878 0.9104492664337158 -0.4045659005641937 -1.9664260149002075 -3.9803950786590576 5.873802661895752
frame-000087.color.jpg 0.05540115455216707 -0.07032766938209534 0.90999436378479 -0.40483957529067993 -1.8728723526000977 -3.985200881958008 5.901943206787109
frame-000088.color.jpg 0.03769120262923676 -0.09175397455692291 0.9067742228507996 -0.40978166460990906 -1.4651504755020142 -3.93393874168396 6.064572811126709
frame-000089.color.jpg 0.02859496258089887 -0.10798897594213486 0.9025208353996277 -0.41590481996536255 -1.125015377998352 -3.850706100463867 6.176920413970947
frame-000090.color.jpg 0.01255522562343109 -0.13120593130588531 0.8998903632164001 -0.41572195291519165 -0.6896175146102905 -3.8439831733703613 6.257318019866943
frame-000091.color.jpg 0.00044424929615310814 -0.14478658139705658 0.9005682468414307 -0.40989449620246887 -0.4019702970981598 -3.8993704319000244 6.249090671539307
frame-000092.color.jpg 0.012235411672496978 0.15520945191383362 -0.9020775556564331 0.4025125503540039 -0.15045858919620514 -3.9611856937408447 6.20780086517334
frame-000093.color.jpg 0.019385510251612337 0.16875559091567993 -0.8996262550354004 0.40226659178733826 0.07921959459781647 -3.947427988052368 6.223694801330566
frame-000094.color.jpg 0.02953774793472482 0.1846943497657776 -0.9007787704467773 0.3919351100921631 0.39134180545806885 -4.030447483062744 6.162969589233398
frame-000095.color.jpg 0.03561907008173368 0.19497554004192352 -0.9025276899337769 0.3823084533214569 0.5808327198028564 -4.111963272094727 6.089355945587158
frame-000096.color.jpg 0.045786179287286094 0.21482236683368683 -0.8979476690292358 0.3813724219799042 0.9305355548858643 -4.0746660232543945 6.086910724639893
frame-000097.color.jpg 0.0524990657774185 0.22549064457416534 -0.8953697681427002 0.38040876388549805 1.1350749731063843 -4.051827430725098 6.087628364562988
frame-000098.color.jpg 0.057726417166272574 0.23025698959827423 -0.8945276141166687 0.37877410650253296 1.2494182586669922 -4.051318168640137 6.083001613616943
frame-000099.color.jpg 0.07781779746083577 0.2661918103694916 -0.8863381147384644 0.37079793214797974 1.8760769367218018 -4.009466648101807 5.97377872467041
frame-000100.color.jpg 0.08050798730469164 0.27412253618240356 -0.8845829367637634 0.36863043904304504 2.0136032104492188 -4.007889270782471 5.94512939453125
frame-000101.color.jpg 0.08469206916701807 0.28917452692985535 -0.8809756636619568 0.3648112416267395 2.2492048740386963 -3.992065906524658 5.885362148284912
frame-000102.color.jpg 0.0908489690931918 0.2985268831253052 -0.8791753649711609 0.36010950803756714 2.4239978790283203 -3.9953200817108154 5.824099063873291
frame-000103.color.jpg 0.09683902004805155 0.3091816306114197 -0.8748114705085754 0.3601859211921692 2.6060636043548584 -3.9347612857818604 5.798702239990234
frame-000104.color.jpg 0.1052568041864741 0.3244977295398712 -0.8715975880622864 0.3520509600639343 2.8838980197906494 -3.9405508041381836 5.679660320281982
frame-000105.color.jpg 0.10727093903720239 0.3337011933326721 -0.869299054145813 0.3485046327114105 3.035954236984253 -3.934431552886963 5.618359565734863
frame-000106.color.jpg 0.11211977740993569 0.36076679825782776 -0.8711860775947571 0.31354647874832153 3.493072748184204 -4.18733024597168 5.186276435852051
frame-000107.color.jpg 0.11258151316592767 0.36892083287239075 -0.8741223812103271 0.29518282413482666 3.6280078887939453 -4.336971282958984 4.960458755493164
frame-000108.color.jpg 0.1064814340491482 0.3754628598690033 -0.8762930631637573 0.2824886441230774 3.6947081089019775 -4.440182209014893 4.820847511291504
frame-000109.color.jpg 0.10543877220757802 0.3843519687652588 -0.8757889270782471 0.2723047435283661 3.815661907196045 -4.494595527648926 4.675990581512451
frame-000110.color.jpg 0.10471763657440064 0.38857296109199524 -0.8752298355102539 0.26836174726486206 3.8757317066192627 -4.508934020996094 4.621063232421875
frame-000111.color.jpg 0.09039368252332448 0.39512476325035095 -0.8794746398925781 0.2494586855173111 3.908020496368408 -4.684785842895508 4.416102409362793
frame-000112.color.jpg 0.0913400874462634 0.3965150713920593 -0.8790653347969055 0.24834825098514557 3.9422450065612793 -4.689225673675537 4.393696308135986
frame-000113.color.jpg 0.08555248698149978 0.4030592441558838 -0.8805602192878723 0.2341746687889099 4.014524459838867 -4.774019718170166 4.225523471832275
frame-000114.color.jpg 0.08253635403001022 0.40622153878211975 -0.8811559677124023 0.22745561599731445 4.057995319366455 -4.813412189483643 4.138232231140137
frame-000115.color.jpg 0.08384334836681295 0.40600186586380005 -0.8812128901481628 0.22714920341968536 4.066817283630371 -4.816802024841309 4.13249397277832
frame-000116.color.jpg 0.0885823224906259 0.4109888970851898 -0.8802205920219421 0.22012025117874146 4.17622709274292 -4.819747447967529 4.010209560394287
frame-000117.color.jpg 0.09400564911319248 0.4152138829231262 -0.8784331679344177 0.21706105768680573 4.275452613830566 -4.785953044891357 3.9426140785217285
frame-000118.color.jpg 0.10554652880493377 0.4348301887512207 -0.8644025325775146 0.2293270379304886 4.606725215911865 -4.3961639404296875 3.9479992389678955
frame-000119.color.jpg 0.10675725286059456 0.43361350893974304 -0.863386869430542 0.2348303496837616 4.5998311042785645 -4.313205242156982 3.9834587574005127
frame-000120.color.jpg 0.11747880191642653 0.43205854296684265 -0.8627195954322815 0.23502974212169647 4.652581214904785 -4.276729583740234 3.913797616958618
frame-000121.color.jpg 0.11909375617752657 0.4359227120876312 -0.8609735369682312 0.23347929120063782 4.73549222946167 -4.2188825607299805 3.8582780361175537
frame-000122.color.jpg 0.11894024069512626 0.44402745366096497 -0.8577476739883423 0.2301342487335205 4.8443098068237305 -4.144115447998047 3.775071859359741
frame-000123.color.jpg 0.12056485061589922 0.45264753699302673 -0.8518355488777161 0.23441511392593384 4.963705062866211 -3.9927785396575928 3.7798728942871094
frame-000124.color.jpg 0.11296410288316339 0.44800102710723877 -0.8557133674621582 0.23299944400787354 4.8997297286987305 -4.029388904571533 3.791292905807495
frame-000125.color.jpg 0.11146361615250937 0.42675045132637024 -0.8656641244888306 0.2368239462375641 4.6804070472717285 -4.186411380767822 3.8880929946899414
frame-000126.color.jpg 0.10444377315345897 0.40236663818359375 -0.8775280714035034 0.2390335500240326 4.389766693115234 -4.37904691696167 3.992050886154175
frame-000127.color.jpg 0.1017730150294195 0.36239272356033325 -0.8935766220092773 0.24461150169372559 3.9364616870880127 -4.650134086608887 4.161068439483643
frame-000128.color.jpg 0.09996849700560212 0.3420394957065582 -0.9014976620674133 0.24559549987316132 3.6989364624023438 -4.785859107971191 4.225800514221191
frame-000129.color.jpg 0.09362230126188732 0.3167858421802521 -0.9098855257034302 0.2509782016277313 3.3805201053619385 -4.907619476318359 4.356248378753662
frame-000130.color.jpg 0.09298315953753761 0.3020496666431427 -0.9142812490463257 0.25339701771736145 3.2058265209198 -4.969101428985596 4.4069671630859375
frame-000131.color.jpg 0.09189469088325743 0.2939004600048065 -0.9152839779853821 0.25967884063720703 3.1148293018341064 -4.951911926269531 4.495678901672363
frame-000132.color.jpg 0.0922128152744989 0.2895815968513489 -0.9166135191917419 0.25972872972488403 3.0710017681121826 -4.969650745391846 4.4956955909729
frame-000133.color.jpg 0.08206731242343258 0.2719659209251404 -0.9229534864425659 0.25972357392311096 2.7959814071655273 -5.064789772033691 4.5240607261657715
frame-000134.color.jpg 0.0821102017363177 0.269942969083786 -0.9243595600128174 0.25680381059646606 2.767714023590088 -5.094217300415039 4.490767955780029
frame-000135.color.jpg 0.07165611316796001 0.2596203088760376 -0.9277410507202148 0.2583780288696289 2.582012414932251 -5.129873752593994 4.535191059112549
frame-000136.color.jpg 0.07118346631300498 0.24295562505722046 -0.9300737380981445 0.26621103286743164 2.3657033443450928 -5.12873649597168 4.627267360687256
frame-000137.color.jpg 0.06405026737727298 0.229439377784729 -0.9348756074905396 0.263178288936615 2.159404754638672 -5.194268703460693 4.586979389190674
frame-000138.color.jpg 0.055522679896960865 0.21327053010463715 -0.9390295147895813 0.26392537355422974 1.9089828729629517 -5.2299909591674805 4.594872951507568
frame-000139.color.jpg 0.04827942052627453 0.19279634952545166 -0.9406787157058716 0.27499499917030334 1.6070524454116821 -5.1765828132629395 4.717270374298096
frame-000140.color.jpg 0.032487710805524504 0.17221471667289734 -0.9441298246383667 0.2791154086589813 1.2593892812728882 -5.200777530670166 4.768189430236816
frame-000141.color.jpg 0.012618043942477645 0.14346377551555634 -0.9481921792030334 0.283179372549057 0.7752624154090881 -5.219913005828857 4.812040328979492
frame-000142.color.jpg 0.009542753496013487 -0.11657087504863739 0.9503219723701477 -0.2884584367275238 0.31238114833831787 -5.217229843139648 4.843232154846191
frame-000143.color.jpg 0.03445248943709849 -0.07208454608917236 0.9557114243507385 -0.28325340151786804 -0.3783177137374878 -5.282086372375488 4.722771167755127
frame-000144.color.jpg 0.04033110704073521 -0.039636507630348206 0.9586330056190491 -0.2789716124534607 -0.8017082810401917 -5.28715705871582 4.638169288635254
frame-000145.color.jpg 0.06569676728207684 0.017032373696565628 0.954268217086792 -0.29114624857902527 -1.6119234561920166 -5.075948238372803 4.63231897354126
frame-000146.color.jpg 0.07061139361795672 0.027280570939183235 0.9534412622451782 -0.29192376136779785 -1.7529311180114746 -5.032389163970947 4.617411136627197
frame-000147.color.jpg 0.07187941092224112 0.04007866978645325 0.9491671323776245 -0.30382364988327026 -1.9229588508605957 -4.879014015197754 4.723423957824707
frame-000148.color.jpg 0.07684201991716597 0.05226669833064079 0.9452839493751526 -0.3127328157424927 -2.089566707611084 -4.7496442794799805 4.778726100921631
frame-000149.color.jpg 0.08386378015133834 0.0623142383992672 0.9412198066711426 -0.32123056054115295 -2.245915412902832 -4.63721227645874 4.819283962249756
frame-000150.color.jpg 0.08416371943728818 0.07681293785572052 0.9388425350189209 -0.32494768500328064 -2.4250094890594482 -4.538702487945557 4.836142063140869
frame-000151.color.jpg 0.09490806366342901 0.09135288000106812 0.9360422492027283 -0.32630038261413574 -2.654017210006714 -4.464022636413574 4.778020858764648
frame-000152.color.jpg 0.10792065057036168 0.10147082805633545 0.9306198954582214 -0.33466923236846924 -2.8703250885009766 -4.357281684875488 4.797321796417236
frame-000153.color.jpg 0.10512853535904175 0.10309569537639618 0.9310715794563293 -0.33380383253097534 -2.888582229614258 -4.357292175292969 4.801760673522949
frame-000154.color.jpg 0.10861214804733217 0.10177522152662277 0.9308299422264099 -0.33376747369766235 -2.89184832572937 -4.366837024688721 4.791248321533203
frame-000155.color.jpg 0.10946462629316182 0.09685540199279785 0.9293380379676819 -0.33906856179237366 -2.841747522354126 -4.3424763679504395 4.857386112213135
frame-000156.color.jpg 0.10545252339345504 0.08331997692584991 0.9281219244003296 -0.34717023372650146 -2.648789167404175 -4.318270683288574 5.0024800300598145
frame-000157.color.jpg 0.09327881929041494 0.06700284034013748 0.9260603189468384 -0.35947462916374207 -2.376831531524658 -4.2441301345825195 5.219335079193115
frame-000158.color.jpg 0.08871269897725148 0.0512208417057991 0.9236118793487549 -0.36938804388046265 -2.154256582260132 -4.176001071929932 5.371040344238281
frame-000159.color.jpg 0.0834117780916076 0.048473797738552094 0.9232155680656433 -0.3719756305217743 -2.078557252883911 -4.138965129852295 5.430877685546875
frame-000160.color.jpg 0.0733941253484906 0.03591311722993851 0.9238395690917969 -0.3739572763442993 -1.8705533742904663 -4.132568359375 5.511767387390137
frame-000161.color.jpg 0.07522332718267641 0.03372162580490112 0.9214979410171509 -0.3795335590839386 -1.8394941091537476 -4.0811662673950195 5.555256366729736
frame-000162.color.jpg 0.0666139763707708 0.014264787547290325 0.9192508459091187 -0.3877332806587219 -1.5550580024719238 -4.033938884735107 5.695596694946289
frame-000163.color.jpg 0.05483255741797618 0.001799311488866806 0.919663667678833 -0.38885581493377686 -1.32136070728302 -4.039553165435791 5.752406120300293
frame-000164.color.jpg 0.03488519729670619 -0.01775023527443409 0.9219838976860046 -0.38524481654167175 -0.9471539855003357 -4.096421241760254 5.792093276977539
frame-000165.color.jpg 0.028152516699781836 -0.03370646759867668 0.923267126083374 -0.3816400170326233 -0.6868704557418823 -4.145830154418945 5.786807537078857
frame-000166.color.jpg 0.017588737577296957 -0.05709463730454445 0.9252567887306213 -0.37460753321647644 -0.3009575307369232 -4.2294487953186035 5.759942531585693
frame-000167.color.jpg 0.011144482856665854 -0.07189693301916122 0.9261845946311951 -0.36998456716537476 -0.0430702343583107 -4.277426719665527 5.741792678833008
frame-000168.color.jpg 0.006318960256462374 -0.09271571785211563 0.9243447184562683 -0.3700684607028961 0.2856203019618988 -4.268152236938477 5.744970321655273
frame-000169.color.jpg 0.005069071199221527 0.10910186171531677 -0.922817051410675 0.3694317042827606 0.5836131572723389 -4.256313323974609 5.74295711517334
frame-000170.color.jpg 0.01599584943005505 0.12560203671455383 -0.9220348596572876 0.36581382155418396 0.876780092716217 -4.262683391571045 5.7020955085754395
frame-000171.color.jpg 0.03089039385459882 0.1441749483346939 -0.9204931259155273 0.36187267303466797 1.221493124961853 -4.254698753356934 5.642742156982422
frame-000172.color.jpg 0.042605330803419834 0.16245903074741364 -0.9175559282302856 0.36039289832115173 1.543520212173462 -4.212159156799316 5.601704120635986
frame-000173.color.jpg 0.05264525234757773 0.17652641236782074 -0.916088879108429 0.356157511472702 1.7976561784744263 -4.2098774909973145 5.533949851989746
frame-000174.color.jpg 0.06628568593862127 0.199802428483963 -0.9145126938819885 0.3454732298851013 2.2057230472564697 -4.236245632171631 5.379942417144775
frame-000175.color.jpg 0.07315920105364422 0.21098725497722626 -0.9145342707633972 0.33728182315826416 2.4023218154907227 -4.272639274597168 5.271298408508301
frame-000176.color.jpg 0.07875939372280084 0.22137555480003357 -0.9133712649345398 0.33247941732406616 2.5857796669006348 -4.287978172302246 5.18596076965332
frame-000177.color.jpg 0.09061925059667877 0.25026145577430725 -0.9121994376182556 0.3115278482437134 3.032625198364258 -4.365299701690674 4.8890557289123535
frame-000178.color.jpg 0.09338374032579977 0.25625529885292053 -0.9117786884307861 0.3070380687713623 3.127720355987549 -4.3799357414245605 4.823164939880371
frame-000179.color.jpg 0.09849973333181346 0.26686403155326843 -0.9104791283607483 0.30018192529678345 3.2940750122070312 -4.3969197273254395 4.716370105743408
frame-000180.color.jpg 0.10112916695244742 0.27874648571014404 -0.9091243147850037 0.2925170063972473 3.461895227432251 -4.409415245056152 4.599853515625
frame-000181.color.jpg 0.10116083260454217 0.2905191481113434 -0.9081428050994873 0.283974826335907 3.6151323318481445 -4.421547889709473 4.485174655914307
frame-000182.color.jpg 0.10657874793981889 0.3041597306728363 -0.9058669209480286 0.27483248710632324 3.8168821334838867 -4.41748046875 4.332756042480469
frame-000183.color.jpg 0.10587133216708364 0.310857355594635 -0.9050953984260559 0.27011337876319885 3.904937267303467 -4.421441078186035 4.268500804901123
frame-000184.color.jpg 0.1050479218921322 0.3247455656528473 -0.9053666591644287 0.25261908769607544 4.083076000213623 -4.502806663513184 4.0397725105285645
frame-000185.color.jpg 0.1031074198474878 0.3254804015159607 -0.906338095664978 0.2489631026983261 4.0861897468566895 -4.531870365142822 4.00477409362793
frame-000186.color.jpg 0.10406414504960396 0.32760167121887207 -0.9071140885353088 0.24288246035575867 4.115504264831543 -4.579963684082031 3.918142557144165
frame-000187.color.jpg 0.09382228477110806 0.33108076453208923 -0.9089558720588684 0.2353341430425644 4.1170854568481445 -4.630391597747803 3.8668298721313477
frame-000188.color.jpg 0.08702006205496707 0.3320237994194031 -0.9101877808570862 0.23183129727840424 4.105907917022705 -4.670595645904541 3.843864679336548
frame-000189.color.jpg 0.08418712032065706 0.3323505222797394 -0.9111146330833435 0.22874815762043 4.10302209854126 -4.700455188751221 3.8149960041046143
frame-000190.color.jpg 0.08499305632990287 0.33388903737068176 -0.9116726517677307 0.22393546998500824 4.126798629760742 -4.733664512634277 3.7554450035095215
frame-000191.color.jpg 0.08101427885287854 0.33681705594062805 -0.9117978811264038 0.22048905491828918 4.148201942443848 -4.750577926635742 3.7189176082611084
frame-000192.color.jpg 0.07672494541884742 0.3361973762512207 -0.9141551852226257 0.2130843997001648 4.128269195556641 -4.818879127502441 3.646261692047119
frame-000193.color.jpg 0.07801270636279568 0.33589598536491394 -0.9135923385620117 0.2154923379421234 4.129619598388672 -4.804934978485107 3.665823459625244
frame-000194.color.jpg 0.07991825801585903 0.33347249031066895 -0.9139016270637512 0.21723969280719757 4.1089558601379395 -4.800248622894287 3.6783177852630615
frame-000195.color.jpg 0.08123373270194655 0.3281124532222748 -0.9146408438682556 0.2217554897069931 4.054235458374023 -4.7931809425354 3.732304096221924
frame-000196.color.jpg 0.08536102457094442 0.32099825143814087 -0.915192186832428 0.2282475233078003 3.9849469661712646 -4.771298408508301 3.810847520828247
frame-000197.color.jpg 0.09292594943666917 0.31958115100860596 -0.9121508002281189 0.23919358849525452 3.995478391647339 -4.642127990722656 3.9056403636932373
frame-000198.color.jpg 0.09588812281313182 0.31827741861343384 -0.9096180200576782 0.24919873476028442 3.9874331951141357 -4.539972305297852 4.0140061378479
frame-000199.color.jpg 0.10245381812783975 0.31685081124305725 -0.9078919887542725 0.254638671875 3.9982945919036865 -4.478845119476318 4.044959545135498
frame-000200.color.jpg 0.10986085792365648 0.3178875148296356 -0.9051464796066284 0.2599767744541168 4.043985843658447 -4.388266086578369 4.059378623962402
frame-000201.color.jpg 0.11726630028638643 0.31605231761932373 -0.9023900032043457 0.268424928188324 4.059130668640137 -4.297601699829102 4.113825798034668
frame-000202.color.jpg 0.12023621463584383 0.3193628191947937 -0.901102602481842 0.2675163149833679 4.112040042877197 -4.252298355102539 4.076475620269775
frame-000203.color.jpg 0.12633184318185287 0.3204512894153595 -0.8981514573097229 0.2732676863670349 4.154398441314697 -4.154838562011719 4.083291530609131
frame-000204.color.jpg 0.12875189146622637 0.32308968901634216 -0.8949604034423828 0.27943143248558044 4.196234226226807 -4.04304313659668 4.108638763427734
frame-000205.color.jpg 0.13155370981411607 0.32351577281951904 -0.8920625448226929 0.28680220246315 4.207775115966797 -3.934070587158203 4.152297496795654
frame-000206.color.jpg 0.1322158051222568 0.32026368379592896 -0.8907803893089294 0.2940417230129242 4.174657821655273 -3.8768181800842285 4.214719295501709
frame-000207.color.jpg 0.13258599977485702 0.318588525056839 -0.8891283869743347 0.3006211519241333 4.157538414001465 -3.787151575088501 4.2645263671875
frame-000208.color.jpg 0.1356622785327922 0.32075366377830505 -0.8852766752243042 0.3082174062728882 4.194058895111084 -3.676619529724121 4.298606872558594
frame-000209.color.jpg 0.13651378134787484 0.32639530301094055 -0.8826462626457214 0.309460312128067 4.266139984130859 -3.603501558303833 4.2694315910339355
frame-000210.color.jpg 0.1334035999779001 0.3307928740978241 -0.882133424282074 0.307604044675827 4.306148052215576 -3.575366735458374 4.245022296905518
frame-000211.color.jpg 0.1337089952906131 0.3375243544578552 -0.8777661919593811 0.31261107325553894 4.408850193023682 -3.4490575790405273 4.2576775550842285
frame-000212.color.jpg 0.13649110740376716 0.3332018554210663 -0.8777605891227722 0.3160427510738373 4.397817134857178 -3.4435043334960938 4.2940239906311035
frame-000213.color.jpg 0.1450574821892458 0.31014198064804077 -0.8827851414680481 0.3216531276702881 4.274783134460449 -3.553358793258667 4.394968509674072
frame-000214.color.jpg 0.14753571088222195 0.3039107620716095 -0.8831092715263367 0.325560063123703 4.246874809265137 -3.563321113586426 4.439994812011719
frame-000215.color.jpg 0.14695300003811523 0.2992895841598511 -0.8835185170173645 0.32897666096687317 4.240190505981445 -3.560460329055786 4.5023369789123535
frame-000216.color.jpg 0.1452897186699817 0.29864823818206787 -0.8833029270172119 0.3308718800544739 4.257585048675537 -3.5434563159942627 4.539859771728516
frame-000217.color.jpg 0.14753547507271766 0.2953173518180847 -0.8833833932876587 0.3326481878757477 4.253164291381836 -3.5490775108337402 4.558115005493164
frame-000218.color.jpg 0.14495805092182745 0.292227178812027 -0.8833558559417725 0.33656045794487 4.229949951171875 -3.531139373779297 4.622884273529053
frame-000219.color.jpg 0.14393109879432345 0.2883493900299072 -0.8848963379859924 0.33629879355430603 4.197683334350586 -3.562885046005249 4.641957759857178
frame-000220.color.jpg 0.14870286489236526 0.2914275825023651 -0.8829311728477478 0.33673420548439026 4.299282073974609 -3.5341835021972656 4.605532646179199
frame-000221.color.jpg 0.15298406163553105 0.306356817483902 -0.8783496022224426 0.33353176712989807 4.5148420333862305 -3.446326971054077 4.495324611663818
frame-000222.color.jpg 0.16182457545869958 0.321597158908844 -0.8735632300376892 0.32752910256385803 4.748968124389648 -3.374889373779297 4.314237594604492
frame-000223.color.jpg 0.1698572089604027 0.3387901484966278 -0.8663889169692993 0.3251769542694092 4.982980728149414 -3.233405113220215 4.167725563049316
frame-000224.color.jpg 0.17235633591805422 0.3489875793457031 -0.8634639978408813 0.32082825899124146 5.103567600250244 -3.1761181354522705 4.060944557189941
frame-000225.color.jpg 0.1829110901759107 0.37451067566871643 -0.8548818826675415 0.3089694380760193 5.431071758270264 -3.0338077545166016 3.7533345222473145
frame-000226.color.jpg 0.18955855193246815 0.3913850784301758 -0.8472524881362915 0.30503860116004944 5.639495849609375 -2.896468162536621 3.5850656032562256
frame-000227.color.jpg 0.1981774425890455 0.41539266705513 -0.8369618654251099 0.29609018564224243 5.913459300994873 -2.708580732345581 3.306875705718994
frame-000228.color.jpg 0.2007541195430384 0.4325866103172302 -0.8314833641052246 0.28495970368385315 6.086756706237793 -2.5980420112609863 3.0888478755950928
frame-000229.color.jpg 0.20813098118712425 0.4500415623188019 -0.8230575919151306 0.2769843637943268 6.262120246887207 -2.447542428970337 2.860828161239624
frame-000230.color.jpg 0.20524274440830162 0.46916884183883667 -0.8171627521514893 0.26457712054252625 6.399357795715332 -2.3069634437561035 2.662850856781006
frame-000231.color.jpg 0.19206170573750445 0.48530474305152893 -0.8156864047050476 0.24949394166469574 6.479061603546143 -2.2261080741882324 2.5306880474090576
frame-000232.color.jpg 0.1868192471444834 0.4915298521518707 -0.8152567148208618 0.242597296833992 6.508949279785156 -2.20418381690979 2.4675180912017822
frame-000233.color.jpg 0.18534449861003793 0.4950088560581207 -0.8152391314506531 0.23664060235023499 6.521126747131348 -2.217806100845337 2.3854124546051025
frame-000234.color.jpg 0.17327523104121528 0.49303901195526123 -0.8204919695854187 0.2316918969154358 6.471090316772461 -2.2836949825286865 2.433795690536499
frame-000235.color.jpg 0.15250539778546623 0.4823349714279175 -0.8282989859580994 0.24086463451385498 6.329857349395752 -2.3626301288604736 2.7229089736938477
frame-000236.color.jpg 0.15637926398854501 0.461586058139801 -0.8387542963027954 0.24284791946411133 6.175808429718018 -2.6129705905914307 2.7812108993530273
frame-000237.color.jpg 0.1539425772280368 0.4266252815723419 -0.8542977571487427 0.25390544533729553 5.906315326690674 -2.9468510150909424 3.035478115081787
frame-000238.color.jpg 0.1541355115118284 0.4022790193557739 -0.8653241991996765 0.25617942214012146 5.698294639587402 -3.1923818588256836 3.147216320037842
frame-000239.color.jpg 0.15051637561074444 0.3785914480686188 -0.8737042546272278 0.265808641910553 5.484205722808838 -3.363797903060913 3.3541738986968994
frame-000240.color.jpg 0.14864026823747561 0.3632682263851166 -0.8787781596183777 0.27146127820014954 5.33906888961792 -3.46332049369812 3.477036476135254
frame-000241.color.jpg 0.1471681915998066 0.3487188518047333 -0.8834217190742493 0.2762294411659241 5.200671195983887 -3.556586503982544 3.592895030975342
frame-000242.color.jpg 0.14283815525028118 0.3297918438911438 -0.888328492641449 0.28584444522857666 5.0150957107543945 -3.6421892642974854 3.781787872314453
frame-000243.color.jpg 0.1404872191393624 0.316189706325531 -0.8928386569023132 0.2883167862892151 4.883895397186279 -3.7413411140441895 3.8700053691864014
frame-000244.color.jpg 0.1374339051030496 0.30662938952445984 -0.8956672549247742 0.2913253605365753 4.792569160461426 -3.795607328414917 3.940699815750122
frame-000245.color.jpg 0.14271037422096902 0.2981080114841461 -0.8973460793495178 0.2924645245075226 4.757514476776123 -3.8457624912261963 3.9514567852020264
frame-000246.color.jpg 0.14306091094417378 0.2974649667739868 -0.896272599697113 0.2962155044078827 4.775694847106934 -3.815621852874756 3.9813685417175293
frame-000247.color.jpg 0.14866632077826625 0.2946435809135437 -0.8938483595848083 0.3035106360912323 4.802664279937744 -3.7522830963134766 4.026716709136963
frame-000248.color.jpg 0.1483795013789631 0.29403001070022583 -0.8942878246307373 0.3029510974884033 4.808656215667725 -3.7518932819366455 4.021962642669678
frame-000249.color.jpg 0.1456001411165872 0.29384317994117737 -0.8940734267234802 0.30510565638542175 4.806510925292969 -3.7158796787261963 4.054690361022949
frame-000250.color.jpg 0.1497836534330561 0.2933800518512726 -0.8928398489952087 0.30713191628456116 4.828613758087158 -3.6836135387420654 4.035741806030273
frame-000251.color.jpg 0.1511602825902303 0.2903272807598114 -0.8924787044525146 0.31039050221443176 4.814523696899414 -3.6502556800842285 4.0505290031433105
frame-000252.color.jpg 0.15094274723831802 0.2875981032848358 -0.8915644884109497 0.31562069058418274 4.800178527832031 -3.605233669281006 4.094841480255127
frame-000253.color.jpg 0.14570958755992697 0.2791327238082886 -0.8928335905075073 0.3220277428627014 4.699451446533203 -3.5844876766204834 4.185273170471191
frame-000254.color.jpg 0.13343159999870435 0.27142569422721863 -0.8962088227272034 0.32455185055732727 4.570001602172852 -3.60546612739563 4.287620544433594
frame-000255.color.jpg 0.12786686717066115 0.26759687066078186 -0.8986444473266602 0.32323384284973145 4.50973653793335 -3.6408603191375732 4.305586338043213
frame-000256.color.jpg 0.12272390840541617 0.26251721382141113 -0.9001213908195496 0.3252769112586975 4.431036472320557 -3.656198263168335 4.355597019195557
frame-000257.color.jpg 0.10940561662404819 0.25307005643844604 -0.9040470719337463 0.326626718044281 4.267726421356201 -3.7108559608459473 4.467108249664307
frame-000258.color.jpg 0.10346870780568766 0.24955296516418457 -0.9043466448783875 0.33041608333587646 4.203972816467285 -3.6996583938598633 4.540353775024414
frame-000259.color.jpg 0.09508820496550895 0.22803489863872528 -0.909416675567627 0.3345438241958618 3.938246726989746 -3.806668996810913 4.683994293212891
frame-000260.color.jpg 0.09107061021300919 0.21108362078666687 -0.9115247130393982 0.34098750352859497 3.7470550537109375 -3.843414783477783 4.810727119445801
frame-000261.color.jpg 0.07711764594570814 0.1860194206237793 -0.9172937870025635 0.34354281425476074 3.407928943634033 -3.970968723297119 4.964311599731445
frame-000262.color.jpg 0.07107288247353188 0.15472617745399475 -0.9195885062217712 0.3540700078010559 3.0534675121307373 -4.021631240844727 5.168644428253174
frame-000263.color.jpg 0.0642324009803926 0.14303572475910187 -0.9199607968330383 0.3592868149280548 2.901366710662842 -4.018531799316406 5.273579120635986
frame-000264.color.jpg 0.05861147545945683 0.13250632584095 -0.9196941256523132 0.36492422223091125 2.763906240463257 -4.005428314208984 5.367636203765869
frame-000265.color.jpg 0.05406813110625364 0.12594731152057648 -0.9193025231361389 0.3689127266407013 2.6818349361419678 -3.984126567840576 5.438830852508545
frame-000266.color.jpg 0.05103678155366729 0.11619148403406143 -0.9178376197814941 0.37612345814704895 2.5836496353149414 -3.929560422897339 5.539353370666504
frame-000267.color.jpg 0.04728599350041132 0.11034528911113739 -0.915766179561615 0.3833540976047516 2.515322685241699 -3.8643651008605957 5.631743431091309
frame-000268.color.jpg 0.045129896039923595 0.11098559945821762 -0.9166616797447205 0.3812832534313202 2.5242648124694824 -3.876190185546875 5.618842124938965
frame-000269.color.jpg 0.043201662111936545 0.1101207584142685 -0.916565477848053 0.381987988948822 2.5280959606170654 -3.8647570610046387 5.634649276733398
frame-000270.color.jpg 0.05047114816305493 0.11372601985931396 -0.9156208038330078 0.3823056221008301 2.643385171890259 -3.8393869400024414 5.596722602844238
frame-000271.color.jpg 0.053167372021122206 0.11701687425374985 -0.9152563214302063 0.38181963562965393 2.7202610969543457 -3.812791109085083 5.573211669921875
frame-000272.color.jpg 0.05559457109483342 0.1246463730931282 -0.9134328961372375 0.38342252373695374 2.852893114089966 -3.7411727905273438 5.549117088317871
frame-000273.color.jpg 0.07044562969035034 0.1442173272371292 -0.911346971988678 0.3790585994720459 3.2147347927093506 -3.6547069549560547 5.374802589416504
frame-000274.color.jpg 0.08050477910131441 0.1516074538230896 -0.9090937376022339 0.3795822858810425 3.399221181869507 -3.576632261276245 5.275688648223877
frame-000275.color.jpg 0.09213779574252738 0.1597825437784195 -0.9023557305335999 0.3895309269428253 3.579791307449341 -3.3998281955718994 5.254177093505859
frame-000276.color.jpg 0.08724973592554815 0.16467905044555664 -0.9012849926948547 0.3910928964614868 3.6215028762817383 -3.3381776809692383 5.255870819091797
frame-000277.color.jpg 0.08413473553770173 0.16561929881572723 -0.9021886587142944 0.3892904222011566 3.6261708736419678 -3.3356361389160156 5.2383036613464355
frame-000278.color.jpg 0.08153409411807193 0.1605076640844345 -0.903444230556488 0.38907337188720703 3.5677759647369385 -3.3611063957214355 5.257763862609863
frame-000279.color.jpg 0.0771485480225791 0.1471964716911316 -0.9054036736488342 0.3906732201576233 3.420991897583008 -3.4134576320648193 5.32935094833374
frame-000280.color.jpg 0.07310641386158405 0.12883684039115906 -0.9073153138160706 0.3934915363788605 3.225151538848877 -3.4747796058654785 5.422521114349365
frame-000281.color.jpg 0.06740398480621825 0.12428981810808182 -0.9094626307487488 0.39100703597068787 3.165431261062622 -3.5343472957611084 5.448598861694336
frame-000282.color.jpg 0.06864279260612548 0.12903495132923126 -0.9085313677787781 0.3914191424846649 3.253141164779663 -3.5103440284729004 5.443321704864502
frame-000283.color.jpg 0.07339079649013525 0.14171335101127625 -0.9076775312423706 0.3881397247314453 3.450122833251953 -3.4788472652435303 5.362829208374023
frame-000284.color.jpg 0.0847268719457527 0.1568503975868225 -0.9051028490066528 0.38601577281951904 3.7018167972564697 -3.4198312759399414 5.242325305938721
frame-000285.color.jpg 0.09315383847003318 0.1710015833377838 -0.9015347957611084 0.38641393184661865 3.9383246898651123 -3.339134931564331 5.159585952758789
frame-000286.color.jpg 0.09899250852657256 0.18476279079914093 -0.8998348712921143 0.382570743560791 4.149550437927246 -3.29478120803833 5.048908233642578
frame-000287.color.jpg 0.10343064693371715 0.19329619407653809 -0.9000670909881592 0.37658703327178955 4.29450798034668 -3.3033759593963623 4.944025039672852
frame-000288.color.jpg 0.10892214941204305 0.2080303132534027 -0.9015637040138245 0.3633759617805481 4.508449554443359 -3.342961072921753 4.749387264251709
frame-000289.color.jpg 0.11699104646240308 0.22446933388710022 -0.89931321144104 0.3565981686115265 4.743895530700684 -3.2862672805786133 4.576814651489258
frame-000290.color.jpg 0.12760450868543913 0.2401832491159439 -0.8973979353904724 0.3474278151988983 4.980041027069092 -3.252500295639038 4.352497100830078
frame-000291.color.jpg 0.13969946235793718 0.25334951281547546 -0.8950895667076111 0.3392827808856964 5.195714950561523 -3.2271728515625 4.129290580749512
frame-000292.color.jpg 0.1520460212078466 0.26954278349876404 -0.8914881944656372 0.3308738172054291 5.423291206359863 -3.1619386672973633 3.8915798664093018
frame-000293.color.jpg 0.15984840360917724 0.2861311435699463 -0.8873948454856873 0.32420334219932556 5.621184825897217 -3.068917989730835 3.6943581104278564
frame-000294.color.jpg 0.16558980528777614 0.2949528992176056 -0.8846442103385925 0.3209168016910553 5.735933303833008 -3.0131828784942627 3.579059600830078
frame-000295.color.jpg 0.16967723133139395 0.30586057901382446 -0.8807315826416016 0.31932875514030457 5.855045318603516 -2.9179632663726807 3.476670980453491
frame-000296.color.jpg 0.17679606269152232 0.3180235028266907 -0.877872884273529 0.3113575577735901 6.000681400299072 -2.8609113693237305 3.285578966140747
frame-000297.color.jpg 0.17947525428238473 0.32405105233192444 -0.8774997591972351 0.30458763241767883 6.059852600097656 -2.8609721660614014 3.1732685565948486
frame-000298.color.jpg 0.1871171677297132 0.33623605966567993 -0.8751813769340515 0.293240487575531 6.1887407302856445 -2.8415064811706543 2.938127279281616
frame-000299.color.jpg 0.19172991126254338 0.3512551784515381 -0.8708187341690063 0.2855421006679535 6.318017959594727 -2.7476229667663574 2.750788688659668
frame-000300.color.jpg 0.19404674781895048 0.3666705787181854 -0.8664718866348267 0.27771395444869995 6.427933692932129 -2.6411073207855225 2.575446605682373
frame-000301.color.jpg 0.19095041229550097 0.37783318758010864 -0.8649666905403137 0.26946720480918884 6.4843034744262695 -2.5831804275512695 2.468797445297241
frame-000302.color.jpg 0.1912631858320951 0.3888295888900757 -0.8626593947410583 0.2608616054058075 6.543477535247803 -2.5285604000091553 2.333162307739258
frame-000303.color.jpg 0.1948176955979559 0.39971646666526794 -0.8572157025337219 0.25971928238868713 6.605607509613037 -2.427598237991333 2.2330009937286377
frame-000304.color.jpg 0.19560535759861286 0.41155099868774414 -0.8519294857978821 0.25803181529045105 6.670482158660889 -2.291574239730835 2.1524713039398193
frame-000305.color.jpg 0.1991083733033604 0.4140974283218384 -0.8507004380226135 0.255319207906723 6.687427520751953 -2.2770040035247803 2.0797996520996094
frame-000306.color.jpg 0.20679829827833904 0.4268967807292938 -0.8423798680305481 0.2557142674922943 6.784913063049316 -2.108936309814453 1.9573941230773926
frame-000307.color.jpg 0.21382862428830543 0.4418266713619232 -0.834076464176178 0.2517600357532501 6.894716739654541 -1.9370614290237427 1.7788105010986328
frame-000308.color.jpg 0.22179000748797525 0.455698698759079 -0.8255106806755066 0.2483544945716858 6.991652488708496 -1.7708297967910767 1.597530484199524
frame-000309.color.jpg 0.22990613556202824 0.4703420400619507 -0.816876232624054 0.24214620888233185 7.0907673835754395 -1.6058261394500732 1.387901782989502
frame-000310.color.jpg 0.23655388141161382 0.4839114546775818 -0.8092792630195618 0.23439070582389832 7.168556213378906 -1.4534056186676025 1.177365779876709
frame-000311.color.jpg 0.24387157532985854 0.4993402063846588 -0.7975412607192993 0.23476333916187286 7.263556003570557 -1.2277404069900513 1.0184351205825806
frame-000312.color.jpg 0.25391831547400967 0.5138757228851318 -0.7883000373840332 0.2236967384815216 7.313247203826904 -1.067704677581787 0.7337377071380615
frame-000313.color.jpg 0.2599937239734638 0.5328497290611267 -0.7748256921768188 0.21936185657978058 7.369466781616211 -0.7913581728935242 0.5157421827316284
frame-000314.color.jpg 0.27015548719715354 0.5467880964279175 -0.7630525827407837 0.21398495137691498 7.409872055053711 -0.6045109033584595 0.26888009905815125
frame-000315.color.jpg 0.2728797738960713 0.5597113370895386 -0.7531049251556396 0.21235083043575287 7.438121318817139 -0.39630383253097534 0.13847023248672485
frame-000316.color.jpg 0.2895368923383902 0.5753124952316284 -0.7344784140586853 0.21383467316627502 7.446429252624512 -0.10722769051790237 -0.15358880162239075
frame-000317.color.jpg 0.29850917246534936 0.5774756669998169 -0.7272115349769592 0.22040292620658875 7.440774917602539 -0.015722693875432014 -0.22390824556350708
frame-000318.color.jpg 0.3005191254021169 0.5756857991218567 -0.7261980772018433 0.22563323378562927 7.446821689605713 -0.0064706336706876755 -0.1919325292110443
frame-000319.color.jpg 0.3145628347072405 0.5698721408843994 -0.7206765413284302 0.23858176171779633 7.450652122497559 -0.005151419900357723 -0.22610896825790405
frame-000320.color.jpg 0.32204920142475885 0.5673399567604065 -0.7159525156021118 0.24863946437835693 7.448138236999512 0.025628672912716866 -0.22143222391605377
frame-000321.color.jpg 0.32604691048630224 0.5631535053253174 -0.7125254273414612 0.26240983605384827 7.449384689331055 0.05970330908894539 -0.14115025103092194
frame-000322.color.jpg 0.32696307965385346 0.5596274137496948 -0.7099592089653015 0.2754456102848053 7.453876972198486 0.09904996305704117 -0.04076709225773811
frame-000323.color.jpg 0.33017472983159357 0.5566190481185913 -0.7054834961891174 0.2888820767402649 7.448455333709717 0.15661361813545227 0.032508734613657
frame-000324.color.jpg 0.33301153858255284 0.5525504350662231 -0.7037688493728638 0.29749080538749695 7.4532318115234375 0.1611461490392685 0.08398639410734177
frame-000325.color.jpg 0.34061178481810567 0.5459428429603577 -0.7018429636955261 0.305526465177536 7.4626898765563965 0.11931931972503662 0.0953986793756485
frame-000326.color.jpg 0.34627159900990323 0.542583703994751 -0.697873055934906 0.31412118673324585 7.453536033630371 0.13713355362415314 0.10648077726364136
frame-000327.color.jpg 0.3513011461574563 0.538759708404541 -0.6956061124801636 0.320090115070343 7.451786994934082 0.13193336129188538 0.11134456843137741
frame-000328.color.jpg 0.35553485272033925 0.5345744490623474 -0.6937015056610107 0.3265015780925751 7.459777355194092 0.11869458854198456 0.13486699759960175
frame-000329.color.jpg 0.36483856857706004 0.5333429574966431 -0.6873517632484436 0.3316408395767212 7.463503837585449 0.14154496788978577 0.05581694096326828
frame-000330.color.jpg 0.3723325963209645 0.531699538230896 -0.6827467083930969 0.3354416489601135 7.4662041664123535 0.15175022184848785 -0.0011907719308510423
frame-000331.color.jpg 0.37866253938529026 0.5326541662216187 -0.6758968830108643 0.34067225456237793 7.465184211730957 0.21369428932666779 -0.06424659490585327
frame-000332.color.jpg 0.3820503938766453 0.5325842499732971 -0.6727146506309509 0.34328794479370117 7.463079929351807 0.23648029565811157 -0.09704694151878357
frame-000333.color.jpg 0.38764023929266966 0.5299627184867859 -0.6700352430343628 0.34630510210990906 7.462355136871338 0.2290824055671692 -0.1340777575969696
frame-000334.color.jpg 0.39154273094445 0.5273095965385437 -0.6674127578735352 0.3509973883628845 7.4587721824646 0.22707884013652802 -0.1434643417596817
frame-000335.color.jpg 0.3910287647087956 0.5239896774291992 -0.6686960458755493 0.3540860712528229 7.457138538360596 0.21207211911678314 -0.09042855352163315
frame-000336.color.jpg 0.3922686577567652 0.5230072140693665 -0.6688753962516785 0.35382843017578125 7.4527130126953125 0.19362622499465942 -0.10027731955051422
frame-000337.color.jpg 0.3914175691946594 0.523013710975647 -0.6697369813919067 0.3531307876110077 7.449281692504883 0.1898924708366394 -0.09261708706617355
frame-000338.color.jpg 0.3900919026968652 0.5233232975006104 -0.6708914637565613 0.3519456386566162 7.445690631866455 0.19103634357452393 -0.08807790279388428
frame-000339.color.jpg 0.38149640937348384 0.5300543308258057 -0.6725900173187256 0.3480311930179596 7.440385818481445 0.27231594920158386 -0.055514175444841385
frame-000340.color.jpg 0.37751512342482246 0.5330002903938293 -0.6738660335540771 0.3453949987888336 7.427875518798828 0.2939688265323639 -0.060743991285562515
frame-000341.color.jpg 0.3706589234097986 0.5349608063697815 -0.6784676313400269 0.34074991941452026 7.426231384277344 0.290690541267395 -0.019543077796697617
frame-000342.color.jpg 0.3626629035043775 0.5417806506156921 -0.6823546290397644 0.3306680917739868 7.42149019241333 0.326090008020401 -0.051626719534397125
frame-000343.color.jpg 0.35662753323889607 0.5507306456565857 -0.6834455132484436 0.3200230896472931 7.425082206726074 0.40130892395973206 -0.14169351756572723
frame-000344.color.jpg 0.3616659647727499 0.559398353099823 -0.67757248878479 0.311715692281723 7.419713973999023 0.4976343512535095 -0.36251208186149597
frame-000345.color.jpg 0.3722367817716093 0.569312334060669 -0.6698856949806213 0.29761803150177 7.400684833526611 0.5672908425331116 -0.6921854019165039
frame-000346.color.jpg 0.3815007069169998 0.5826836824417114 -0.6580963730812073 0.2860878109931946 7.353503227233887 0.7098758220672607 -1.019124150276184
frame-000347.color.jpg 0.389455940829688 0.5970733761787415 -0.6443507075309753 0.27683886885643005 7.28831148147583 0.9016802310943604 -1.3246294260025024
frame-000348.color.jpg 0.4027433006139525 0.6264330148696899 -0.6138021349906921 0.2619662880897522 7.103877067565918 1.321074366569519 -1.8731321096420288
frame-000349.color.jpg 0.41575041919151073 0.6445128321647644 -0.5907822847366333 0.25046148896217346 6.9122209548950195 1.5769617557525635 -2.2853987216949463
frame-000350.color.jpg 0.41784373993230833 0.6493651866912842 -0.5846766829490662 0.24876630306243896 6.8616862297058105 1.6505622863769531 -2.3718340396881104
frame-000351.color.jpg 0.42256142110308653 0.6601226329803467 -0.5718268752098083 0.24226823449134827 6.742314338684082 1.8071564435958862 -2.574510097503662
frame-000352.color.jpg 0.42934056767085926 0.6879677176475525 -0.5369035601615906 0.23259775340557098 6.416781425476074 2.262000799179077 -2.983189821243286
frame-000353.color.jpg 0.43445688355398115 0.6987572312355042 -0.5214357376098633 0.22603172063827515 6.253075122833252 2.421497344970703 -3.1870763301849365
frame-000354.color.jpg 0.436967455257403 0.7004569172859192 -0.5178560018539429 0.22415338456630707 6.2140984535217285 2.4387259483337402 -3.24455189704895
frame-000355.color.jpg 0.4476533219674179 0.7114855647087097 -0.49501150846481323 0.21990525722503662 5.986634731292725 2.599247455596924 -3.5165770053863525
frame-000356.color.jpg 0.4555680798420256 0.7173624038696289 -0.48101216554641724 0.21558327972888947 5.825840473175049 2.6713778972625732 -3.703075647354126
frame-000357.color.jpg 0.46106368579019535 0.7241472005844116 -0.466648668050766 0.21276775002479553 5.676518440246582 2.7754948139190674 -3.863003969192505
frame-000358.color.jpg 0.4624849145042163 0.7253720164299011 -0.4632691740989685 0.21289651095867157 5.645986557006836 2.7934842109680176 -3.8884975910186768
frame-000359.color.jpg 0.473985109381487 0.73366779088974 -0.4417854845523834 0.20468318462371826 5.390148162841797 2.8863742351531982 -4.172226905822754
frame-000360.color.jpg 0.47827975634095515 0.7399213910102844 -0.42889443039894104 0.1995353400707245 5.237525939941406 2.9871392250061035 -4.313531875610352
frame-000361.color.jpg 0.48457329977446706 0.7433494329452515 -0.4164101779460907 0.19804780185222626 5.106071472167969 3.027083158493042 -4.438155651092529
frame-000362.color.jpg 0.4853432079132114 0.7453141808509827 -0.41305434703826904 0.19579271972179413 5.055758476257324 3.058830499649048 -4.471775531768799
frame-000363.color.jpg 0.49210034860270263 0.748184084892273 -0.40067461133003235 0.1936945617198944 4.914464950561523 3.0823068618774414 -4.6029229164123535
frame-000364.color.jpg 0.5006033842526443 0.7538453936576843 -0.3823032081127167 0.18696975708007812 4.672703266143799 3.140775203704834 -4.801925182342529
frame-000365.color.jpg 0.5017715273335698 0.759262204170227 -0.37206584215164185 0.18251895904541016 4.532826900482178 3.225006580352783 -4.874660968780518
frame-000366.color.jpg 0.502440084966807 0.7599573731422424 -0.36984744668006897 0.1822953224182129 4.506534099578857 3.233818769454956 -4.891135215759277
frame-000367.color.jpg 0.5078336714821102 0.7678979635238647 -0.35099121928215027 0.17100535333156586 4.224476337432861 3.3262736797332764 -5.077353000640869
frame-000368.color.jpg 0.507712488180733 0.7694792747497559 -0.3484753966331482 0.16939447820186615 4.183232307434082 3.354077100753784 -5.089737415313721
frame-000369.color.jpg 0.5071103253150377 0.7724529504776001 -0.3433023691177368 0.1682228296995163 4.122989177703857 3.406748056411743 -5.116973876953125
frame-000370.color.jpg 0.5103295511915773 0.7758112549781799 -0.3346172273159027 0.16034959256649017 3.9788734912872314 3.444087505340576 -5.2178053855896
frame-000371.color.jpg 0.5118781711705598 0.7840572595596313 -0.31906718015670776 0.1463935822248459 3.709588050842285 3.5709316730499268 -5.355316162109375
frame-000372.color.jpg 0.5132456882793466 0.7884438037872314 -0.308598130941391 0.1403650939464569 3.550354242324829 3.6456916332244873 -5.4324822425842285
frame-000373.color.jpg 0.5225057316878815 0.7903341054916382 -0.29309216141700745 0.12828372418880463 3.3058745861053467 3.6458940505981445 -5.636649131774902
frame-000374.color.jpg 0.5220168489733041 0.7911765575408936 -0.2922194302082062 0.12706661224365234 3.291123390197754 3.6616339683532715 -5.643314361572266
frame-000375.color.jpg 0.5196884203183882 0.7949221134185791 -0.2876332104206085 0.12365293502807617 3.21689510345459 3.7389578819274902 -5.6490960121154785
frame-000376.color.jpg 0.5166965418178135 0.7983638048171997 -0.2854200303554535 0.11906006187200546 3.1648552417755127 3.812285900115967 -5.640242099761963
frame-000377.color.jpg 0.5131667024875177 0.8035305142402649 -0.2793009281158447 0.11397182941436768 3.045039653778076 3.9243757724761963 -5.6565117835998535
frame-000378.color.jpg 0.5165935562596876 0.8037688732147217 -0.27199074625968933 0.11448917537927628 2.935994863510132 3.929891586303711 -5.726987361907959
frame-000379.color.jpg 0.5170270861642465 0.8054781556129456 -0.2664654552936554 0.11350846290588379 2.8524773120880127 3.9593911170959473 -5.753205299377441
frame-000380.color.jpg 0.5181333736893158 0.8158912658691406 -0.2355603128671646 0.10183544456958771 2.3472235202789307 4.130897045135498 -5.8653950691223145
frame-000381.color.jpg 0.5132334109804355 0.8261865377426147 -0.20925027132034302 0.10110105574131012 1.9716461896896362 4.312976360321045 -5.870058536529541
frame-000382.color.jpg 0.5084011479418582 0.8340165019035339 -0.189878910779953 0.09945212304592133 1.6867389678955078 4.451272964477539 -5.861758708953857
frame-000383.color.jpg 0.5041185551710352 0.8443204164505005 -0.15895910561084747 0.08786080777645111 1.1691844463348389 4.608780860900879 -5.870635986328125
frame-000384.color.jpg 0.5034088313054453 0.849353015422821 -0.1389644294977188 0.07660223543643951 0.8203417062759399 4.66886568069458 -5.881575107574463
frame-000385.color.jpg 0.5031544961101357 0.8548304438591003 -0.1112721711397171 0.060982927680015564 0.3501160740852356 4.712258338928223 -5.878614902496338
frame-000386.color.jpg 0.5042778152762882 0.8565662503242493 -0.09591620415449142 0.05289888754487038 0.09016845375299454 4.708389759063721 -5.880813121795654
frame-000387.color.jpg 0.5059139973763991 0.8579457402229309 -0.07616033405065536 0.04668821021914482 -0.21464383602142334 4.684217929840088 -5.879573345184326
frame-000388.color.jpg 0.5077234772502456 0.8584432005882263 -0.059868425130844116 0.041326381266117096 -0.4720771610736847 4.647631645202637 -5.878170967102051
frame-000389.color.jpg 0.5076739744346002 0.8597158789634705 -0.04280104115605354 0.03638265281915665 -0.7335639595985413 4.627014636993408 -5.847018718719482
frame-000390.color.jpg 0.507723066445395 0.8604562282562256 -0.029380882158875465 0.031131284311413765 -0.9433014988899231 4.603209495544434 -5.82277250289917
frame-000391.color.jpg 0.505850756786475 0.86219322681427 -0.014430522918701172 0.023011229932308197 -1.1926732063293457 4.599638938903809 -5.759523868560791
frame-000392.color.jpg 0.49890080767066036 0.8665289282798767 -0.003200913779437542 0.01467492338269949 -1.3941211700439453 4.671444416046143 -5.641664981842041
frame-000393.color.jpg 0.4938945267205003 0.8694549202919006 0.0055736154317855835 0.009235989302396774 -1.5340720415115356 4.7129225730896 -5.5485663414001465
frame-000394.color.jpg 0.4847560892359165 0.8745524287223816 0.012026834301650524 0.004987466614693403 -1.633466362953186 4.808565139770508 -5.417363166809082
frame-000395.color.jpg 0.4723414359440994 0.8811715841293335 0.020669808611273766 0.001719369669444859 -1.7438139915466309 4.928576469421387 -5.248990058898926
frame-000396.color.jpg 0.4699714949524048 0.8824655413627625 0.019436484202742577 0.0019107158295810223 -1.7188435792922974 4.959204196929932 -5.221029281616211
frame-000397.color.jpg 0.4556220941965243 0.8899474740028381 0.01959836296737194 0.004236202221363783 -1.6865887641906738 5.116955280303955 -5.062039375305176
frame-000398.color.jpg 0.4524991457457894 0.8913992047309875 0.025526205077767372 0.0005688134115189314 -1.7429938316345215 5.125085353851318 -5.002355098724365
frame-000399.color.jpg 0.4523402101149853 0.8911771178245544 0.03409364074468613 -0.005421033129096031 -1.8563668727874756 5.09902286529541 -4.970925807952881
frame-000400.color.jpg 0.46163978525725313 0.8859938979148865 0.042069483548402786 -0.01155945472419262 -1.9615079164505005 4.973505973815918 -5.040331840515137
frame-000401.color.jpg 0.472447871382753 0.8800891637802124 0.045558225363492966 -0.012672892771661282 -1.9892040491104126 4.839680194854736 -5.146584510803223
frame-000402.color.jpg 0.4785539174363533 0.8766252398490906 0.048036377876996994 -0.014389836229383945 -2.0113022327423096 4.769261837005615 -5.19268798828125
frame-000403.color.jpg 0.48614732612264877 0.8720958232879639 0.053833067417144775 -0.014549602754414082 -2.0697009563446045 4.658431053161621 -5.255772113800049
frame-000404.color.jpg 0.4920382891406026 0.8685317039489746 0.05785256624221802 -0.014287406578660011 -2.115734100341797 4.569505214691162 -5.312711238861084
frame-000405.color.jpg 0.5111567334083872 0.8561892509460449 0.07336360961198807 -0.016628067940473557 -2.3143093585968018 4.276702880859375 -5.461874008178711
frame-000406.color.jpg 0.5176074697138445 0.8518738746643066 0.07792223989963531 -0.017931925132870674 -2.3745365142822266 4.177475929260254 -5.511484146118164
frame-000407.color.jpg 0.5233402677310374 0.8479984402656555 0.08173952996730804 -0.018225986510515213 -2.4129638671875 4.08546781539917 -5.552912712097168
frame-000408.color.jpg 0.5238219830787616 0.847438395023346 0.08452131599187851 -0.017746388912200928 -2.4369614124298096 4.070332050323486 -5.551751136779785
frame-000409.color.jpg 0.5344708866634548 0.8398569822311401 0.09094832837581635 -0.026635445654392242 -2.555009126663208 3.9117839336395264 -5.60265588760376
frame-000410.color.jpg 0.5427988211499387 0.8338629603385925 0.09477933496236801 -0.032540563493967056 -2.621947765350342 3.790961503982544 -5.636692047119141
frame-000411.color.jpg 0.5485286390216527 0.8294541239738464 0.09914444386959076 -0.03595120459794998 -2.68831729888916 3.696302890777588 -5.654670715332031
frame-000412.color.jpg 0.5526782287698496 0.8259322643280029 0.10499364137649536 -0.03686554729938507 -2.754361629486084 3.617574691772461 -5.661021709442139
frame-000413.color.jpg 0.5540151430811311 0.8242385387420654 0.11010000854730606 -0.03969959542155266 -2.8254880905151367 3.583317518234253 -5.646369457244873
frame-000414.color.jpg 0.5547740682809168 0.8229728937149048 0.11582890152931213 -0.039050690829753876 -2.884610652923584 3.546912908554077 -5.635833740234375
frame-000415.color.jpg 0.5547392052319413 0.8227129578590393 0.11744466423988342 -0.04018166661262512 -2.905846118927002 3.544680595397949 -5.627240180969238
frame-000416.color.jpg 0.5554691420883344 0.8219836354255676 0.11884059011936188 -0.04091271758079529 -2.9233765602111816 3.532641649246216 -5.626131534576416
frame-000417.color.jpg 0.5548655605546025 0.8218101263046265 0.12196876853704453 -0.0433124415576458 -2.9744489192962646 3.533263683319092 -5.6034088134765625
frame-000418.color.jpg 0.5543473132932389 0.8208318948745728 0.12895773351192474 -0.04800030589103699 -3.0855042934417725 3.5161614418029785 -5.560956954956055
frame-000419.color.jpg 0.5505092264418171 0.8219208717346191 0.1367272138595581 -0.051878951489925385 -3.1965363025665283 3.5412652492523193 -5.493252754211426
frame-000420.color.jpg 0.5475759916303728 0.8223979473114014 0.14389537274837494 -0.05582325905561447 -3.3006560802459717 3.551149606704712 -5.433280944824219
frame-000421.color.jpg 0.5455203107695823 0.8208971619606018 0.1561421900987625 -0.0644594207406044 -3.490274667739868 3.533787965774536 -5.348926544189453
frame-000422.color.jpg 0.544999979443744 0.8178228139877319 0.17034970223903656 -0.07156744599342346 -3.7007834911346436 3.4738028049468994 -5.280776500701904
frame-000423.color.jpg 0.5461078914001661 0.8089959621429443 0.19528235495090485 -0.09568976610898972 -4.111982345581055 3.363191604614258 -5.106583118438721
frame-000424.color.jpg 0.5443600449438901 0.8095080852508545 0.19722087681293488 -0.09732841700315475 -4.140690326690674 3.378162384033203 -5.077826976776123
frame-000425.color.jpg 0.5415380572715263 0.809925377368927 0.20281946659088135 -0.09808983653783798 -4.2045745849609375 3.3824303150177 -5.032832622528076
frame-000426.color.jpg 0.5416853169859993 0.8074564337730408 0.21108561754226685 -0.10016972571611404 -4.298370361328125 3.3292601108551025 -4.9985198974609375
frame-000427.color.jpg 0.5424426975821 0.8053103089332581 0.2163076400756836 -0.10218709707260132 -4.351251602172852 3.2862472534179688 -4.975187301635742
frame-000428.color.jpg 0.5431005961530762 0.8034569621086121 0.22161972522735596 -0.10189833492040634 -4.392138481140137 3.2339673042297363 -4.955162525177002
frame-000429.color.jpg 0.5398848446861619 0.8034621477127075 0.2259320765733719 -0.10921374708414078 -4.4383039474487305 3.259218454360962 -4.873368740081787
frame-000430.color.jpg 0.5375780431871595 0.8038774728775024 0.22810901701450348 -0.11294732987880707 -4.453589916229248 3.2798357009887695 -4.824920177459717
frame-000431.color.jpg 0.535706265646296 0.8057158589363098 0.226329505443573 -0.11231955140829086 -4.399672985076904 3.324432611465454 -4.831940650939941
frame-000432.color.jpg 0.5339616791201821 0.8074278831481934 0.22368688881397247 -0.11361939460039139 -4.334987640380859 3.3715996742248535 -4.833104610443115
frame-000433.color.jpg 0.5315834916494715 0.8084782361984253 0.22459428012371063 -0.11549575626850128 -4.339134693145752 3.3994288444519043 -4.803590297698975
frame-000434.color.jpg 0.5250948828748221 0.8123345375061035 0.22756779193878174 -0.11225388944149017 -4.31369161605835 3.458509683609009 -4.764373779296875
frame-000435.color.jpg 0.5220513173198824 0.8143976926803589 0.22958573698997498 -0.10728149116039276 -4.279258728027344 3.4770493507385254 -4.758594989776611
frame-000436.color.jpg 0.5188100197912427 0.8161419034004211 0.2322002500295639 -0.1040753424167633 -4.273223876953125 3.494943380355835 -4.754153728485107
frame-000437.color.jpg 0.514597798108053 0.8176780343055725 0.23578782379627228 -0.10486137121915817 -4.296893119812012 3.5307185649871826 -4.713884353637695
frame-000438.color.jpg 0.5108596745496324 0.8182518482208252 0.24176627397537231 -0.10504952818155289 -4.348293304443359 3.5388882160186768 -4.662984848022461
frame-000439.color.jpg 0.5062901969507947 0.8170619606971741 0.2536706030368805 -0.1083112508058548 -4.483850002288818 3.5151760578155518 -4.578199863433838
frame-000440.color.jpg 0.5117921461362362 0.8120120763778687 0.2576531767845154 -0.11099579185247421 -4.513054847717285 3.429291248321533 -4.612913608551025
frame-000441.color.jpg 0.5177234362732827 0.80628901720047 0.26482242345809937 -0.1083034947514534 -4.563129901885986 3.2993717193603516 -4.681430816650391
frame-000442.color.jpg 0.5219756688575425 0.803471565246582 0.26883310079574585 -0.09850698709487915 -4.537688732147217 3.2035295963287354 -4.7637858390808105
frame-000443.color.jpg 0.5204020855470416 0.8044175505638123 0.27251094579696655 -0.08849814534187317 -4.516534805297852 3.1949360370635986 -4.812019348144531
frame-000444.color.jpg 0.5197460646255841 0.8072850704193115 0.26465991139411926 -0.0900556743144989 -4.416178226470947 3.2944889068603516 -4.856180191040039
frame-000445.color.jpg 0.5165983535725722 0.8111565709114075 0.2591167092323303 -0.08949718624353409 -4.334824562072754 3.3960161209106445 -4.868450164794922
frame-000446.color.jpg 0.5208858353200143 0.8148373365402222 0.2409353256225586 -0.08165957778692245 -4.060144901275635 3.49314284324646 -5.055602073669434
frame-000447.color.jpg 0.5250569391876003 0.8198893070220947 0.21592475473880768 -0.07398246228694916 -3.698878049850464 3.632601022720337 -5.249636173248291
frame-000448.color.jpg 0.5316487173206478 0.8262426257133484 0.17635223269462585 -0.05977239832282066 -3.1123905181884766 3.8021371364593506 -5.538788318634033
frame-000449.color.jpg 0.5270766451955717 0.8364424109458923 0.14347819983959198 -0.04436635598540306 -2.576521635055542 4.047798156738281 -5.642373561859131
frame-000450.color.jpg 0.5259511786522594 0.8384921550750732 0.13669101893901825 -0.040270403027534485 -2.4548704624176025 4.091726303100586 -5.661312580108643
frame-000451.color.jpg 0.5226993464224026 0.8434699177742004 0.11914858967065811 -0.03387346491217613 -2.160482883453369 4.223331451416016 -5.686447620391846
frame-000452.color.jpg 0.5218320881736723 0.8465380668640137 0.10335081070661545 -0.01957419328391552 -1.8317455053329468 4.2913899421691895 -5.72706937789917
frame-000453.color.jpg 0.522600763809882 0.8466910719871521 0.09937043488025665 -0.011321362107992172 -1.7216382026672363 4.2875471115112305 -5.75655460357666
frame-000454.color.jpg 0.5233754143368943 0.84769207239151 0.08658106625080109 -0.00034629699075594544 -1.4540026187896729 4.306040287017822 -5.787693500518799
frame-000455.color.jpg 0.5173466377110856 0.8516841530799866 0.08334457129240036 -0.006341681815683842 -1.4224714040756226 4.397889614105225 -5.711623668670654
frame-000456.color.jpg 0.5109318186343098 0.8551003932952881 0.08735279738903046 -0.01102358940988779 -1.4834012985229492 4.472693920135498 -5.622745037078857
frame-000457.color.jpg 0.5018841258176416 0.8602893948554993 0.08890547603368759 -0.010502427816390991 -1.4700313806533813 4.58713960647583 -5.51353645324707
frame-000458.color.jpg 0.5009317201655675 0.8606376647949219 0.09047646820545197 -0.013570599257946014 -1.493045449256897 4.584998607635498 -5.493727684020996
frame-000459.color.jpg 0.49810683849222837 0.8617496490478516 0.09405869990587234 -0.020738724619150162 -1.5528353452682495 4.6117119789123535 -5.440330982208252
frame-000460.color.jpg 0.494175613477506 0.8624883890151978 0.103803351521492 -0.03360162302851677 -1.6608543395996094 4.6207733154296875 -5.3408403396606445
frame-000461.color.jpg 0.49197300985093906 0.8632002472877502 0.10797248035669327 -0.03449557349085808 -1.6958359479904175 4.637136459350586 -5.307581424713135
frame-000462.color.jpg 0.4927334611766825 0.862379789352417 0.11018776148557663 -0.03706022724509239 -1.736647605895996 4.619841575622559 -5.3083415031433105
frame-000463.color.jpg 0.49901300229237733 0.8574893474578857 0.11965911090373993 -0.03714488446712494 -1.8466594219207764 4.502303123474121 -5.353640079498291
frame-000464.color.jpg 0.49209619754615425 0.8578214645385742 0.142568439245224 -0.04071612283587456 -2.153445243835449 4.502708911895752 -5.234307289123535
frame-000465.color.jpg 0.48976205609716106 0.8583788871765137 0.14617957174777985 -0.04416212439537048 -2.218334674835205 4.520491123199463 -5.194135665893555
frame-000466.color.jpg 0.4867386119143086 0.8561409711837769 0.16465623676776886 -0.05474013090133667 -2.49367356300354 4.478633403778076 -5.099674224853516
frame-000467.color.jpg 0.4846254381160166 0.8533533811569214 0.18117588758468628 -0.06404247879981995 -2.747175455093384 4.423865795135498 -5.017577648162842
frame-000468.color.jpg 0.485655650984917 0.8488678336143494 0.19629529118537903 -0.07092373818159103 -2.9711899757385254 4.324722766876221 -4.970973014831543
frame-000469.color.jpg 0.4811952534617305 0.844214677810669 0.22180485725402832 -0.08096416294574738 -3.3203115463256836 4.226245403289795 -4.819392204284668
frame-000470.color.jpg 0.47841877932617544 0.8406679034233093 0.23937857151031494 -0.08420637995004654 -3.538525104522705 4.141173839569092 -4.728938102722168
frame-000471.color.jpg 0.47709359620118746 0.8366435170173645 0.2549608647823334 -0.08604792505502701 -3.7155802249908447 4.046433925628662 -4.664643287658691
frame-000472.color.jpg 0.47801581000545024 0.8339251279830933 0.2618210017681122 -0.08671469241380692 -3.79296875 3.9806017875671387 -4.654224395751953
frame-000473.color.jpg 0.4779552878628073 0.83342444896698 0.26408809423446655 -0.08496978878974915 -3.8047866821289062 3.965547800064087 -4.654385566711426
frame-000474.color.jpg 0.4778616730209055 0.8313502073287964 0.2700546383857727 -0.08703773468732834 -3.877210855484009 3.9226832389831543 -4.630873203277588
frame-000475.color.jpg 0.47880469367873096 0.8301776647567749 0.2723745107650757 -0.08580904453992844 -3.8815348148345947 3.8956565856933594 -4.6421356201171875
frame-000476.color.jpg 0.4775697986349043 0.8285461068153381 0.2784046530723572 -0.08904600143432617 -3.9653098583221436 3.868241548538208 -4.603698253631592
frame-000477.color.jpg 0.477939581053542 0.8270318508148193 0.28029993176460266 -0.09499485045671463 -4.003225326538086 3.8577322959899902 -4.581071853637695
frame-000478.color.jpg 0.4809498675215737 0.8240355253219604 0.28406038880348206 -0.0946691632270813 -4.038017272949219 3.800105571746826 -4.608771800994873
frame-000479.color.jpg 0.47687325540872777 0.8195778727531433 0.30100882053375244 -0.10137928277254105 -4.254423141479492 3.749020576477051 -4.5020880699157715
frame-000480.color.jpg 0.4758435538363853 0.8164138793945312 0.30801060795783997 -0.11032134294509888 -4.378248691558838 3.7143681049346924 -4.428645610809326
frame-000481.color.jpg 0.46064759296892416 0.8088486790657043 0.342120498418808 -0.12853433191776276 -4.83584451675415 3.608412027359009 -4.079581260681152
frame-000482.color.jpg 0.45985035452276085 0.8018211722373962 0.3583778738975525 -0.1310940980911255 -5.0217604637146 3.4669227600097656 -3.99672532081604
frame-000483.color.jpg 0.4442848670784004 0.7881003022193909 0.40412184596061707 -0.13488690555095673 -5.505983829498291 3.1723101139068604 -3.631725549697876
frame-000484.color.jpg 0.433629192561668 0.7867530584335327 0.41739508509635925 -0.1369914561510086 -5.637728214263916 3.1526358127593994 -3.4520859718322754
frame-000485.color.jpg 0.4235701769642705 0.7855125069618225 0.4299548864364624 -0.13673819601535797 -5.739787578582764 3.1215271949768066 -3.2944345474243164
frame-000486.color.jpg 0.4191275896051028 0.7876689434051514 0.4329880475997925 -0.1281834989786148 -5.720757007598877 3.134690523147583 -3.3008718490600586
frame-000487.color.jpg 0.4142558545345627 0.793950080871582 0.42617833614349365 -0.12809136509895325 -5.63531494140625 3.280487298965454 -3.2994914054870605
frame-000488.color.jpg 0.4155485340484363 0.7979556322097778 0.41760164499282837 -0.12725989520549774 -5.530392646789551 3.3689534664154053 -3.3663437366485596
frame-000489.color.jpg 0.41588984025878234 0.802726149559021 0.4076082408428192 -0.12853702902793884 -5.416934013366699 3.4920480251312256 -3.4198904037475586
frame-000490.color.jpg 0.41415831103037243 0.8109863996505737 0.3941709101200104 -0.12410955876111984 -5.2281365394592285 3.6683225631713867 -3.499781608581543
frame-000491.color.jpg 0.41780897407649853 0.8132744431495667 0.38682979345321655 -0.11992893368005753 -5.11431884765625 3.7079224586486816 -3.603501319885254
frame-000492.color.jpg 0.42018636778713525 0.8154064416885376 0.3812686502933502 -0.11484678834676743 -5.023787975311279 3.744544744491577 -3.68687105178833
frame-000493.color.jpg 0.4237293437334965 0.8177568316459656 0.37320050597190857 -0.11157305538654327 -4.904579162597656 3.796279191970825 -3.77846360206604
frame-000494.color.jpg 0.4222103561939975 0.823796808719635 0.36310455203056335 -0.10607707500457764 -4.755880832672119 3.9137754440307617 -3.8355538845062256
frame-000495.color.jpg 0.4193907955521488 0.8277167081832886 0.3584296703338623 -0.10258930921554565 -4.683701515197754 3.9926373958587646 -3.841846227645874
frame-000496.color.jpg 0.4182321877870448 0.8302837610244751 0.3550174832344055 -0.09835297614336014 -4.626585006713867 4.039133548736572 -3.8597371578216553
