frame-000000.color.jpg 0.44951322916246866 0.5217800736427307 0.5874764323234558 -0.42491742968559265 0.3468943238258362 2.4869987964630127 -1.5382282733917236
frame-000001.color.jpg 0.44579126269765224 0.5211294293403625 0.590208888053894 -0.4258495271205902 0.33669835329055786 2.5052993297576904 -1.526565670967102
frame-000002.color.jpg 0.44642777364310426 0.5183349847793579 0.5876973867416382 -0.43202194571495056 0.3351089060306549 2.4861063957214355 -1.5538907051086426
frame-000003.color.jpg 0.43780448686340173 0.5146151781082153 0.5941411852836609 -0.43645697832107544 0.2931421995162964 2.497197389602661 -1.5513814687728882
frame-000004.color.jpg 0.4398843780872915 0.5154546499252319 0.5930036306381226 -0.43491947650909424 0.30227863788604736 2.498659133911133 -1.5519611835479736
frame-000005.color.jpg 0.441117038996781 0.5166595578193665 0.5897998809814453 -0.43659472465515137 0.31887421011924744 2.4901528358459473 -1.5646321773529053
frame-000006.color.jpg 0.443728898610769 0.5175483822822571 0.5880655646324158 -0.4352324306964874 0.3290194272994995 2.4929544925689697 -1.5667297840118408
frame-000007.color.jpg 0.4413591284754662 0.5194381475448608 0.5898355841636658 -0.4329896867275238 0.328267902135849 2.509273052215576 -1.5526779890060425
frame-000008.color.jpg 0.4410345522172582 0.5194995403289795 0.5896406173706055 -0.43351203203201294 0.3296853005886078 2.507833242416382 -1.5565627813339233
frame-000009.color.jpg 0.44211792364584845 0.518950343132019 0.5895007252693176 -0.4332563579082489 0.3295576870441437 2.5056216716766357 -1.5606282949447632
frame-000010.color.jpg 0.4405276742741508 0.5188236832618713 0.5904147624969482 -0.43378302454948425 0.3288635313510895 2.5112621784210205 -1.5562212467193604
frame-000011.color.jpg 0.4397312810032391 0.5189529657363892 0.5903918743133545 -0.4344671070575714 0.33230656385421753 2.5120513439178467 -1.5601210594177246
frame-000012.color.jpg 0.44073870323671016 0.519954264163971 0.5903218984603882 -0.432339072227478 0.3455522656440735 2.5174143314361572 -1.5556927919387817
frame-000013.color.jpg 0.4427035677650702 0.5207184553146362 0.5915071368217468 -0.4277676045894623 0.35302165150642395 2.5183324813842773 -1.5445311069488525
frame-000014.color.jpg 0.44041080597723486 0.5211085677146912 0.5944570302963257 -0.4255644381046295 0.35037556290626526 2.5279929637908936 -1.5329251289367676
frame-000015.color.jpg 0.4407273605142304 0.5176555514335632 0.597907543182373 -0.42461591958999634 0.33475443720817566 2.518709421157837 -1.539099931716919
frame-000016.color.jpg 0.4402595724619962 0.5185402035713196 0.6024831533432007 -0.4174945652484894 0.3257313370704651 2.5435597896575928 -1.5070674419403076
frame-000017.color.jpg 0.4372797783939045 0.5161148905754089 0.6080002784729004 -0.41562896966934204 0.3020095229148865 2.5500710010528564 -1.4944044351577759
frame-000018.color.jpg 0.43552867424912495 0.5148509740829468 0.6136044263839722 -0.41077107191085815 0.2786257863044739 2.5595765113830566 -1.4697232246398926
frame-000019.color.jpg 0.4327863051908696 0.5125881433486938 0.6198183298110962 -0.4071543514728546 0.24306298792362213 2.5697336196899414 -1.4455690383911133
frame-000020.color.jpg 0.43107282738537867 0.5111227035522461 0.6257527470588684 -0.4017006456851959 0.2107100933790207 2.5831968784332275 -1.4124622344970703
frame-000021.color.jpg 0.4266668201616525 0.5096455216407776 0.6315904259681702 -0.3991369903087616 0.18143056333065033 2.589359760284424 -1.3832577466964722
frame-000022.color.jpg 0.4195330982307806 0.5094709396362305 0.6363317966461182 -0.3993911147117615 0.16269853711128235 2.5927326679229736 -1.3543145656585693
frame-000023.color.jpg 0.4126358434336698 0.5066479444503784 0.6441316604614258 -0.3976605236530304 0.12087602913379669 2.59912109375 -1.3197683095932007
frame-000024.color.jpg 0.4055309205273604 0.5039122700691223 0.6513662338256836 -0.3966600298881531 0.08390277624130249 2.61086106300354 -1.2838786840438843
frame-000025.color.jpg 0.40482109639192776 0.49757394194602966 0.6531586050987244 -0.4023977220058441 0.052619077265262604 2.5899431705474854 -1.3041934967041016
frame-000026.color.jpg 0.4116866755038351 0.4945373833179474 0.6525566577911377 -0.40014567971229553 0.034873444586992264 2.5586512088775635 -1.314841866493225
frame-000027.color.jpg 0.41128347790809167 0.49724921584129333 0.6513132452964783 -0.39922448992729187 0.05122867971658707 2.561342716217041 -1.3077857494354248
frame-000028.color.jpg 0.4201966443870037 0.503374457359314 0.6408124566078186 -0.39925965666770935 0.12442441284656525 2.5293257236480713 -1.3367424011230469
frame-000029.color.jpg 0.42770748091705185 0.5189297199249268 0.6283202171325684 -0.3911418318748474 0.24500930309295654 2.5304043292999268 -1.3137905597686768
frame-000030.color.jpg 0.4307508591512847 0.5293174386024475 0.6180860996246338 -0.39018750190734863 0.3407996594905853 2.5212912559509277 -1.3067457675933838
frame-000031.color.jpg 0.42715299934447926 0.5476203560829163 0.6021255254745483 -0.39382368326187134 0.523180365562439 2.504929780960083 -1.2822691202163696
frame-000032.color.jpg 0.42670671090448187 0.5502563118934631 0.5999810695648193 -0.39390620589256287 0.5472496151924133 2.502822160720825 -1.278468132019043
frame-000033.color.jpg 0.42493012304490513 0.5592350959777832 0.5875933766365051 -0.40177685022354126 0.663576066493988 2.4765267372131348 -1.2921791076660156
frame-000034.color.jpg 0.4340703082149911 0.5703530311584473 0.5698081254959106 -0.4019940197467804 0.8143467307090759 2.433077335357666 -1.2939527034759521
frame-000035.color.jpg 0.4362030975699539 0.5757598876953125 0.5638822913169861 -0.4003300964832306 0.8770022988319397 2.42171573638916 -1.2792649269104004
frame-000036.color.jpg 0.43272279126036206 0.5842867493629456 0.5625066161155701 -0.39363229274749756 0.9406682252883911 2.435704231262207 -1.2263730764389038
frame-000037.color.jpg 0.42868144823514814 0.5864834785461426 0.564621090888977 -0.3917555510997772 0.9630011916160583 2.440608024597168 -1.2081397771835327
frame-000038.color.jpg 0.42499778228481194 0.589610755443573 0.5646029114723206 -0.3911004960536957 1.0085902214050293 2.436622142791748 -1.1972119808197021
frame-000039.color.jpg 0.4200119818992093 0.5893738865852356 0.5610474944114685 -0.40181344747543335 1.0589282512664795 2.3997764587402344 -1.2346479892730713
frame-000040.color.jpg 0.4182873028526272 0.5897647738456726 0.5591400265693665 -0.4056791067123413 1.0861257314682007 2.383626937866211 -1.2504063844680786
frame-000041.color.jpg 0.4196643538420767 0.5877509117126465 0.553932785987854 -0.41423335671424866 1.1185814142227173 2.3438775539398193 -1.299014687538147
frame-000042.color.jpg 0.42173125412132306 0.5898720026016235 0.549432098865509 -0.41511210799217224 1.163612961769104 2.32436466217041 -1.3068703413009644
frame-000043.color.jpg 0.4356020722975808 0.5904779434204102 0.552191972732544 -0.39581647515296936 1.1616437435150146 2.367229461669922 -1.2751595973968506
frame-000044.color.jpg 0.4466229706141383 0.5818536281585693 0.5491014719009399 -0.40057697892189026 1.138771891593933 2.338480234146118 -1.3544061183929443
frame-000045.color.jpg 0.4571296793738599 0.5764015913009644 0.5507333874702454 -0.39431774616241455 1.1112719774246216 2.351813793182373 -1.3692786693572998
frame-000046.color.jpg 0.4640690591883046 0.5774794220924377 0.5519483089447021 -0.3827669024467468 1.1205021142959595 2.3764379024505615 -1.3430144786834717
frame-000047.color.jpg 0.46739140457194805 0.582327663898468 0.5470496416091919 -0.37838655710220337 1.1681228876113892 2.372710704803467 -1.3283777236938477
frame-000048.color.jpg 0.4693691895582446 0.584489643573761 0.5444461703300476 -0.3763546049594879 1.187644600868225 2.3716702461242676 -1.320119857788086
frame-000049.color.jpg 0.47098985380552594 0.6005391478538513 0.5337705612182617 -0.3641569912433624 1.296006202697754 2.376422643661499 -1.231392741203308
frame-000050.color.jpg 0.47772312566190284 0.6272964477539062 0.5098696947097778 -0.34396612644195557 1.4999898672103882 2.352647542953491 -1.0894542932510376
frame-000051.color.jpg 0.4783639253031113 0.6414396166801453 0.49610668420791626 -0.3370480239391327 1.6060580015182495 2.3212485313415527 -1.0167593955993652
frame-000052.color.jpg 0.4798549960758143 0.6570956110954285 0.48070281744003296 -0.3269393742084503 1.719992995262146 2.287904977798462 -0.917833149433136
frame-000053.color.jpg 0.48334191814916716 0.66968834400177 0.46673640608787537 -0.31631505489349365 1.8085122108459473 2.2499032020568848 -0.8240097761154175
frame-000054.color.jpg 0.48351911082332116 0.6804635524749756 0.45986810326576233 -0.30281996726989746 1.8529225587844849 2.244175672531128 -0.7254072427749634
frame-000055.color.jpg 0.4808035376994398 0.6919218301773071 0.45294618606567383 -0.2913966178894043 1.9030888080596924 2.2072360515594482 -0.6308852434158325
frame-000056.color.jpg 0.47799738135802144 0.6927857398986816 0.45584630966186523 -0.2894315719604492 1.9065029621124268 2.202239751815796 -0.6154236197471619
frame-000057.color.jpg 0.47487499311215553 0.6920529007911682 0.4583647847175598 -0.29233241081237793 1.9138808250427246 2.187567710876465 -0.6213045120239258
frame-000058.color.jpg 0.4713222283341237 0.6927365064620972 0.4619749188423157 -0.2907760739326477 1.9131324291229248 2.1857409477233887 -0.5997133851051331
frame-000059.color.jpg 0.46904295046431427 0.692814290523529 0.46455541253089905 -0.2901645004749298 1.9079594612121582 2.1910529136657715 -0.5909271836280823
frame-000060.color.jpg 0.4671642800992254 0.6883381009101868 0.4720288813114166 -0.291782408952713 1.881339430809021 2.189425468444824 -0.5947260856628418
frame-000061.color.jpg 0.4645470222913645 0.6882402896881104 0.4761790335178375 -0.2894391715526581 1.8655052185058594 2.2067384719848633 -0.5864218473434448
frame-000062.color.jpg 0.462911759723303 0.6876929998397827 0.48161157965660095 -0.28432607650756836 1.8369675874710083 2.2222511768341064 -0.5682414770126343
frame-000063.color.jpg 0.45625952778173795 0.6900219917297363 0.4855053126811981 -0.28280994296073914 1.8308579921722412 2.2263295650482178 -0.5517840385437012
frame-000064.color.jpg 0.44314069996609984 0.691300630569458 0.49477654695510864 -0.28447479009628296 1.8070452213287354 2.2338931560516357 -0.5443645715713501
frame-000065.color.jpg 0.4463417949038807 0.6871813535690308 0.49896442890167236 -0.282126247882843 1.7696579694747925 2.244230031967163 -0.5563602447509766
frame-000066.color.jpg 0.4454322589994101 0.6880373954772949 0.49999257922172546 -0.2796464264392853 1.7665516138076782 2.250720739364624 -0.540398120880127
frame-000067.color.jpg 0.4433770708544545 0.68416428565979 0.5020711421966553 -0.2885492444038391 1.7581673860549927 2.228398084640503 -0.5890370011329651
frame-000068.color.jpg 0.43824964858543525 0.6803838610649109 0.5139212012290955 -0.2844294309616089 1.7103525400161743 2.2562122344970703 -0.5708189010620117
frame-000069.color.jpg 0.44111564819999444 0.6829947829246521 0.5092921853065491 -0.28205785155296326 1.7452095746994019 2.238006591796875 -0.5572254657745361
frame-000070.color.jpg 0.44265888671122794 0.6864063143730164 0.5045990943908691 -0.2797842025756836 1.7888104915618896 2.221921443939209 -0.5386086106300354
frame-000071.color.jpg 0.4337053507054494 0.6998063325881958 0.5003325939178467 -0.2680261433124542 1.8885211944580078 2.2040135860443115 -0.41661524772644043
frame-000072.color.jpg 0.4381030592840165 0.7023527026176453 0.49433812499046326 -0.26532262563705444 1.9409979581832886 2.1800436973571777 -0.3986886441707611
frame-000073.color.jpg 0.4398163959947002 0.7065240740776062 0.487316370010376 -0.2644014358520508 2.018427610397339 2.1482417583465576 -0.37014174461364746
frame-000074.color.jpg 0.44287693694735886 0.706189751625061 0.4852639436721802 -0.2639601230621338 2.064504623413086 2.1335341930389404 -0.3625326454639435
frame-000075.color.jpg 0.44406250020536714 0.7046799063682556 0.48791393637657166 -0.26110297441482544 2.0747125148773193 2.1463451385498047 -0.3447994887828827
frame-000076.color.jpg 0.4451227155566397 0.7033528089523315 0.48905226588249207 -0.2607460021972656 2.0936334133148193 2.145381450653076 -0.33991968631744385
frame-000077.color.jpg 0.4432624155882975 0.7039037942886353 0.49022188782691956 -0.2602313458919525 2.108793258666992 2.1449246406555176 -0.3284219205379486
frame-000078.color.jpg 0.44346735810647425 0.7012121081352234 0.4946761429309845 -0.25871577858924866 2.1113200187683105 2.1594810485839844 -0.3200853168964386
frame-000079.color.jpg 0.4417939102471033 0.6964178681373596 0.4989551901817322 -0.2662028670310974 2.1240694522857666 2.1615638732910156 -0.37328484654426575
frame-000080.color.jpg 0.44365646593026975 0.6855027675628662 0.514024555683136 -0.2627427279949188 2.0880370140075684 2.236182451248169 -0.41011109948158264
frame-000081.color.jpg 0.44359418005414686 0.683742880821228 0.5152331590652466 -0.26505598425865173 2.091118335723877 2.241581916809082 -0.4358808696269989
frame-000082.color.jpg 0.44163894088952227 0.6805147528648376 0.5178030133247375 -0.27154162526130676 2.0862009525299072 2.2575032711029053 -0.48628026247024536
frame-000083.color.jpg 0.4472993822072027 0.6743835210800171 0.5157405734062195 -0.2813211679458618 2.077816963195801 2.2606873512268066 -0.5782433748245239
frame-000084.color.jpg 0.45898941193087917 0.6689597368240356 0.5097797513008118 -0.28626248240470886 2.0880420207977295 2.249277114868164 -0.6494844555854797
frame-000085.color.jpg 0.4697829230990762 0.6618277430534363 0.5067704916000366 -0.2906404137611389 2.095099449157715 2.253830909729004 -0.7226263284683228
frame-000086.color.jpg 0.4805406329910221 0.6598439812660217 0.5000120401382446 -0.2892654240131378 2.122840166091919 2.2631185054779053 -0.7309846878051758
frame-000087.color.jpg 0.4879661945361091 0.6558288335800171 0.5003413558006287 -0.28536975383758545 2.1122970581054688 2.293294906616211 -0.7395592331886292
frame-000088.color.jpg 0.4996480974693272 0.6568064093589783 0.4978146255016327 -0.2667163908481598 2.1153669357299805 2.3490922451019287 -0.6583282947540283
frame-000089.color.jpg 0.5060025296338978 0.6586743593215942 0.4905140697956085 -0.26363876461982727 2.161475896835327 2.3380322456359863 -0.6379518508911133
frame-000090.color.jpg 0.5114335508252986 0.6596964001655579 0.48547136783599854 -0.2599116861820221 2.1913001537323 2.336125612258911 -0.6195195317268372
frame-000091.color.jpg 0.51641696303434 0.6632307767868042 0.4760983884334564 -0.25839656591415405 2.249901056289673 2.3172478675842285 -0.5935767889022827
frame-000092.color.jpg 0.5225857217246551 0.6631686687469482 0.4702570140361786 -0.25684577226638794 2.284252405166626 2.3037538528442383 -0.5830972194671631
frame-000093.color.jpg 0.5267663092662078 0.6656712293624878 0.4641644358634949 -0.252884179353714 2.3307976722717285 2.3004720211029053 -0.5478603839874268
frame-000094.color.jpg 0.5272883587304343 0.6687774062156677 0.4618375897407532 -0.24780996143817902 2.3594894409179688 2.3003761768341064 -0.5033620595932007
frame-000095.color.jpg 0.520184124739745 0.6748042106628418 0.4660264551639557 -0.2384682297706604 2.373772382736206 2.331801652908325 -0.42660635709762573
frame-000096.color.jpg 0.5192826026548688 0.6766397953033447 0.46704232692718506 -0.23318585753440857 2.3823041915893555 2.34000563621521 -0.3830537497997284
frame-000097.color.jpg 0.5103551803340719 0.6767009496688843 0.47575587034225464 -0.23509521782398224 2.391207218170166 2.349681854248047 -0.39179062843322754
frame-000098.color.jpg 0.5070462115065393 0.6750345826148987 0.4807119071483612 -0.23695674538612366 2.401250123977661 2.3606162071228027 -0.39981240034103394
frame-000099.color.jpg 0.5040807708456481 0.6719540357589722 0.48651960492134094 -0.24016453325748444 2.4034976959228516 2.3540091514587402 -0.4272533655166626
frame-000100.color.jpg 0.4990686832579035 0.6675627827644348 0.49380597472190857 -0.2478829175233841 2.3981330394744873 2.351585626602173 -0.4814170300960541
frame-000101.color.jpg 0.4931406652098628 0.6598958969116211 0.5045503377914429 -0.25841525197029114 2.3887274265289307 2.3642959594726562 -0.5525673031806946
frame-000102.color.jpg 0.4860132481542408 0.6565130352973938 0.5098879933357239 -0.2698073089122772 2.387589931488037 2.3560032844543457 -0.6133427023887634
frame-000103.color.jpg 0.47998332042958447 0.6529489159584045 0.5176332592964172 -0.2744620144367218 2.3674237728118896 2.3731064796447754 -0.6436793208122253
frame-000104.color.jpg 0.477131521548879 0.6480803489685059 0.5205480456352234 -0.28524911403656006 2.3717751502990723 2.3631787300109863 -0.7054107785224915
frame-000105.color.jpg 0.47377337583809376 0.6409011483192444 0.5269756317138672 -0.2950953543186188 2.3526594638824463 2.3752012252807617 -0.779136598110199
frame-000106.color.jpg 0.4732033332911329 0.6378872990608215 0.5304825901985168 -0.296254426240921 2.3472180366516113 2.402721643447876 -0.7920599579811096
frame-000107.color.jpg 0.47479567882770546 0.6291429996490479 0.5376355051994324 -0.2994931638240814 2.306640386581421 2.438389778137207 -0.8354362845420837
frame-000108.color.jpg 0.4738514800465428 0.6225887537002563 0.545890748500824 -0.29975202679634094 2.263901472091675 2.4913992881774902 -0.8532238006591797
frame-000109.color.jpg 0.4730138702219262 0.619732141494751 0.5490942001342773 -0.3011402487754822 2.253455877304077 2.506148338317871 -0.8679502606391907
frame-000110.color.jpg 0.4724223401138796 0.6154555678367615 0.5537173748016357 -0.302371621131897 2.2260916233062744 2.5261292457580566 -0.8817588090896606
frame-000111.color.jpg 0.4752203219810636 0.6121179461479187 0.5548213720321655 -0.30273860692977905 2.2141029834747314 2.5267415046691895 -0.8994078040122986
frame-000112.color.jpg 0.47432569408463504 0.6110365390777588 0.5589460730552673 -0.29871195554733276 2.1960396766662598 2.560868740081787 -0.8765990138053894
frame-000113.color.jpg 0.47014657818395117 0.6104004383087158 0.5635932683944702 -0.2978859543800354 2.17521333694458 2.5831704139709473 -0.8705798387527466
frame-000114.color.jpg 0.4635632868751069 0.6085118651390076 0.5699764490127563 -0.2999155819416046 2.147826671600342 2.591872215270996 -0.8871490955352783
frame-000115.color.jpg 0.45514598853533367 0.6106693744659424 0.5757880806922913 -0.2973095774650574 2.1342639923095703 2.611598491668701 -0.8600828647613525
frame-000116.color.jpg 0.45195328267947005 0.609461784362793 0.5802137851715088 -0.29605165123939514 2.1087734699249268 2.605559825897217 -0.8613500595092773
frame-000117.color.jpg 0.4497473775725724 0.6098493337631226 0.5813137292861938 -0.29645487666130066 2.1104278564453125 2.5973236560821533 -0.8623504638671875
frame-000118.color.jpg 0.44840712902146135 0.6101521253585815 0.5821762681007385 -0.29616937041282654 2.105332136154175 2.585800886154175 -0.8569635152816772
frame-000119.color.jpg 0.4499709556628852 0.6118091344833374 0.5811502933502197 -0.292369544506073 2.1104159355163574 2.5790152549743652 -0.8285256624221802
frame-000120.color.jpg 0.44418394026054353 0.6144099235534668 0.5837854146957397 -0.2905091941356659 2.0960211753845215 2.5802299976348877 -0.802568793296814
frame-000121.color.jpg 0.44208092701256996 0.6151304841041565 0.5891911387443542 -0.2811274230480194 2.056363344192505 2.6151087284088135 -0.7462788820266724
frame-000122.color.jpg 0.43562460620508303 0.6249222755432129 0.5871166586875916 -0.2738563120365143 2.0737831592559814 2.593331813812256 -0.668872058391571
frame-000123.color.jpg 0.4324327062666813 0.6273935437202454 0.59024578332901 -0.2664380371570587 2.052285671234131 2.604536294937134 -0.6090465188026428
frame-000124.color.jpg 0.4229977596676892 0.6358962655067444 0.5925955176353455 -0.2560068368911743 2.046173334121704 2.6085760593414307 -0.5119932889938354
frame-000125.color.jpg 0.42065124884638044 0.6423766613006592 0.5932809710502625 -0.24170726537704468 2.034189462661743 2.611021041870117 -0.41195690631866455
frame-000126.color.jpg 0.4158115661815215 0.6458957195281982 0.5939767360687256 -0.23897884786128998 2.032076120376587 2.5976712703704834 -0.380272775888443
frame-000127.color.jpg 0.4061219815795135 0.6493129730224609 0.5979052186012268 -0.23657336831092834 2.020657777786255 2.584245204925537 -0.3339468240737915
frame-000128.color.jpg 0.4015550397260717 0.6492288708686829 0.6011735796928406 -0.23631730675697327 2.004074811935425 2.571357011795044 -0.3249717354774475
frame-000129.color.jpg 0.3954320609809579 0.6460453271865845 0.6075848937034607 -0.23895478248596191 1.9777424335479736 2.570810317993164 -0.34180712699890137
frame-000130.color.jpg 0.39238532725267333 0.6452820897102356 0.6161109805107117 -0.22372308373451233 1.9554531574249268 2.6160755157470703 -0.2588961720466614
frame-000131.color.jpg 0.38619099241959676 0.6435081958770752 0.6223644018173218 -0.22229762375354767 1.933157205581665 2.6226565837860107 -0.25320303440093994
frame-000132.color.jpg 0.3795945451598499 0.6439347267150879 0.6274293065071106 -0.21814778447151184 1.9244633913040161 2.6330413818359375 -0.22950035333633423
frame-000133.color.jpg 0.36523389020241903 0.6431318521499634 0.636772871017456 -0.217958465218544 1.8896231651306152 2.640852689743042 -0.2223002314567566
frame-000134.color.jpg 0.3596662867863536 0.641340434551239 0.6413536667823792 -0.2190619260072708 1.8667007684707642 2.6446645259857178 -0.23426373302936554
frame-000135.color.jpg 0.3575929281139086 0.6393222808837891 0.6417757272720337 -0.22697649896144867 1.9012134075164795 2.6341898441314697 -0.2907162308692932
frame-000136.color.jpg 0.3438647950083567 0.6376292705535889 0.6491053104400635 -0.23205186426639557 1.947959303855896 2.644026279449463 -0.32039469480514526
frame-000137.color.jpg 0.3327138731553625 0.6338997483253479 0.6568491458892822 -0.2366895228624344 1.9372830390930176 2.6562111377716064 -0.3529822826385498
frame-000138.color.jpg 0.3409673936278645 0.6330099701881409 0.6546215415000916 -0.23347395658493042 1.9764662981033325 2.656327486038208 -0.34210240840911865
frame-000139.color.jpg 0.3541324489228091 0.6321693658828735 0.6469639539718628 -0.23746530711650848 2.042389392852783 2.6326069831848145 -0.3742853105068207
frame-000140.color.jpg 0.3572816382984025 0.6281629800796509 0.6466067433357239 -0.24425558745861053 2.0860629081726074 2.6371164321899414 -0.4164656102657318
frame-000141.color.jpg 0.35591911201498166 0.6247221231460571 0.6503874063491821 -0.24503102898597717 2.091600179672241 2.657107353210449 -0.42675819993019104
frame-000142.color.jpg 0.3560996897609134 0.6246465444564819 0.6505298614501953 -0.24458268284797668 2.0982019901275635 2.6589245796203613 -0.4229697585105896
frame-000143.color.jpg 0.3555204794318575 0.6221027970314026 0.6504296660423279 -0.25206059217453003 2.1225435733795166 2.650895595550537 -0.47754597663879395
frame-000144.color.jpg 0.35393834771462723 0.6200506091117859 0.6525828242301941 -0.25377246737480164 2.1247498989105225 2.6593611240386963 -0.4878048896789551
frame-000145.color.jpg 0.34921850756064604 0.617103636264801 0.6552703380584717 -0.26048123836517334 2.1184237003326416 2.6565160751342773 -0.535406768321991
frame-000146.color.jpg 0.34396542692105486 0.6140119433403015 0.6593747735023499 -0.2643899917602539 2.118790626525879 2.66705322265625 -0.5599840879440308
frame-000147.color.jpg 0.34085700657533646 0.6115641593933105 0.6625418663024902 -0.2661653757095337 2.118269920349121 2.6770246028900146 -0.5794369578361511
frame-000148.color.jpg 0.3392833970580121 0.6070406436920166 0.6664513945579529 -0.2687581181526184 2.097905397415161 2.6913065910339355 -0.609788715839386
frame-000149.color.jpg 0.34226467698976576 0.6020907759666443 0.6684730052947998 -0.2710818946361542 2.0922110080718994 2.703317880630493 -0.6409286856651306
frame-000150.color.jpg 0.35040273776420433 0.6024400591850281 0.6628092527389526 -0.27380234003067017 2.134387969970703 2.698798418045044 -0.6692777276039124
frame-000151.color.jpg 0.3519291032392584 0.5893144011497498 0.667380154132843 -0.28889140486717224 2.061145544052124 2.7139084339141846 -0.7955717444419861
frame-000152.color.jpg 0.3559901861503861 0.5735386610031128 0.6725240349769592 -0.3033739924430847 1.9753130674362183 2.7865684032440186 -0.9494765400886536
frame-000153.color.jpg 0.3619079038132673 0.5665662884712219 0.6720635890960693 -0.3104124069213867 1.943524718284607 2.795828342437744 -1.0263786315917969
frame-000154.color.jpg 0.36464421313481643 0.5628800988197327 0.6718297004699707 -0.3143969476222992 1.926822304725647 2.787203311920166 -1.066196322441101
frame-000155.color.jpg 0.3721006873137033 0.5526108741760254 0.6718771457672119 -0.32364100217819214 1.8753256797790527 2.782613754272461 -1.1798489093780518
frame-000156.color.jpg 0.3698611750774541 0.5480599403381348 0.6765891909599304 -0.3241298496723175 1.8242300748825073 2.821037530899048 -1.2131565809249878
frame-000157.color.jpg 0.3766711593318883 0.5498879551887512 0.6734815835952759 -0.3196318447589874 1.8299695253372192 2.843729019165039 -1.2093533277511597
frame-000158.color.jpg 0.3843878873121278 0.5635098218917847 0.6596782207489014 -0.31547969579696655 1.9422056674957275 2.8234481811523438 -1.1697050333023071
frame-000159.color.jpg 0.39437102773489324 0.5772513747215271 0.6432870030403137 -0.3121442198753357 2.0773303508758545 2.7615556716918945 -1.1251739263534546
frame-000160.color.jpg 0.4064392867773379 0.6020287871360779 0.6143715977668762 -0.30808454751968384 2.3253979682922363 2.626572847366333 -1.0256247520446777
frame-000161.color.jpg 0.4127146762491604 0.624082088470459 0.5900136828422546 -0.30343368649482727 2.528237819671631 2.520381212234497 -0.9170082807540894
frame-000162.color.jpg 0.42404860966430413 0.6336293816566467 0.574438214302063 -0.29785460233688354 2.631273031234741 2.45229172706604 -0.8442511558532715
frame-000163.color.jpg 0.43078625359835604 0.6451359987258911 0.5627902746200562 -0.28546440601348877 2.7144336700439453 2.4257659912109375 -0.7203961610794067
frame-000164.color.jpg 0.43398363993831196 0.6548383235931396 0.5518295764923096 -0.2798731029033661 2.7933788299560547 2.380472183227539 -0.6415387988090515
frame-000165.color.jpg 0.43778037176386564 0.6636345386505127 0.5398269295692444 -0.2766304910182953 2.8774142265319824 2.312584161758423 -0.5807561278343201
frame-000166.color.jpg 0.4383275461982924 0.6724618077278137 0.533704400062561 -0.2661275565624237 2.9279825687408447 2.301619529724121 -0.4868429899215698
frame-000167.color.jpg 0.4325797427158856 0.6848419904708862 0.525661289691925 -0.25989675521850586 3.0099587440490723 2.2483298778533936 -0.4090971350669861
frame-000168.color.jpg 0.4279917183178396 0.6920669078826904 0.5238317251205444 -0.2519261837005615 3.0466880798339844 2.249480724334717 -0.33972713351249695
frame-000169.color.jpg 0.42492990722215956 0.695412814617157 0.5234521627426147 -0.24866342544555664 3.0696911811828613 2.2492001056671143 -0.3121761083602905
frame-000170.color.jpg 0.4254747826523731 0.6965878009796143 0.5231363773345947 -0.2450815886259079 3.0830914974212646 2.2656638622283936 -0.2962002158164978
frame-000171.color.jpg 0.42803836885949303 0.6906396150588989 0.5196678042411804 -0.26409363746643066 3.1198136806488037 2.2119557857513428 -0.44485557079315186
frame-000172.color.jpg 0.4277914204729467 0.6888203620910645 0.5208668112754822 -0.2668686509132385 3.1149656772613525 2.2119140625 -0.4710259735584259
frame-000173.color.jpg 0.42607321258920633 0.6841899156570435 0.5265190005302429 -0.2704137861728668 3.100600004196167 2.2380542755126953 -0.5235077738761902
frame-000174.color.jpg 0.420553912018972 0.6767584085464478 0.538652241230011 -0.27383625507354736 3.064330577850342 2.3039069175720215 -0.5830612182617188
frame-000175.color.jpg 0.4168660556562857 0.6632530689239502 0.5527021288871765 -0.2843209505081177 3.005136251449585 2.3540282249450684 -0.7083254456520081
frame-000176.color.jpg 0.4134948022789201 0.6527699828147888 0.5620665550231934 -0.29494836926460266 2.955230236053467 2.3740382194519043 -0.8173214793205261
frame-000177.color.jpg 0.41260630747821897 0.6504988670349121 0.5643067359924316 -0.29692646861076355 2.9431591033935547 2.3826050758361816 -0.8412395715713501
frame-000178.color.jpg 0.401800780502325 0.6401306986808777 0.5830578804016113 -0.29804760217666626 2.854060173034668 2.4853639602661133 -0.8931357860565186
frame-000179.color.jpg 0.39984005528408123 0.6396915912628174 0.5851146578788757 -0.2975960671901703 2.848994255065918 2.4985578060150146 -0.8917871713638306
frame-000180.color.jpg 0.3959305250858393 0.6350735425949097 0.5929063558578491 -0.2972922623157501 2.8077917098999023 2.5378024578094482 -0.9103733897209167
frame-000181.color.jpg 0.38875532255819367 0.6322733163833618 0.6004049181938171 -0.2976807653903961 2.7664530277252197 2.5704801082611084 -0.9246343970298767
frame-000182.color.jpg 0.3835611429808539 0.6306408047676086 0.6048840284347534 -0.298811674118042 2.7449047565460205 2.586866855621338 -0.9331304430961609
frame-000183.color.jpg 0.37737680278721336 0.6284813284873962 0.6129391193389893 -0.2947940230369568 2.701235771179199 2.628943681716919 -0.9107974171638489
frame-000184.color.jpg 0.37268119059236166 0.6241763830184937 0.6206221580505371 -0.29383811354637146 2.645740032196045 2.663908004760742 -0.9209091067314148
frame-000185.color.jpg 0.372877313984173 0.6246439218521118 0.6206557750701904 -0.29252147674560547 2.6473569869995117 2.663750171661377 -0.9072774052619934
frame-000186.color.jpg 0.37098585039400783 0.6234463453292847 0.6233118772506714 -0.2918330430984497 2.6281065940856934 2.669623851776123 -0.9049555063247681
frame-000187.color.jpg 0.36879845302728614 0.6221703886985779 0.6259353756904602 -0.29171350598335266 2.6068778038024902 2.6770620346069336 -0.9060136675834656
frame-000188.color.jpg 0.3657339964238141 0.6210765838623047 0.6289089322090149 -0.2915067672729492 2.581789255142212 2.6850578784942627 -0.9052370190620422
frame-000189.color.jpg 0.364253123184952 0.620902419090271 0.6336200833320618 -0.2834172248840332 2.5585851669311523 2.714498281478882 -0.8426159024238586
frame-000190.color.jpg 0.36291873832087135 0.6180480718612671 0.6368348002433777 -0.28416207432746887 2.5331408977508545 2.7210581302642822 -0.8509962558746338
frame-000191.color.jpg 0.36189323479970126 0.6169453263282776 0.6387377977371216 -0.28359442949295044 2.5211124420166016 2.7265403270721436 -0.8438519239425659
frame-000192.color.jpg 0.35650780661554715 0.618340790271759 0.640856921672821 -0.2825935184955597 2.514406442642212 2.725105047225952 -0.825605571269989
frame-000193.color.jpg 0.35306710167245065 0.6174537539482117 0.6457012891769409 -0.27778470516204834 2.492518663406372 2.7492995262145996 -0.7910187244415283
frame-000194.color.jpg 0.3565829844817225 0.6149564981460571 0.6468725800514221 -0.276102751493454 2.4766671657562256 2.7559874057769775 -0.7722156643867493
frame-000195.color.jpg 0.3549627532455278 0.6081214547157288 0.6549674272537231 -0.2742396593093872 2.4066295623779297 2.7907042503356934 -0.771841824054718
frame-000196.color.jpg 0.35121062784095347 0.6040722131729126 0.6641613245010376 -0.26577726006507874 2.3369240760803223 2.8415889739990234 -0.7215502262115479
frame-000197.color.jpg 0.341764842315399 0.600111722946167 0.6755056381225586 -0.25836947560310364 2.2524778842926025 2.8936822414398193 -0.6732681393623352
frame-000198.color.jpg 0.3437533005358508 0.5963096022605896 0.6801883578300476 -0.25217506289482117 2.195441246032715 2.918741226196289 -0.6479260921478271
frame-000199.color.jpg 0.34854081966952566 0.5910905599594116 0.6824420094490051 -0.25180166959762573 2.1499977111816406 2.9308886528015137 -0.6595117449760437
frame-000200.color.jpg 0.3471131246629181 0.5872916579246521 0.6884728074073792 -0.24618321657180786 2.0845415592193604 2.9555623531341553 -0.6316300630569458
frame-000201.color.jpg 0.34432784815949297 0.5817141532897949 0.6942251920700073 -0.2471807301044464 2.027862310409546 2.970393180847168 -0.6449344754219055
frame-000202.color.jpg 0.3385441888991943 0.5743958950042725 0.7035611867904663 -0.24588388204574585 1.9513822793960571 2.9988980293273926 -0.6451800465583801
frame-000203.color.jpg 0.3325640161918044 0.5686841607093811 0.7118352651596069 -0.24349549412727356 1.888493299484253 3.029665470123291 -0.6337144374847412
frame-000204.color.jpg 0.3261739147294813 0.5636509656906128 0.71964031457901 -0.2408856302499771 1.8338944911956787 3.0604238510131836 -0.6183663010597229
frame-000205.color.jpg 0.31960610770120057 0.5567666292190552 0.7279096841812134 -0.24085339903831482 1.771289587020874 3.0893795490264893 -0.6219977736473083
frame-000206.color.jpg 0.3077582309733371 0.5415598750114441 0.7443614602088928 -0.24067343771457672 1.6469866037368774 3.1500303745269775 -0.6319024562835693
frame-000207.color.jpg 0.30243411763680034 0.5215886831283569 0.759411633014679 -0.244485005736351 1.4953453540802002 3.1942243576049805 -0.6928510069847107
frame-000208.color.jpg 0.2954348183148437 0.501712441444397 0.7740761041641235 -0.24861420691013336 1.345762848854065 3.2325098514556885 -0.7461338639259338
frame-000209.color.jpg 0.28998848048210785 0.4887290894985199 0.7828063368797302 -0.2535051107406616 1.255313754081726 3.2448666095733643 -0.7883909940719604
frame-000210.color.jpg 0.2846761554022842 0.47414159774780273 0.7916500568389893 -0.2596908509731293 1.170291543006897 3.261753797531128 -0.8413383960723877
frame-000211.color.jpg 0.28261737471420295 0.46194350719451904 0.7958731055259705 -0.2707795798778534 1.1041083335876465 3.251756429672241 -0.9288005232810974
frame-000212.color.jpg 0.28040316191615006 0.43214303255081177 0.8056197166442871 -0.29258057475090027 0.944252610206604 3.2411937713623047 -1.102368950843811
frame-000213.color.jpg 0.27957392017001453 0.4218457043170929 0.8112257719039917 -0.2929118871688843 0.8754053711891174 3.261383056640625 -1.1184935569763184
frame-000214.color.jpg 0.27837077143659794 0.412479966878891 0.8150757551193237 -0.29668405652046204 0.8190003037452698 3.2678322792053223 -1.1580498218536377
frame-000215.color.jpg 0.2793175293922344 0.40734344720840454 0.8170763254165649 -0.2973877191543579 0.7883625626564026 3.2746386528015137 -1.1752197742462158
frame-000216.color.jpg 0.28164503068851693 0.39965763688087463 0.8188037872314453 -0.3008490204811096 0.7419721484184265 3.2977426052093506 -1.2366303205490112
frame-000217.color.jpg 0.2844433650563589 0.3975427746772766 0.817247748374939 -0.30521783232688904 0.7401866316795349 3.2925877571105957 -1.2886894941329956
frame-000218.color.jpg 0.2845859897040551 0.40035951137542725 0.8146195411682129 -0.3084120452404022 0.7646582126617432 3.308786630630493 -1.3226921558380127
frame-000219.color.jpg 0.2907296159087435 0.40371695160865784 0.8089796304702759 -0.3131147027015686 0.8143131732940674 3.294463872909546 -1.3759597539901733
frame-000220.color.jpg 0.2960344949685928 0.4117930829524994 0.801516592502594 -0.31679821014404297 0.9024532437324524 3.2831530570983887 -1.4235142469406128
frame-000221.color.jpg 0.29739671389504757 0.4234224855899811 0.7967520952224731 -0.3121773600578308 1.017067551612854 3.3276264667510986 -1.4126077890396118
frame-000222.color.jpg 0.30221878722435824 0.42504265904426575 0.7936471104621887 -0.3132520318031311 1.0588264465332031 3.340414047241211 -1.4425561428070068
frame-000223.color.jpg 0.30321951659707397 0.42510586977005005 0.7900558710098267 -0.3211769461631775 1.1017916202545166 3.3275110721588135 -1.5177528858184814
frame-000224.color.jpg 0.30221321910935794 0.42242980003356934 0.7918319702148438 -0.3212822675704956 1.0924124717712402 3.34953236579895 -1.5398470163345337
frame-000225.color.jpg 0.30453524830543577 0.42305493354797363 0.7915406227111816 -0.31897684931755066 1.1097450256347656 3.366875171661377 -1.5380111932754517
frame-000226.color.jpg 0.2968547902126426 0.4232648015022278 0.7928416728973389 -0.3226858377456665 1.1114085912704468 3.3770194053649902 -1.5621765851974487
frame-000227.color.jpg 0.28830159882353873 0.42291921377182007 0.7935379147529602 -0.3291188180446625 1.1099611520767212 3.3808517456054688 -1.6079519987106323
frame-000228.color.jpg 0.2717150620120754 0.4120350778102875 0.7979776859283447 -0.345875084400177 1.0271714925765991 3.3744606971740723 -1.7244908809661865
frame-000229.color.jpg 0.2605671547055244 0.3911195695400238 0.8095488548278809 -0.35179656744003296 0.8336389064788818 3.416109561920166 -1.7925755977630615
frame-000230.color.jpg 0.2498245542950714 0.3690020442008972 0.8171926140785217 -0.3655427396297455 0.6449558734893799 3.4168055057525635 -1.907030463218689
frame-000231.color.jpg 0.24494220690641572 0.35268375277519226 0.8211526274681091 -0.3759332001209259 0.515214204788208 3.399299144744873 -1.9971684217453003
frame-000232.color.jpg 0.23826252628356018 0.33837801218032837 0.8264015316963196 -0.38182681798934937 0.3923284113407135 3.400918483734131 -2.0403871536254883
frame-000233.color.jpg 0.2286175767215627 0.32428649067878723 0.8319186568260193 -0.3879221975803375 0.27161547541618347 3.398937463760376 -2.0697474479675293
frame-000234.color.jpg 0.22009477323144444 0.3076900839805603 0.837672770023346 -0.3939410448074341 0.1307031214237213 3.3907291889190674 -2.0987915992736816
frame-000235.color.jpg 0.2091227793126617 0.29174426198005676 0.8434507250785828 -0.39967969059944153 0.0035508868750184774 3.3884644508361816 -2.113394021987915
frame-000236.color.jpg 0.20129537523181504 0.28400918841362 0.8442977070808411 -0.40740683674812317 -0.059699974954128265 3.3613312244415283 -2.1429524421691895
frame-000237.color.jpg 0.19266662425306466 0.27632924914360046 0.8457351326942444 -0.41382819414138794 -0.11411967873573303 3.344357967376709 -2.1552700996398926
frame-000238.color.jpg 0.19197127168891154 0.2687636613845825 0.8479288816452026 -0.4146440923213959 -0.1511935591697693 3.335275888442993 -2.1447103023529053
frame-000239.color.jpg 0.19124797469871155 0.26459184288978577 0.8492313623428345 -0.4149956703186035 -0.16426695883274078 3.3316025733947754 -2.134411334991455
frame-000240.color.jpg 0.189947487406685 0.2564198076725006 0.8518837094306946 -0.4152865707874298 -0.20762260258197784 3.3209786415100098 -2.1199300289154053
frame-000241.color.jpg 0.189457538543635 0.24977873265743256 0.8523354530334473 -0.4186173975467682 -0.24505376815795898 3.292471170425415 -2.1285934448242188
frame-000242.color.jpg 0.18873774553742764 0.2431209236383438 0.8565487861633301 -0.41423970460891724 -0.291404664516449 3.297137498855591 -2.078336477279663
frame-000243.color.jpg 0.1854291929051819 0.2397652268409729 0.8571698069572449 -0.41639962792396545 -0.31241104006767273 3.2698001861572266 -2.0668346881866455
frame-000244.color.jpg 0.1853920587848678 0.24051591753959656 0.8570916056632996 -0.4161439836025238 -0.2996455430984497 3.2576687335968018 -2.0489306449890137
frame-000245.color.jpg 0.1849509976618099 0.2419171929359436 0.8577498197555542 -0.4141671061515808 -0.28164055943489075 3.2511565685272217 -2.0141234397888184
frame-000246.color.jpg 0.17725504406643108 0.2437582015991211 0.8577715158462524 -0.41640204191207886 -0.2754850387573242 3.2409212589263916 -1.9928364753723145
frame-000247.color.jpg 0.17217784665981173 0.24424947798252106 0.8595265746116638 -0.4146216809749603 -0.2760605216026306 3.2385799884796143 -1.944655418395996
frame-000248.color.jpg 0.16431316167135876 0.24040280282497406 0.866290807723999 -0.40589162707328796 -0.3293498158454895 3.271231174468994 -1.8592077493667603
frame-000249.color.jpg 0.16041157703186476 0.23982533812522888 0.8697739839553833 -0.40030649304389954 -0.34526121616363525 3.2965104579925537 -1.8120146989822388
frame-000250.color.jpg 0.1506742942972074 0.23741893470287323 0.8789584040641785 -0.385177344083786 -0.3928678631782532 3.359583616256714 -1.678313136100769
frame-000251.color.jpg 0.13163501256543855 0.2164771854877472 0.8971823453903198 -0.3617647886276245 -0.5891590714454651 3.429511070251465 -1.468673586845398
frame-000252.color.jpg 0.1272522792692027 0.20924462378025055 0.9028443694114685 -0.3534057140350342 -0.6459750533103943 3.4495694637298584 -1.4062190055847168
frame-000253.color.jpg 0.12606742233016593 0.2079424411058426 0.9035041928291321 -0.35291236639022827 -0.6554120182991028 3.45139479637146 -1.3994989395141602
frame-000254.color.jpg 0.11464398205607572 0.20130878686904907 0.9101389050483704 -0.34348025918006897 -0.705983579158783 3.4913055896759033 -1.3014988899230957
frame-000255.color.jpg 0.10589124675059576 0.1980668604373932 0.9136834144592285 -0.3387318551540375 -0.7301101088523865 3.5247747898101807 -1.2436410188674927
frame-000256.color.jpg 0.10550515705652122 0.19688864052295685 0.9148403406143188 -0.336408406496048 -0.7392368912696838 3.53131365776062 -1.2300748825073242
frame-000257.color.jpg 0.10308311216083292 0.1906670778989792 0.9187116622924805 -0.3301346004009247 -0.7868872880935669 3.5554096698760986 -1.1885173320770264
frame-000258.color.jpg 0.09496656839310695 0.1688859760761261 0.9280192255973816 -0.3181811273097992 -0.9490624070167542 3.6050193309783936 -1.0998454093933105
frame-000259.color.jpg 0.08793101107512366 0.14718854427337646 0.9340057969093323 -0.31342774629592896 -1.1147325038909912 3.625300407409668 -1.0492732524871826
frame-000260.color.jpg 0.0892968809323719 0.13322794437408447 0.9378438591957092 -0.3077748715877533 -1.2259910106658936 3.6337645053863525 -1.0243149995803833
frame-000261.color.jpg 0.0959371292716005 0.1304444968700409 0.9383543133735657 -0.30540385842323303 -1.2384631633758545 3.649721384048462 -1.0460530519485474
frame-000262.color.jpg 0.09570669010092003 0.1231589987874031 0.9413180351257324 -0.29932016134262085 -1.29765784740448 3.6605663299560547 -1.015641212463379
frame-000263.color.jpg 0.09797241102737421 0.1147894635796547 0.9433193206787109 -0.29559004306793213 -1.3619935512542725 3.669194221496582 -1.0161937475204468
frame-000264.color.jpg 0.09790217839620335 0.10810117423534393 0.9455963969230652 -0.2908210754394531 -1.4239670038223267 3.6771254539489746 -0.9911066889762878
frame-000265.color.jpg 0.10123578609917565 0.1043519452214241 0.9458166360855103 -0.29033225774765015 -1.4554733037948608 3.6700332164764404 -1.0041831731796265
frame-000266.color.jpg 0.10591542868776138 0.09972632676362991 0.9474896788597107 -0.2847805619239807 -1.5012608766555786 3.680445671081543 -0.9914458394050598
frame-000267.color.jpg 0.10618391510179809 0.09879016131162643 0.9477953910827637 -0.2839880585670471 -1.521251916885376 3.688777446746826 -0.9805415868759155
frame-000268.color.jpg 0.11192349091581179 0.10410598665475845 0.9475852847099304 -0.28056591749191284 -1.4820421934127808 3.7016847133636475 -0.9808936715126038
frame-000269.color.jpg 0.1166239089916846 0.11412718147039413 0.9489021897315979 -0.2701086103916168 -1.413046956062317 3.746001720428467 -0.925376296043396
frame-000270.color.jpg 0.12575261266164506 0.13540223240852356 0.9462390542030334 -0.2654884457588196 -1.24614679813385 3.789952039718628 -0.9185913801193237
frame-000271.color.jpg 0.1219553418211576 0.1499502807855606 0.9439361691474915 -0.2676311433315277 -1.1339551210403442 3.820488691329956 -0.9146962761878967
frame-000272.color.jpg 0.1346293573962665 0.1908281445503235 0.9339010119438171 -0.27071863412857056 -0.7828706502914429 3.8743464946746826 -0.9654979109764099
frame-000273.color.jpg 0.13474216495445365 0.22602877020835876 0.9238706827163696 -0.27788200974464417 -0.47866910696029663 3.8840126991271973 -0.9986768364906311
frame-000274.color.jpg 0.12376235013021146 0.24518759548664093 0.9191973209381104 -0.2822093963623047 -0.3057458698749542 3.8881478309631348 -0.983046293258667
frame-000275.color.jpg 0.11480787834233457 0.2525499761104584 0.9199386239051819 -0.2770390212535858 -0.25884881615638733 3.905042886734009 -0.9038169384002686
frame-000276.color.jpg 0.1185491598888942 0.27000904083251953 0.9178012609481812 -0.2658611536026001 -0.1270464062690735 3.907792091369629 -0.8244572877883911
frame-000277.color.jpg 0.12789027682178894 0.2791484594345093 0.9152138829231262 -0.2609669864177704 -0.06015544384717941 3.885416269302368 -0.7907911539077759
frame-000278.color.jpg 0.13417669215346464 0.2920377254486084 0.9073392748832703 -0.2710093855857849 0.0541076697409153 3.8394241333007812 -0.8687068223953247
frame-000279.color.jpg 0.13106634746595147 0.2957179546356201 0.9029791951179504 -0.2828444540500641 0.0906670093536377 3.801894426345825 -0.9303321838378906
frame-000280.color.jpg 0.129041990694851 0.2914977967739105 0.9007985591888428 -0.2948545515537262 0.05848617106676102 3.762199878692627 -1.0055724382400513
frame-000281.color.jpg 0.12574646298519127 0.28508812189102173 0.9010085463523865 -0.30182138085365295 0.0038110341411083937 3.7345454692840576 -1.0351616144180298
frame-000282.color.jpg 0.13509380620240743 0.2761152684688568 0.9060540199279785 -0.2908198833465576 -0.10226317495107651 3.709691286087036 -0.9703305959701538
frame-000283.color.jpg 0.1333928488867658 0.26700451970100403 0.9054077863693237 -0.30191323161125183 -0.1755141317844391 3.6615538597106934 -1.0413938760757446
frame-000284.color.jpg 0.11697885221398527 0.24881476163864136 0.9075179100036621 -0.3175188899040222 -0.31967347860336304 3.581831455230713 -1.0879582166671753
frame-000285.color.jpg 0.11498835011724634 0.24597275257110596 0.9079098701477051 -0.3193349242210388 -0.34128087759017944 3.5737907886505127 -1.0933555364608765
frame-000286.color.jpg 0.10878907290492859 0.2356395423412323 0.9085493683815002 -0.3273789882659912 -0.42052409052848816 3.5308640003204346 -1.117146611213684
frame-000287.color.jpg 0.10600575478133015 0.22991794347763062 0.9098418354988098 -0.3287679851055145 -0.46284034848213196 3.5057480335235596 -1.1073142290115356
frame-000288.color.jpg 0.09897246109192077 0.2188403159379959 0.9099642038345337 -0.3380511701107025 -0.5312329530715942 3.460225820541382 -1.1352208852767944
frame-000289.color.jpg 0.08553989711846398 0.19517256319522858 0.9158227443695068 -0.3403811752796173 -0.702738881111145 3.4251492023468018 -1.0859003067016602
frame-000290.color.jpg 0.07894549419871984 0.18247345089912415 0.9178138375282288 -0.34364038705825806 -0.7772830128669739 3.3922066688537598 -1.0767309665679932
frame-000291.color.jpg 0.07198083304751485 0.16995933651924133 0.9201765656471252 -0.34526461362838745 -0.8341642022132874 3.356463670730591 -1.0512832403182983
frame-000292.color.jpg 0.06931983448134886 0.16441884636878967 0.9222367405891418 -0.3429878056049347 -0.8472497463226318 3.344501256942749 -1.024040699005127
frame-000293.color.jpg 0.06860414091860408 0.16040630638599396 0.9226655960083008 -0.34387707710266113 -0.8455167412757874 3.3267886638641357 -1.0242663621902466
frame-000294.color.jpg 0.06889468015420085 0.15761016309261322 0.9235277771949768 -0.34279605746269226 -0.8446386456489563 3.3177895545959473 -1.0133070945739746
frame-000295.color.jpg 0.06980562477819345 0.1524888128042221 0.9231256246566772 -0.34599632024765015 -0.8386447429656982 3.2896130084991455 -1.0285820960998535
frame-000296.color.jpg 0.07247509174881629 0.15216508507728577 0.9220688343048096 -0.34839949011802673 -0.825160562992096 3.277259588241577 -1.0483533143997192
frame-000297.color.jpg 0.07611079215455037 0.1513863503932953 0.9203527569770813 -0.3524770140647888 -0.8122448921203613 3.258582592010498 -1.0758697986602783
frame-000298.color.jpg 0.0788144160525304 0.152448832988739 0.9197195172309875 -0.3530774414539337 -0.7936025857925415 3.255894184112549 -1.084855079650879
frame-000299.color.jpg 0.08564916717244775 0.15559393167495728 0.9179045557975769 -0.3548322916030884 -0.7489224672317505 3.2436883449554443 -1.1119729280471802
frame-000300.color.jpg 0.09040828522858257 0.16150318086147308 0.9201836585998535 -0.34497129917144775 -0.7027242183685303 3.2639455795288086 -1.0569427013397217
frame-000301.color.jpg 0.09285247792355454 0.1650853008031845 0.9208815097808838 -0.34073805809020996 -0.6694663763046265 3.2655251026153564 -1.0370655059814453
frame-000302.color.jpg 0.09344225352977804 0.17135769128799438 0.9212334752082825 -0.33650270104408264 -0.6170017719268799 3.2747199535369873 -1.008873462677002
frame-000303.color.jpg 0.09555776813418818 0.19131028652191162 0.9291617274284363 -0.3015422224998474 -0.48125606775283813 3.3357350826263428 -0.8083456754684448
frame-000304.color.jpg 0.09831846569441097 0.19370436668395996 0.9292795062065125 -0.2987501919269562 -0.4655291438102722 3.3355865478515625 -0.7995765805244446
frame-000305.color.jpg 0.10421874870897431 0.20010018348693848 0.9298073649406433 -0.29078614711761475 -0.42481616139411926 3.33979868888855 -0.764094352722168
frame-000306.color.jpg 0.10243958827952966 0.20371612906455994 0.9301457405090332 -0.2878102660179138 -0.39682215452194214 3.3460705280303955 -0.7441695332527161
frame-000307.color.jpg 0.1034872046233437 0.2055986374616623 0.932206928730011 -0.2793024778366089 -0.38253718614578247 3.352074384689331 -0.692888617515564
frame-000308.color.jpg 0.09548965490410904 0.2013840228319168 0.9344119429588318 -0.2778497338294983 -0.4084552526473999 3.347764015197754 -0.6678062081336975
frame-000309.color.jpg 0.08885672879329011 0.18905332684516907 0.9377208948135376 -0.27756595611572266 -0.4800346791744232 3.3319737911224365 -0.6405449509620667
frame-000310.color.jpg 0.08471725071009048 0.1756303459405899 0.9398707747459412 -0.2803923189640045 -0.5526250004768372 3.3123390674591064 -0.6367195248603821
frame-000311.color.jpg 0.07261633922679812 0.15557220578193665 0.9420000314712524 -0.28837499022483826 -0.6573975086212158 3.2780685424804688 -0.6510365009307861
frame-000312.color.jpg 0.0637002698452722 0.1388479620218277 0.9439301490783691 -0.29267632961273193 -0.7334889769554138 3.247816324234009 -0.6409339308738708
frame-000313.color.jpg 0.05809213255400527 0.12298137694597244 0.9441799521446228 -0.3000417947769165 -0.8007972240447998 3.2101340293884277 -0.6638709902763367
frame-000314.color.jpg 0.04973631254463155 0.1063343957066536 0.945215106010437 -0.3046105206012726 -0.8788326978683472 3.1788501739501953 -0.663277268409729
frame-000315.color.jpg 0.04491553690780213 0.08366318792104721 0.9487810134887695 -0.30132657289505005 -1.0055900812149048 3.1464126110076904 -0.6201507449150085
frame-000316.color.jpg 0.04041019747970257 0.07137520611286163 0.9510453343391418 -0.29796862602233887 -1.0718315839767456 3.134051561355591 -0.5860418677330017
frame-000317.color.jpg 0.032697765124706187 0.0570736899971962 0.9509907364845276 -0.30214235186576843 -1.1557239294052124 3.109044075012207 -0.5835172533988953
frame-000318.color.jpg 0.0202121837870306 0.03711232915520668 0.9496017694473267 -0.3105972409248352 -1.2782565355300903 3.0791144371032715 -0.5934467315673828
frame-000319.color.jpg 0.007241499709573367 0.01468113623559475 0.9470745921134949 -0.32059597969055176 -1.4122110605239868 3.037074565887451 -0.6048474311828613
frame-000320.color.jpg 0.0030174964557960282 0.0021851283963769674 0.9442055821418762 -0.32933560013771057 -1.4863598346710205 3.0057623386383057 -0.6415891647338867
frame-000321.color.jpg 0.0023214359082554805 -0.015808595344424248 0.941931962966919 -0.33542361855506897 -1.6028331518173218 2.958888530731201 -0.6672869324684143
frame-000322.color.jpg 0.0037260724301519184 0.027873611077666283 -0.9392924308776855 0.3419632613658905 -1.6779956817626953 2.9318153858184814 -0.6853355169296265
frame-000323.color.jpg 0.005811376443319443 0.035717450082302094 -0.9367581009864807 0.34810155630111694 -1.7284085750579834 2.9030258655548096 -0.7095946073532104
frame-000324.color.jpg 0.01013400294688536 0.052811793982982635 -0.9303215146064758 0.3627811074256897 -1.8353053331375122 2.8384175300598145 -0.7697598338127136
frame-000325.color.jpg 0.015287475308959629 0.07952135801315308 -0.9242525696754456 0.3730948865413666 -1.9847662448883057 2.745241641998291 -0.7797946333885193
frame-000326.color.jpg 0.01809779938999021 0.08884362131357193 -0.9222630262374878 0.375779390335083 -2.037644386291504 2.708254337310791 -0.7681921720504761
frame-000327.color.jpg 0.022172616695249992 0.10204967856407166 -0.9192200899124146 0.37964263558387756 -2.106983184814453 2.6570537090301514 -0.7534490823745728
frame-000328.color.jpg 0.02679499720085725 0.10683844983577728 -0.9163358807563782 0.3849624693393707 -2.121459484100342 2.6389753818511963 -0.752286434173584
frame-000329.color.jpg 0.02731920687066625 0.11353486776351929 -0.9161146283149719 0.3835328221321106 -2.143298387527466 2.6191580295562744 -0.7211520671844482
frame-000330.color.jpg 0.029764980091849063 0.11874808371067047 -0.9170488119125366 0.3795187473297119 -2.149923324584961 2.6031200885772705 -0.6771676540374756
frame-000331.color.jpg 0.032274318930304836 0.12365996092557907 -0.9176139235496521 0.3763660490512848 -2.161003351211548 2.5879340171813965 -0.6347835063934326
frame-000332.color.jpg 0.03089146622618325 0.14235973358154297 -0.9169280529022217 0.3715136647224426 -2.2449700832366943 2.489621877670288 -0.5830596089363098
frame-000333.color.jpg 0.037375877985482316 0.14707528054714203 -0.917996346950531 0.3664076626300812 -2.253918409347534 2.4824378490448 -0.5210012793540955
frame-000334.color.jpg 0.04438403644890131 0.15992143750190735 -0.918479859828949 0.3589567542076111 -2.3098907470703125 2.4323389530181885 -0.4386836588382721
frame-000335.color.jpg 0.045797135037404874 0.16993680596351624 -0.9193910360336304 0.35177305340766907 -2.3485169410705566 2.3838751316070557 -0.3787722587585449
frame-000336.color.jpg 0.0449418555572575 0.17884114384651184 -0.9204726219177246 0.34456661343574524 -2.3761518001556396 2.337574005126953 -0.334835410118103
frame-000337.color.jpg 0.051191432000018244 0.1942310482263565 -0.9227676391601562 0.32886722683906555 -2.4108893871307373 2.2770590782165527 -0.22205805778503418
frame-000338.color.jpg 0.05353056161647976 0.1954982429742813 -0.9240472912788391 0.32411646842956543 -2.409236431121826 2.2838375568389893 -0.1918335109949112
frame-000339.color.jpg 0.05538889484886157 0.20232798159122467 -0.9271474480628967 0.3104724586009979 -2.422741174697876 2.263383388519287 -0.11824046820402145
frame-000340.color.jpg 0.05522844670057908 0.20476195216178894 -0.9277622103691101 0.30704987049102783 -2.4065208435058594 2.2463932037353516 -0.10954327881336212
frame-000341.color.jpg 0.06057171990039944 0.2047446221113205 -0.9275128245353699 0.30680716037750244 -2.3749489784240723 2.2631165981292725 -0.10480742901563644
frame-000342.color.jpg 0.06473489302835399 0.1786348968744278 -0.9338629841804504 0.30298346281051636 -2.1857895851135254 2.411036968231201 -0.15955497324466705
frame-000343.color.jpg 0.06671710090022515 0.17027547955513 -0.9361704587936401 0.3002331852912903 -2.129420757293701 2.458831310272217 -0.16058078408241272
frame-000344.color.jpg 0.06562753720328567 0.1565311700105667 -0.9397057890892029 0.296890527009964 -2.0271108150482178 2.531125545501709 -0.17901772260665894
frame-000345.color.jpg 0.06230531783752426 0.15074805915355682 -0.9414956569671631 0.2949221432209015 -1.961247444152832 2.555163621902466 -0.1897609978914261
frame-000346.color.jpg 0.06579502111209283 0.14685866236686707 -0.9423404335975647 0.2934246063232422 -1.9108588695526123 2.5841145515441895 -0.18814203143119812
frame-000347.color.jpg 0.06245284948215133 0.14327868819236755 -0.9444529414176941 0.28910091519355774 -1.8510618209838867 2.6155049800872803 -0.18380855023860931
frame-000348.color.jpg 0.05613636433508268 0.14335866272449493 -0.9422377943992615 0.29746419191360474 -1.8275730609893799 2.593935966491699 -0.26402419805526733
frame-000349.color.jpg 0.05063354173366532 0.14958736300468445 -0.9427046179771423 0.29388415813446045 -1.849934697151184 2.5821871757507324 -0.2641181945800781
frame-000350.color.jpg 0.0509745162475896 0.16278919577598572 -0.9422696828842163 0.2881476879119873 -1.9075706005096436 2.5618207454681396 -0.23742537200450897
frame-000351.color.jpg 0.07098191769262839 0.20646022260189056 -0.9298279285430908 0.2962360382080078 -2.0974106788635254 2.4484846591949463 -0.19913235306739807
frame-000352.color.jpg 0.07559764833831054 0.22710947692394257 -0.9245346784591675 0.2965497374534607 -2.186861038208008 2.3779866695404053 -0.16688460111618042
frame-000353.color.jpg 0.07534398124003505 0.2400446981191635 -0.9172844290733337 0.3086923658847809 -2.2220072746276855 2.2982282638549805 -0.20902587473392487
frame-000354.color.jpg 0.0739361238891325 0.2456403523683548 -0.9165682792663574 0.30675187706947327 -2.2419753074645996 2.3052549362182617 -0.2083529829978943
frame-000355.color.jpg 0.0781928755982729 0.23844574391841888 -0.922598123550415 0.2929884195327759 -2.1779098510742188 2.4063382148742676 -0.13677877187728882
frame-000356.color.jpg 0.09957078258238412 0.22413641214370728 -0.9219287037849426 0.2998265326023102 -2.0935492515563965 2.487870693206787 -0.15278321504592896
