frame-000000.color.jpg 0.025631437729579907 -0.005437969230115414 0.9468058347702026 -0.32073697447776794 -0.4763672649860382 4.514895439147949 -1.8725544214248657
frame-000001.color.jpg 0.028094127252343577 -0.004354823846369982 0.9470401406288147 -0.31985434889793396 -0.47006919980049133 4.518622398376465 -1.8739675283432007
frame-000002.color.jpg 0.021090807221796733 -0.00751543091610074 0.9485792517662048 -0.3157467544078827 -0.5066283941268921 4.539021015167236 -1.8271867036819458
frame-000003.color.jpg 0.015588919671853897 -0.011293841525912285 0.9492430090904236 -0.3139539957046509 -0.5517237782478333 4.542892932891846 -1.8045114278793335
frame-000004.color.jpg 0.013891564018903936 -0.012955155223608017 0.9503803253173828 -0.3105100989341736 -0.5646768808364868 4.5565595626831055 -1.7697441577911377
frame-000005.color.jpg 0.01081453143423732 -0.014655975624918938 0.9502780437469482 -0.3108697235584259 -0.5891870856285095 4.545710563659668 -1.7682104110717773
frame-000006.color.jpg 0.013484740834149633 -0.014047267846763134 0.9525763392448425 -0.30367612838745117 -0.5854171514511108 4.576940536499023 -1.708035945892334
frame-000007.color.jpg 0.015042885977921831 -0.01363957766443491 0.9525232911109924 -0.3037879467010498 -0.5773077011108398 4.575730800628662 -1.709832787513733
frame-000008.color.jpg 0.013560789406593094 -0.013322737067937851 0.9527071118354797 -0.3032948076725006 -0.577243447303772 4.5774712562561035 -1.704939603805542
frame-000009.color.jpg 0.012768831544445603 -0.013854471035301685 0.9525527954101562 -0.3037896156311035 -0.5836712718009949 4.573826313018799 -1.7090176343917847
frame-000010.color.jpg 0.01274189243676183 -0.014321827329695225 0.9526381492614746 -0.30350130796432495 -0.584804892539978 4.575323104858398 -1.706339716911316
frame-000011.color.jpg 0.013700012921855692 -0.016199719160795212 0.95404052734375 -0.298925518989563 -0.6023449301719666 4.593163013458252 -1.6652588844299316
frame-000012.color.jpg 0.008428549308460851 -0.018349777907133102 0.9536289572715759 -0.30030667781829834 -0.6270166635513306 4.577701568603516 -1.6704896688461304
frame-000013.color.jpg 0.007955781135412582 -0.024646978825330734 0.953728973865509 -0.29955005645751953 -0.6735002994537354 4.569351673126221 -1.6585559844970703
frame-000014.color.jpg 0.004951770730772683 -0.03046988695859909 0.953778088092804 -0.29892224073410034 -0.7347691059112549 4.557404518127441 -1.644913673400879
frame-000015.color.jpg 0.0004488984579819973 0.03584207221865654 -0.9525348544120789 0.30231180787086487 -0.7784944772720337 4.535269737243652 -1.6644147634506226
frame-000016.color.jpg 0.0049835992183441076 0.0447019524872303 -0.9515436291694641 0.3042064309120178 -0.8552641868591309 4.507583141326904 -1.6663745641708374
frame-000017.color.jpg 0.010120056175230676 0.06256925314664841 -0.9501168727874756 0.3053862154483795 -1.017399787902832 4.461136341094971 -1.6564983129501343
frame-000018.color.jpg 0.019469298565802637 0.08213470876216888 -0.9484590888023376 0.30545082688331604 -1.192812204360962 4.413946151733398 -1.626028060913086
frame-000019.color.jpg 0.025825565378075146 0.0997612252831459 -0.9465030431747437 0.3057986795902252 -1.3486582040786743 4.363132953643799 -1.6035798788070679
frame-000020.color.jpg 0.03210203161884277 0.11646664142608643 -0.9443992972373962 0.30580198764801025 -1.4890729188919067 4.31046724319458 -1.5745935440063477
frame-000021.color.jpg 0.03750810751274603 0.1413664072751999 -0.9418973326683044 0.30238738656044006 -1.7072573900222778 4.25002384185791 -1.5160315036773682
frame-000022.color.jpg 0.057366287642532925 0.1676092892885208 -0.9307700991630554 0.31981736421585083 -1.9281936883926392 4.094661712646484 -1.5866881608963013
frame-000023.color.jpg 0.06576885187340809 0.17764876782894135 -0.9307975769042969 0.3126196265220642 -2.012705087661743 4.090205192565918 -1.4867007732391357
frame-000024.color.jpg 0.0678635547654227 0.207005113363266 -0.9220221042633057 0.3200293183326721 -2.2475128173828125 3.9485785961151123 -1.4954078197479248
frame-000025.color.jpg 0.07001622787002162 0.21453529596328735 -0.9167675375938416 0.3295597434043884 -2.2994046211242676 3.8832695484161377 -1.5566624402999878
frame-000026.color.jpg 0.07830720330093435 0.2159343808889389 -0.9141085147857666 0.33413463830947876 -2.301921844482422 3.873490333557129 -1.5691771507263184
frame-000027.color.jpg 0.09202668990535122 0.2464807778596878 -0.9041531682014465 0.3365788161754608 -2.544373035430908 3.7634661197662354 -1.504685640335083
frame-000028.color.jpg 0.10803951838679386 0.290414035320282 -0.8887236714363098 0.33787187933921814 -2.9118645191192627 3.573697090148926 -1.4020615816116333
frame-000029.color.jpg 0.13011150299486213 0.32812151312828064 -0.8676322102546692 0.35017356276512146 -3.2140214443206787 3.3478827476501465 -1.3609037399291992
frame-000030.color.jpg 0.12191345662289958 0.33809518814086914 -0.8612313270568848 0.3593176603317261 -3.252197742462158 3.263417959213257 -1.4512742757797241
frame-000031.color.jpg 0.11381201826945031 0.32733964920043945 -0.8646852374076843 0.3636140525341034 -3.1137349605560303 3.3265936374664307 -1.5471150875091553
frame-000032.color.jpg 0.1149020225563384 0.3135959208011627 -0.868287980556488 0.3667847812175751 -2.980180263519287 3.412121534347534 -1.6112685203552246
frame-000033.color.jpg 0.1232905844955122 0.3053431510925293 -0.8735764026641846 0.3583703637123108 -2.9029440879821777 3.4928104877471924 -1.542866587638855
frame-000034.color.jpg 0.13465487213809185 0.2900843024253845 -0.8801501393318176 0.35079196095466614 -2.796060800552368 3.590365409851074 -1.475143551826477
frame-000035.color.jpg 0.13485355332190677 0.30024629831314087 -0.8824983239173889 0.3359513580799103 -2.9214253425598145 3.5441935062408447 -1.2666432857513428
frame-000036.color.jpg 0.1274810705985289 0.312547504901886 -0.8809782266616821 0.331572026014328 -3.0400230884552 3.4286606311798096 -1.1851102113723755
frame-000037.color.jpg 0.12783529949800854 0.32354989647865295 -0.8803422451019287 0.3224456310272217 -3.1414265632629395 3.3411684036254883 -1.0365562438964844
frame-000038.color.jpg 0.11819250751438592 0.32437777519226074 -0.8785390257835388 0.33011922240257263 -3.174274444580078 3.2610127925872803 -1.1000200510025024
frame-000039.color.jpg 0.09921717939307907 0.3047231435775757 -0.8868328332901001 0.3329072594642639 -3.0453686714172363 3.3234071731567383 -1.2083642482757568
frame-000040.color.jpg 0.076760008450705 0.2630719244480133 -0.8996564149856567 0.3398813009262085 -2.7471811771392822 3.4694511890411377 -1.3991585969924927
frame-000041.color.jpg 0.06592741297564822 0.24007362127304077 -0.9063351154327393 0.3414307236671448 -2.5942234992980957 3.542060136795044 -1.4693807363510132
frame-000042.color.jpg 0.06106504669363042 0.23978309333324432 -0.9103153347969055 0.3318149149417877 -2.6222450733184814 3.5376644134521484 -1.4008924961090088
frame-000043.color.jpg 0.05297476321029614 0.2684934139251709 -0.9073413014411926 0.31911879777908325 -2.856494426727295 3.384460926055908 -1.2940952777862549
frame-000044.color.jpg 0.06507963305836743 0.31607046723365784 -0.889022946357727 0.324811190366745 -3.208397388458252 3.030755043029785 -1.2543879747390747
frame-000045.color.jpg 0.07446989799304875 0.34555795788764954 -0.8727337121963501 0.33671921491622925 -3.414212942123413 2.766178607940674 -1.2645024061203003
frame-000046.color.jpg 0.1051419313535325 0.3882253170013428 -0.8505650162696838 0.3387705385684967 -3.6825220584869385 2.4245445728302 -1.0803862810134888
frame-000047.color.jpg 0.12482916111192592 0.3864279091358185 -0.8496326208114624 0.33647531270980835 -3.6804637908935547 2.4300005435943604 -1.0060746669769287
frame-000048.color.jpg 0.15864257180970265 0.3884125351905823 -0.8456157445907593 0.330003559589386 -3.686680316925049 2.4242730140686035 -0.8412736654281616
frame-000049.color.jpg 0.1982199739502741 0.407667875289917 -0.8347075581550598 0.31269630789756775 -3.75459361076355 2.353487253189087 -0.4949455261230469
frame-000050.color.jpg 0.2163665556029005 0.44011521339416504 -0.829427182674408 0.2674597203731537 -3.848621368408203 2.2249109745025635 -0.014060316607356071
frame-000051.color.jpg 0.20852448501461274 0.44861552119255066 -0.8340783715248108 0.24407975375652313 -3.835683822631836 2.195666790008545 0.13285121321678162
frame-000052.color.jpg 0.2227863035151643 0.4442582130432129 -0.8428300619125366 0.20649057626724243 -3.712700843811035 2.3121254444122314 0.4514526426792145
frame-000053.color.jpg 0.2032224925448277 0.4770544171333313 -0.8293183445930481 0.20820842683315277 -3.8476526737213135 1.970342755317688 0.46553564071655273
frame-000054.color.jpg 0.2128115322314142 0.5080450177192688 -0.8128582239151001 0.1893754005432129 -3.8901915550231934 1.7035419940948486 0.7412399649620056
frame-000055.color.jpg 0.2323583291551451 0.5370445251464844 -0.7910920977592468 0.17823058366775513 -3.8912057876586914 1.4361157417297363 1.0084120035171509
frame-000056.color.jpg 0.23325774308133207 0.586416482925415 -0.7577614188194275 0.16584384441375732 -3.920614719390869 0.9476521611213684 1.2434803247451782
frame-000057.color.jpg 0.22688769109650453 0.6009185314178467 -0.7501184940338135 0.15729287266731262 -3.918544292449951 0.8013091087341309 1.2986302375793457
frame-000058.color.jpg 0.2266280824957946 0.6195285320281982 -0.7358303070068359 0.15289847552776337 -3.897718667984009 0.6021384596824646 1.3846272230148315
frame-000059.color.jpg 0.22093113811963416 0.6393411159515381 -0.7227193117141724 0.14180684089660645 -3.8456876277923584 0.3931465446949005 1.4751728773117065
frame-000060.color.jpg 0.21681636251637865 0.6705659627914429 -0.6970536708831787 0.13209153711795807 -3.7933852672576904 0.08264021575450897 1.607468605041504
frame-000061.color.jpg 0.22104170334294504 0.6763728260993958 -0.6887717843055725 0.13875770568847656 -3.778285026550293 0.062170062214136124 1.6246780157089233
frame-000062.color.jpg 0.2307959981037036 0.6862675547599792 -0.6749999523162842 0.14193344116210938 -3.7164618968963623 -0.012547280639410019 1.742354154586792
frame-000063.color.jpg 0.22403459930278594 0.6899054050445557 -0.6716771721839905 0.15062816441059113 -3.7384753227233887 -0.048854582011699677 1.694064736366272
frame-000064.color.jpg 0.22218078961067536 0.68951016664505 -0.6733861565589905 0.14752164483070374 -3.734950065612793 -0.002644596854224801 1.7227365970611572
frame-000065.color.jpg 0.21073913409835082 0.6856077909469604 -0.683661937713623 0.13467463850975037 -3.750370740890503 0.07244723290205002 1.7418609857559204
frame-000066.color.jpg 0.194287879230783 0.686953067779541 -0.6878579258918762 0.1311456859111786 -3.807677745819092 0.062201954424381256 1.6884534358978271
frame-000067.color.jpg 0.20224963376607058 0.6894956231117249 -0.683761477470398 0.12712641060352325 -3.7805144786834717 0.0852532759308815 1.7830426692962646
frame-000068.color.jpg 0.20414123614956453 0.6909758448600769 -0.6803752779960632 0.13404563069343567 -3.7897303104400635 0.11107533425092697 1.7752964496612549
frame-000069.color.jpg 0.2095834545590559 0.6836639046669006 -0.6840702891349792 0.1439666599035263 -3.800860643386841 0.2933489978313446 1.705458164215088
frame-000070.color.jpg 0.20671093977636595 0.6736592650413513 -0.6956358551979065 0.1398017853498459 -3.7955732345581055 0.4431300759315491 1.6631253957748413
frame-000071.color.jpg 0.19742992813896323 0.6619119048118591 -0.7084454894065857 0.1449105441570282 -3.8206889629364014 0.6024283766746521 1.5465986728668213
frame-000072.color.jpg 0.19291951956713937 0.6477700471878052 -0.7201325297355652 0.15679648518562317 -3.834705114364624 0.7752287983894348 1.404825210571289
frame-000073.color.jpg 0.1845717607396318 0.637627899646759 -0.7326340675354004 0.15037012100219727 -3.8148751258850098 0.9025574326515198 1.3635843992233276
frame-000074.color.jpg 0.1782374067004269 0.6230702996253967 -0.745618462562561 0.15513841807842255 -3.80838942527771 1.0665205717086792 1.2542290687561035
frame-000075.color.jpg 0.16916393508534217 0.6082056164741516 -0.7595645189285278 0.15662452578544617 -3.800774574279785 1.2220213413238525 1.158944845199585
frame-000076.color.jpg 0.17284938306684242 0.6106762290000916 -0.7580767869949341 0.1500573605298996 -3.828447103500366 1.2320811748504639 1.2113672494888306
frame-000077.color.jpg 0.17875491162019091 0.6174636483192444 -0.751403272151947 0.1489247977733612 -3.878406286239624 1.2113505601882935 1.2601650953292847
frame-000078.color.jpg 0.1812782683043474 0.6295706033706665 -0.7411636114120483 0.14647676050662994 -3.9515457153320312 1.1086528301239014 1.3052600622177124
frame-000079.color.jpg 0.16816282266891378 0.6320752501487732 -0.7413071393966675 0.15055187046527863 -4.036860466003418 1.0742906332015991 1.1949118375778198
frame-000080.color.jpg 0.16813579492441197 0.6221093535423279 -0.7513414025306702 0.1421143114566803 -4.043385028839111 1.220399260520935 1.2019834518432617
frame-000081.color.jpg 0.16524404065461806 0.6106845140457153 -0.7609184980392456 0.14408966898918152 -4.063626289367676 1.3634003400802612 1.128560185432434
frame-000082.color.jpg 0.1474049532255192 0.5900277495384216 -0.7773168683052063 0.16098864376544952 -4.11250638961792 1.5914223194122314 0.85718834400177
frame-000083.color.jpg 0.13814340111732346 0.5661749839782715 -0.7954241037368774 0.1663215458393097 -4.099476337432861 1.868735909461975 0.7016648054122925
frame-000084.color.jpg 0.12814565020295351 0.5395635962486267 -0.8143194913864136 0.17127065360546112 -4.031045913696289 2.149538516998291 0.549564003944397
frame-000085.color.jpg 0.12472460367092258 0.5193099975585938 -0.8251171112060547 0.1842350959777832 -3.975767135620117 2.3439483642578125 0.37546706199645996
frame-000086.color.jpg 0.11684210967736548 0.48463547229766846 -0.8448094725608826 0.19435371458530426 -3.8328709602355957 2.663505792617798 0.16888266801834106
frame-000087.color.jpg 0.11268184094088463 0.4555140435695648 -0.8602402210235596 0.19949020445346832 -3.6878881454467773 2.9308080673217773 0.03208256885409355
frame-000088.color.jpg 0.10710844472317108 0.4454820156097412 -0.866101861000061 0.19985267519950867 -3.643514394760132 3.021591901779175 -0.029435990378260612
frame-000089.color.jpg 0.10698375713870746 0.4360954463481903 -0.872164249420166 0.19417735934257507 -3.613560199737549 3.1360228061676025 -0.016661180183291435
frame-000090.color.jpg 0.10927622057847058 0.440212219953537 -0.8708534240722656 0.18943646550178528 -3.6808218955993652 3.1381490230560303 0.036716826260089874
frame-000091.color.jpg 0.11803613437078828 0.4576716721057892 -0.8600481152534485 0.1921490728855133 -3.8526699542999268 3.021437883377075 0.07724230736494064
frame-000092.color.jpg 0.1264036231438536 0.47729170322418213 -0.8487318158149719 0.18939121067523956 -4.059144496917725 2.890591621398926 0.1643035113811493
frame-000093.color.jpg 0.1243101451767903 0.47938865423202515 -0.8449636697769165 0.20191557705402374 -4.142734050750732 2.8689568042755127 0.04009635001420975
frame-000094.color.jpg 0.12122468616512033 0.481942743062973 -0.84315425157547 0.2052478790283203 -4.173800468444824 2.8587515354156494 -0.008733965456485748
frame-000095.color.jpg 0.12286185454418577 0.48799896240234375 -0.8406545519828796 0.20015458762645721 -4.210324764251709 2.856846570968628 0.04537515342235565
frame-000096.color.jpg 0.12629944146664718 0.4862523674964905 -0.8391594290733337 0.20837126672267914 -4.206305503845215 2.899965763092041 -0.024786587804555893
frame-000097.color.jpg 0.12770370701836284 0.4875801205635071 -0.8355293869972229 0.21874192357063293 -4.228518486022949 2.8969228267669678 -0.11850182712078094
frame-000098.color.jpg 0.1306271742385895 0.4868478775024414 -0.8305232524871826 0.236953005194664 -4.240288257598877 2.8753538131713867 -0.2798263132572174
frame-000099.color.jpg 0.13612878698001962 0.48467928171157837 -0.826779305934906 0.2509799003601074 -4.24402379989624 2.8680434226989746 -0.38766852021217346
frame-000100.color.jpg 0.13365370609319105 0.49141451716423035 -0.8159556984901428 0.2736140787601471 -4.308804512023926 2.7383031845092773 -0.5792703032493591
frame-000101.color.jpg 0.13142359993654945 0.4973360300064087 -0.8078418374061584 0.28770843148231506 -4.353675365447998 2.629929304122925 -0.6944431066513062
frame-000102.color.jpg 0.12910286993867523 0.5069233775138855 -0.7953159809112549 0.3063228726387024 -4.4160027503967285 2.4591667652130127 -0.8317994475364685
frame-000103.color.jpg 0.1331398983588786 0.5095210671424866 -0.7924312353134155 0.30775782465934753 -4.425159454345703 2.436896562576294 -0.8096421360969543
frame-000104.color.jpg 0.13702794104559596 0.516086220741272 -0.7869874835014343 0.3090779483318329 -4.447271347045898 2.3733067512512207 -0.7723397612571716
frame-000105.color.jpg 0.141632459187597 0.5277767181396484 -0.7837185859680176 0.29525789618492126 -4.500855445861816 2.3172242641448975 -0.5955316424369812
frame-000106.color.jpg 0.1388595553505381 0.5351324677467346 -0.7780550718307495 0.29829785227775574 -4.5292792320251465 2.223282814025879 -0.6019338369369507
frame-000107.color.jpg 0.13728028383564708 0.5455518960952759 -0.7726683616638184 0.294126957654953 -4.562673568725586 2.1281166076660156 -0.534383237361908
frame-000108.color.jpg 0.13771291820976247 0.5677182078361511 -0.7649195790290833 0.27134695649147034 -4.633739471435547 1.968650460243225 -0.2665972113609314
frame-000109.color.jpg 0.14079797738516767 0.5811410546302795 -0.7589133381843567 0.257878839969635 -4.664658069610596 1.8612383604049683 -0.09719721227884293
frame-000110.color.jpg 0.14396059074241058 0.5950765609741211 -0.7513705492019653 0.2461739033460617 -4.68989372253418 1.7385388612747192 0.059070684015750885
frame-000111.color.jpg 0.14168497236051172 0.5998637080192566 -0.7495930790901184 0.24124450981616974 -4.694626331329346 1.686904788017273 0.10252376645803452
frame-000112.color.jpg 0.14549022112792317 0.6049525141716003 -0.7478605508804321 0.23145093023777008 -4.694834232330322 1.6575547456741333 0.21822941303253174
frame-000113.color.jpg 0.14763298158734586 0.6094631552696228 -0.7447123527526855 0.22839146852493286 -4.693674564361572 1.6130998134613037 0.2687273621559143
frame-000114.color.jpg 0.15166555854117703 0.61923748254776 -0.7379873394966125 0.22117216885089874 -4.698522090911865 1.523553729057312 0.3800307512283325
frame-000115.color.jpg 0.15666902195929855 0.627477765083313 -0.7314726710319519 0.21604210138320923 -4.69410514831543 1.4421097040176392 0.4673410654067993
frame-000116.color.jpg 0.16006233563197708 0.6338016986846924 -0.726510226726532 0.2117980420589447 -4.685420036315918 1.3819350004196167 0.5390145778656006
frame-000117.color.jpg 0.16191456789882086 0.6392052173614502 -0.7219716310501099 0.20966000854969025 -4.688171863555908 1.3244516849517822 0.5820446014404297
frame-000118.color.jpg 0.16330204511401852 0.6434574723243713 -0.7201786637306213 0.20158794522285461 -4.673015117645264 1.2977852821350098 0.6646586060523987
frame-000119.color.jpg 0.16908486293875497 0.6500235199928284 -0.7146442532539368 0.19535477459430695 -4.661157131195068 1.2332782745361328 0.7602028250694275
frame-000120.color.jpg 0.16809490053156595 0.6539710164070129 -0.7111063003540039 0.19594351947307587 -4.651447296142578 1.1870651245117188 0.7653610706329346
frame-000121.color.jpg 0.1754693531899884 0.6610941886901855 -0.7027312517166138 0.19578997790813446 -4.629056930541992 1.1171448230743408 0.8357917666435242
frame-000122.color.jpg 0.18374793589160435 0.6606596112251282 -0.7018677592277527 0.19273631274700165 -4.58879280090332 1.135499358177185 0.8988102078437805
frame-000123.color.jpg 0.1836765730553335 0.6615929007530212 -0.7003127336502075 0.19524310529232025 -4.573597431182861 1.1125898361206055 0.8886961936950684
frame-000124.color.jpg 0.1840752082121037 0.6640787720680237 -0.6988201141357422 0.19174519181251526 -4.550280570983887 1.0834016799926758 0.931202232837677
frame-000125.color.jpg 0.18898908178064797 0.6687597632408142 -0.6953541040420532 0.18310107290744781 -4.5053863525390625 1.0334571599960327 1.0489811897277832
frame-000126.color.jpg 0.19539386921681545 0.660364031791687 -0.7044141888618469 0.1718755066394806 -4.410947322845459 1.12321138381958 1.1446242332458496
frame-000127.color.jpg 0.170801528596883 0.6553307175636292 -0.71757972240448 0.1626279205083847 -4.369023323059082 1.1366559267044067 1.0742133855819702
frame-000128.color.jpg 0.16552502740278863 0.6628327965736389 -0.712900698184967 0.15819840133190155 -4.346879959106445 1.0341473817825317 1.1117645502090454
frame-000129.color.jpg 0.17155696536104503 0.6673601865768433 -0.7056477069854736 0.16510583460330963 -4.323779106140137 0.9767189621925354 1.120866060256958
frame-000130.color.jpg 0.18680367142090404 0.6726021766662598 -0.696533739566803 0.1659860610961914 -4.257174015045166 0.9375303983688354 1.224465012550354
frame-000131.color.jpg 0.18268735414578516 0.6793867945671082 -0.6918343901634216 0.16255466639995575 -4.213229179382324 0.8555933237075806 1.2455713748931885
frame-000132.color.jpg 0.17971096911887044 0.687365710735321 -0.6881262063980103 0.1473587304353714 -4.140729904174805 0.7843741774559021 1.3388704061508179
frame-000133.color.jpg 0.1755664088460368 0.6914709806442261 -0.6851038336753845 0.14723117649555206 -4.10798978805542 0.7441367506980896 1.323090672492981
frame-000134.color.jpg 0.1743659442711014 0.6896520853042603 -0.6862949132919312 0.15157774090766907 -4.087368488311768 0.7611567378044128 1.2833689451217651
frame-000135.color.jpg 0.18112386861457144 0.6888461112976074 -0.6871927976608276 0.14300817251205444 -4.003328800201416 0.8001310229301453 1.357301115989685
frame-000136.color.jpg 0.18316423214438726 0.6945571899414062 -0.6798942685127258 0.14759764075279236 -3.9844415187835693 0.7349361777305603 1.3469040393829346
frame-000137.color.jpg 0.18213752575781958 0.7015960812568665 -0.673001766204834 0.14716452360153198 -3.9564483165740967 0.6559997200965881 1.3625653982162476
frame-000138.color.jpg 0.1859217513516291 0.715816080570221 -0.6577469110488892 0.14286155998706818 -3.9081215858459473 0.5010644793510437 1.438585638999939
frame-000139.color.jpg 0.18576268525927125 0.7241477370262146 -0.6495821475982666 0.13836680352687836 -3.877716541290283 0.41225793957710266 1.4841481447219849
frame-000140.color.jpg 0.18956428727907018 0.7324197888374329 -0.6401889324188232 0.13335883617401123 -3.833045244216919 0.3269069194793701 1.5526149272918701
frame-000141.color.jpg 0.1901365018625391 0.739026665687561 -0.6324805021286011 0.13287632167339325 -3.8119142055511475 0.25074130296707153 1.5729751586914062
frame-000142.color.jpg 0.19149450640511598 0.7458900809288025 -0.6244677305221558 0.1304527223110199 -3.7810122966766357 0.17236973345279694 1.610868215560913
frame-000143.color.jpg 0.19239593488620857 0.7545281648635864 -0.6146481037139893 0.12601140141487122 -3.7406256198883057 0.07542799413204193 1.6641486883163452
frame-000144.color.jpg 0.19343135354795285 0.7781456708908081 -0.5848512649536133 0.12256673723459244 -3.642390012741089 -0.20815616846084595 1.756317138671875
frame-000145.color.jpg 0.1958427889384577 0.785691499710083 -0.5742455124855042 0.1207330971956253 -3.5930120944976807 -0.30162161588668823 1.800424337387085
frame-000146.color.jpg 0.1989591887680239 0.7940094470977783 -0.5623002052307129 0.11739975959062576 -3.5370349884033203 -0.4052237272262573 1.8536537885665894
frame-000147.color.jpg 0.20053666579581694 0.8068303465843201 -0.5437749028205872 0.11453673243522644 -3.4557344913482666 -0.5606996417045593 1.9207533597946167
frame-000148.color.jpg 0.2052681787161438 0.8166787624359131 -0.5277953743934631 0.11105269938707352 -3.3811750411987305 -0.6789293885231018 1.9946779012680054
frame-000149.color.jpg 0.20670720746720606 0.8289190530776978 -0.5071271657943726 0.11396247893571854 -3.311607837677002 -0.8419612646102905 2.0338053703308105
frame-000150.color.jpg 0.21820319998225243 0.8442368507385254 -0.47831785678863525 0.10422837734222412 -3.141590118408203 -1.0159883499145508 2.1901564598083496
frame-000151.color.jpg 0.22313609101459955 0.8627747297286987 -0.44348204135894775 0.0956755056977272 -2.929410934448242 -1.2409025430679321 2.32686185836792
frame-000152.color.jpg 0.22957512860266105 0.8740022778511047 -0.4177810251712799 0.094203881919384 -2.77776837348938 -1.3767813444137573 2.4106874465942383
frame-000153.color.jpg 0.24474167401546904 0.8945382237434387 -0.3658832907676697 0.0776679664850235 -2.4174368381500244 -1.576341152191162 2.6297812461853027
frame-000154.color.jpg 0.2532388918357483 0.8944181203842163 -0.3600803315639496 0.07892078906297684 -2.37974214553833 -1.565131425857544 2.6736576557159424
frame-000155.color.jpg 0.26068822869447744 0.9019039869308472 -0.3376847207546234 0.06767416000366211 -2.2042744159698486 -1.6499388217926025 2.7690908908843994
frame-000156.color.jpg 0.28655089270734824 0.9155447483062744 -0.279745876789093 0.03753293305635452 -1.7228026390075684 -1.8299559354782104 3.0260798931121826
frame-000157.color.jpg 0.28663083888499274 0.9213172197341919 -0.2603234648704529 0.03534206002950668 -1.5837842226028442 -1.9164868593215942 3.0613961219787598
frame-000158.color.jpg 0.2883618681967271 0.9273080825805664 -0.23611010611057281 0.034628406167030334 -1.422073245048523 -2.009615182876587 3.095682144165039
frame-000159.color.jpg 0.2890923151350636 0.9322564005851746 -0.21620197594165802 0.024089861661195755 -1.2520043849945068 -2.06440806388855 3.135568141937256
frame-000160.color.jpg 0.2919326054353996 0.9327536225318909 -0.21067851781845093 0.018987443298101425 -1.1853642463684082 -2.07147216796875 3.153120994567871
frame-000161.color.jpg 0.2976607545839075 0.9340905547142029 -0.19611507654190063 0.02028878778219223 -1.0809299945831299 -2.057826280593872 3.17748761177063
frame-000162.color.jpg 0.30891786988875336 0.9328562617301941 -0.18480613827705383 0.013989458791911602 -0.9237738847732544 -1.972353458404541 3.205873489379883
frame-000163.color.jpg 0.3085690965224963 0.9370453357696533 -0.16236624121665955 0.019189782440662384 -0.7819450497627258 -1.9842097759246826 3.1844193935394287
frame-000164.color.jpg 0.3020787857751207 0.942887008190155 -0.1395341455936432 0.01557635422796011 -0.6130876541137695 -2.036055326461792 3.1501500606536865
frame-000165.color.jpg 0.30744958966762637 0.9443780183792114 -0.11637315899133682 0.009072070010006428 -0.40225839614868164 -1.9897078275680542 3.1466517448425293
frame-000166.color.jpg 0.3278708330248923 0.9354150891304016 -0.13139329850673676 0.015330247581005096 -0.497130423784256 -1.7935657501220703 3.2027904987335205
frame-000167.color.jpg 0.32786981944735594 0.9338582754135132 -0.14128480851650238 0.021182026714086533 -0.5796290636062622 -1.7552510499954224 3.182798147201538
frame-000168.color.jpg 0.3244937606521746 0.9309609532356262 -0.16201263666152954 0.04204128310084343 -0.8050094246864319 -1.7088528871536255 3.128601551055908
frame-000169.color.jpg 0.3165650265236075 0.932525098323822 -0.16886557638645172 0.040839534252882004 -0.853320837020874 -1.7093911170959473 3.058262586593628
frame-000170.color.jpg 0.3138023132574728 0.9308627247810364 -0.18319201469421387 0.03825366124510765 -0.9505812525749207 -1.629637360572815 2.9777979850769043
frame-000171.color.jpg 0.3243604767460338 0.9247487783432007 -0.19284160435199738 0.04941781237721443 -1.052636981010437 -1.5254502296447754 2.978050470352173
frame-000172.color.jpg 0.3245256711561175 0.9200745224952698 -0.21546486020088196 0.0414825975894928 -1.1726651191711426 -1.4517966508865356 2.9526515007019043
frame-000173.color.jpg 0.33507416094124004 0.9056565761566162 -0.2554440498352051 0.047537289559841156 -1.4296298027038574 -1.2421387434005737 2.934807300567627
frame-000174.color.jpg 0.33708994949649934 0.8947433829307556 -0.2894245982170105 0.04514627531170845 -1.6009901762008667 -1.0972005128860474 2.9093568325042725
frame-000175.color.jpg 0.30604764993498246 0.882349967956543 -0.3492721915245056 0.07617318630218506 -2.0299696922302246 -0.9366048574447632 2.574608325958252
frame-000176.color.jpg 0.27918921206442776 0.8647271394729614 -0.4102801978588104 0.07726840674877167 -2.30051851272583 -0.7514061331748962 2.354160785675049
frame-000177.color.jpg 0.26242781066768744 0.8472015857696533 -0.45333990454673767 0.08867950737476349 -2.5042312145233154 -0.5514911413192749 2.1624743938446045
frame-000178.color.jpg 0.25439194679270155 0.8416231274604797 -0.4659404754638672 0.09927075356245041 -2.5717692375183105 -0.48836687207221985 2.0638601779937744
frame-000179.color.jpg 0.23634388346673577 0.83152836561203 -0.49028119444847107 0.11102533340454102 -2.7413573265075684 -0.3844747245311737 1.8782600164413452
frame-000180.color.jpg 0.23270997988022946 0.8232148885726929 -0.5041975378990173 0.11810136586427689 -2.8734798431396484 -0.25304222106933594 1.785584807395935
frame-000181.color.jpg 0.22901178724664295 0.820634663105011 -0.5091578960418701 0.12194469571113586 -2.9600203037261963 -0.18587592244148254 1.7255324125289917
frame-000182.color.jpg 0.23024129216630876 0.8196753263473511 -0.5098732113838196 0.12308764457702637 -3.01855731010437 -0.1526632308959961 1.6813181638717651
frame-000183.color.jpg 0.2308507454414611 0.8227953314781189 -0.505152702331543 0.12056794762611389 -3.041806221008301 -0.1433684527873993 1.6727720499038696
frame-000184.color.jpg 0.24900272326954298 0.8211593627929688 -0.49853086471557617 0.12313349545001984 -3.026843786239624 -0.05705251544713974 1.7049835920333862
frame-000185.color.jpg 0.2579437264998613 0.8210645914077759 -0.4949236810207367 0.11986877769231796 -3.008784532546997 0.011982133612036705 1.7392200231552124
frame-000186.color.jpg 0.2575704243034358 0.825063943862915 -0.48975250124931335 0.11432193219661713 -2.9762306213378906 0.04604458436369896 1.738651156425476
frame-000187.color.jpg 0.2711016904084079 0.8207424879074097 -0.4901790916919708 0.11229480803012848 -2.9349520206451416 0.21969768404960632 1.7162033319473267
frame-000188.color.jpg 0.2757914048619304 0.8126528859138489 -0.5012677907943726 0.11074820905923843 -2.952486991882324 0.3640337586402893 1.6735488176345825
frame-000189.color.jpg 0.2703458964508811 0.8126057386398315 -0.5049616694450378 0.10769706219434738 -2.9745426177978516 0.39603322744369507 1.6256821155548096
frame-000190.color.jpg 0.27274811287435874 0.8165468573570251 -0.49464818835258484 0.11909152567386627 -3.033616304397583 0.37832191586494446 1.5701009035110474
frame-000191.color.jpg 0.2849309827286182 0.8425737023353577 -0.44574466347694397 0.10097302496433258 -2.9545786380767822 0.14731183648109436 1.7754348516464233
frame-000192.color.jpg 0.29830141379249425 0.8569613099098206 -0.4117148816585541 0.08440560102462769 -2.838944911956787 0.0075794123113155365 1.9340746402740479
frame-000193.color.jpg 0.3042468250317904 0.8668140769004822 -0.38916972279548645 0.06792664527893066 -2.7625224590301514 -0.04882539063692093 2.016792058944702
frame-000194.color.jpg 0.3089555113454495 0.8663187623023987 -0.38704222440719604 0.06509106606245041 -2.7488725185394287 0.01977994479238987 1.9976060390472412
frame-000195.color.jpg 0.2997980746717802 0.8666410446166992 -0.3933216631412506 0.06597383320331573 -2.7854421138763428 0.10209457576274872 1.9183820486068726
frame-000196.color.jpg 0.29430495566056575 0.8658656477928162 -0.39930570125579834 0.06493323296308517 -2.8040289878845215 0.14664778113365173 1.8748853206634521
frame-000197.color.jpg 0.298719874919033 0.8607218861579895 -0.40702012181282043 0.06526046991348267 -2.8115859031677246 0.2136385291814804 1.8570140600204468
frame-000198.color.jpg 0.2892172731944375 0.8376228213310242 -0.45578330755233765 0.08368297666311264 -2.9354660511016846 0.5170689821243286 1.6422287225723267
frame-000199.color.jpg 0.2858589323470967 0.816016435623169 -0.48849961161613464 0.11734501272439957 -3.032771110534668 0.7179120182991028 1.3583238124847412
frame-000200.color.jpg 0.2736905003675745 0.7945829033851624 -0.5266404747962952 0.12798930704593658 -3.063697099685669 0.9667767882347107 1.1858649253845215
frame-000201.color.jpg 0.25190597340817744 0.7676264643669128 -0.5678291916847229 0.15768088400363922 -3.0742928981781006 1.2121009826660156 0.8790713548660278
frame-000202.color.jpg 0.24993882755848826 0.734574019908905 -0.6075326800346375 0.16981013119220734 -3.0852627754211426 1.489471197128296 0.7015806436538696
frame-000203.color.jpg 0.23354370983748415 0.7167839407920837 -0.6336932182312012 0.17352524399757385 -3.0604496002197266 1.6519911289215088 0.5950735211372375
frame-000204.color.jpg 0.22423198305064482 0.6954244375228882 -0.658114492893219 0.18163210153579712 -3.0329718589782715 1.7923728227615356 0.47176793217658997
frame-000205.color.jpg 0.21773061455691503 0.6693785190582275 -0.6886447072029114 0.17405195534229279 -2.9328269958496094 2.021595001220703 0.43523934483528137
frame-000206.color.jpg 0.2085782321038737 0.653037965297699 -0.7097262740135193 0.16225050389766693 -2.860970973968506 2.1719608306884766 0.45222267508506775
frame-000207.color.jpg 0.19219788019278064 0.6382977962493896 -0.7287872433662415 0.15654043853282928 -2.7961745262145996 2.28159236907959 0.4211917519569397
frame-000208.color.jpg 0.18385515409580727 0.6366211771965027 -0.731978714466095 0.15848630666732788 -2.816392421722412 2.280226945877075 0.38520577549934387
frame-000209.color.jpg 0.18338689328145522 0.6311171650886536 -0.737371027469635 0.1560267060995102 -2.8225252628326416 2.2938790321350098 0.394070029258728
frame-000210.color.jpg 0.18254166865833188 0.631598711013794 -0.7375594973564148 0.15416719019412994 -2.835972309112549 2.280747413635254 0.4102729260921478
frame-000211.color.jpg 0.1807696820793664 0.6353811025619507 -0.7361719012260437 0.14718768000602722 -2.9043517112731934 2.2275590896606445 0.47916480898857117
frame-000212.color.jpg 0.18284381800142477 0.6421249508857727 -0.7302451729774475 0.14486432075500488 -2.978214740753174 2.1347310543060303 0.5421127080917358
frame-000213.color.jpg 0.18336755729241627 0.6446047425270081 -0.7275968790054321 0.14650537073612213 -3.009934425354004 2.088580369949341 0.5412790775299072
frame-000214.color.jpg 0.1799647321648057 0.6475440263748169 -0.7255600094795227 0.14785805344581604 -3.043247699737549 2.0498623847961426 0.53904789686203
frame-000215.color.jpg 0.18134884283269284 0.6433351039886475 -0.726283073425293 0.1604541391134262 -3.0778448581695557 2.044389009475708 0.4572945535182953
frame-000216.color.jpg 0.17426675465605793 0.6318050622940063 -0.7345094680786133 0.17592409253120422 -3.0845868587493896 2.101903200149536 0.3228500783443451
frame-000217.color.jpg 0.17149589523480474 0.6109504699707031 -0.7494004368782043 0.18901769816875458 -3.0460915565490723 2.242624282836914 0.18641112744808197
frame-000218.color.jpg 0.16612163877815025 0.5939906239509583 -0.7626782655715942 0.19468054175376892 -3.001115083694458 2.3794031143188477 0.09764771163463593
frame-000219.color.jpg 0.14198564684613443 0.5354307889938354 -0.8091629147529602 0.1959829479455948 -2.709479808807373 2.8315939903259277 -0.08100792020559311
frame-000220.color.jpg 0.1339309748639603 0.5240887403488159 -0.8182733058929443 0.1944795548915863 -2.6387977600097656 2.918475866317749 -0.09924368560314178
frame-000221.color.jpg 0.1282837374560064 0.5017861723899841 -0.831384539604187 0.20137935876846313 -2.503737449645996 3.0536701679229736 -0.2071436494588852
frame-000222.color.jpg 0.11567159792572276 0.4224908947944641 -0.8688868284225464 0.23055849969387054 -1.9774513244628906 3.442124843597412 -0.5918493866920471
frame-000223.color.jpg 0.10759058578731735 0.40737515687942505 -0.8758959770202637 0.23510874807834625 -1.8593707084655762 3.498934507369995 -0.657909631729126
frame-000224.color.jpg 0.07945695922086461 0.36938080191612244 -0.8941788077354431 0.24018463492393494 -1.523318886756897 3.6867191791534424 -0.7584292888641357
frame-000225.color.jpg 0.06056434249375084 0.3159104883670807 -0.9130697250366211 0.25067150592803955 -1.0390968322753906 3.866267681121826 -0.8902389407157898
frame-000226.color.jpg 0.0592002987691724 0.260196328163147 -0.9288120269775391 0.2571019232273102 -0.5712336301803589 3.986222267150879 -0.9924073815345764
frame-000227.color.jpg 0.05333438535318262 0.23553086817264557 -0.9365456104278564 0.254092276096344 -0.36087295413017273 4.030740261077881 -0.9857526421546936
frame-000228.color.jpg 0.0396453681012978 0.20751094818115234 -0.9480793476104736 0.2377246469259262 -0.11532222479581833 4.141111373901367 -0.8583399057388306
frame-000229.color.jpg 0.04974893308660544 0.19056068360805511 -0.9532262086868286 0.22928470373153687 0.02890823222696781 4.190673828125 -0.8403387069702148
frame-000230.color.jpg 0.04427613900682288 0.18025439977645874 -0.9598878026008606 0.21015052497386932 0.12039791792631149 4.25644063949585 -0.7000806927680969
frame-000231.color.jpg 0.04893941647743868 0.16997632384300232 -0.9632250070571899 0.20226357877254486 0.19941399991512299 4.301316261291504 -0.6721845865249634
frame-000232.color.jpg 0.04206198556161103 0.16108809411525726 -0.9645981192588806 0.20452818274497986 0.2626090943813324 4.345008373260498 -0.6884889602661133
frame-000233.color.jpg 0.019676325434508504 0.11379297077655792 -0.9676139950752258 0.22447068989276886 0.6708956956863403 4.328951835632324 -0.8291222453117371
frame-000234.color.jpg 0.011303855636629018 0.0910511314868927 -0.9703890681266785 0.22344335913658142 0.8812910318374634 4.328778266906738 -0.8095069527626038
frame-000235.color.jpg 0.017035927761247596 0.07408417761325836 -0.9714006781578064 0.22494888305664062 1.0640321969985962 4.311270236968994 -0.8569649457931519
frame-000236.color.jpg 0.018302209458388632 0.06863712519407272 -0.9706549048423767 0.2297457754611969 1.119735836982727 4.293802738189697 -0.9042819738388062
frame-000237.color.jpg 0.019780255703930643 0.06249063462018967 -0.9695240259170532 0.23606520891189575 1.188908338546753 4.283857345581055 -0.9666048884391785
frame-000238.color.jpg 0.016151278261327198 0.05200653895735741 -0.9667973518371582 0.24967452883720398 1.2856029272079468 4.291314125061035 -1.0646734237670898
frame-000239.color.jpg 0.005891841336096794 0.04031021147966385 -0.9639937877655029 0.26278555393218994 1.4018443822860718 4.294728755950928 -1.1279006004333496
frame-000240.color.jpg 0.008714641091924854 0.03975469246506691 -0.9563353061676025 0.2894245386123657 1.4023253917694092 4.266923427581787 -1.3625664710998535
frame-000241.color.jpg 0.0002948800666851181 0.04294198751449585 -0.9497963190078735 0.3099076747894287 1.3812367916107178 4.246553897857666 -1.5165024995803833
frame-000242.color.jpg 0.0007097283390119488 0.048107702285051346 -0.9435755610466003 0.3276434540748596 1.3373076915740967 4.217319011688232 -1.6672489643096924
frame-000243.color.jpg 0.00940423851774531 -0.04965734854340553 0.9403632283210754 -0.33639663457870483 1.3335338830947876 4.204382419586182 -1.7229790687561035
