frame-000000.color.jpg 0.3705364661916572 0.9132726192474365 0.1632862240076065 -0.044422876089811325 1.1548556089401245 1.2037861347198486 0.8621841669082642
frame-000001.color.jpg 0.3728968922240328 0.9087392091751099 0.1742061972618103 -0.06923174858093262 1.1799918413162231 1.2317554950714111 0.7859688997268677
frame-000002.color.jpg 0.3701047143815671 0.9063816666603088 0.18584945797920227 -0.08339538425207138 1.1771087646484375 1.2514511346817017 0.753949761390686
frame-000003.color.jpg 0.37099747411044487 0.905019223690033 0.1894397884607315 -0.08610191941261292 1.1647167205810547 1.2560220956802368 0.7485501170158386
frame-000004.color.jpg 0.3762421016165469 0.9008795022964478 0.1989331841468811 -0.08534353226423264 1.1327202320098877 1.2841933965682983 0.7356479167938232
frame-000005.color.jpg 0.37373318139983014 0.8987029790878296 0.212839737534523 -0.08576478809118271 1.1020145416259766 1.306207299232483 0.7322685122489929
frame-000006.color.jpg 0.37283804639256196 0.8982712626457214 0.2149554193019867 -0.08885268121957779 1.1009045839309692 1.304634928703308 0.7215614914894104
frame-000007.color.jpg 0.37381599754274836 0.8965006470680237 0.2204309105873108 -0.08920907229185104 1.0880696773529053 1.3173781633377075 0.7185927033424377
frame-000008.color.jpg 0.3686985037448262 0.8981766104698181 0.22089193761348724 -0.09245014190673828 1.1005165576934814 1.3067153692245483 0.7189083099365234
frame-000009.color.jpg 0.36614946921555885 0.8975916504859924 0.22770282626152039 -0.09173481911420822 1.094847559928894 1.3149006366729736 0.7215810418128967
frame-000010.color.jpg 0.3661433680067664 0.8971439599990845 0.22967223823070526 -0.09122685343027115 1.0925276279449463 1.3211209774017334 0.7210565805435181
frame-000011.color.jpg 0.3671057220863311 0.8969539999961853 0.22870033979415894 -0.09166775643825531 1.0989383459091187 1.31917405128479 0.7199464440345764
frame-000012.color.jpg 0.3664103643577031 0.8967746496200562 0.23096483945846558 -0.0905207097530365 1.0977206230163574 1.31979238986969 0.7243284583091736
frame-000013.color.jpg 0.3654267548434506 0.8970845341682434 0.23041591048240662 -0.09279533475637436 1.1065069437026978 1.3180454969406128 0.7226965427398682
frame-000014.color.jpg 0.36733557756188084 0.896224319934845 0.23186755180358887 -0.08991051465272903 1.0980440378189087 1.3251394033432007 0.7242896556854248
frame-000015.color.jpg 0.36887535123574533 0.895481288433075 0.2332107126712799 -0.08750465512275696 1.092537760734558 1.331339955329895 0.7291412353515625
frame-000016.color.jpg 0.3676910165735185 0.8965268135070801 0.22997510433197021 -0.09030240774154663 1.1050106287002563 1.3221386671066284 0.7257691025733948
frame-000017.color.jpg 0.36688737743273975 0.896680474281311 0.23015962541103363 -0.09156554937362671 1.106441855430603 1.3211920261383057 0.7240265011787415
frame-000018.color.jpg 0.36883756727299244 0.8964623212814331 0.2274893969297409 -0.09253455698490143 1.114608645439148 1.318283200263977 0.7193555235862732
frame-000019.color.jpg 0.3688435506977414 0.8959262371063232 0.22920705378055573 -0.09346043318510056 1.1130188703536987 1.3227044343948364 0.7170669436454773
frame-000020.color.jpg 0.37176063750606775 0.8960140347480774 0.22658126056194305 -0.0872572585940361 1.0962897539138794 1.323891043663025 0.7229374051094055
frame-000021.color.jpg 0.37767242117589 0.8963216543197632 0.2181096374988556 -0.07999501377344131 1.081953763961792 1.3247262239456177 0.7325377464294434
frame-000022.color.jpg 0.3834525899894977 0.8972362279891968 0.20694038271903992 -0.07146333903074265 1.0676199197769165 1.318822979927063 0.7515111565589905
frame-000023.color.jpg 0.3855904141817903 0.9006432890892029 0.19066983461380005 -0.061698414385318756 1.0606884956359863 1.2990598678588867 0.7826284170150757
frame-000024.color.jpg 0.3856050429152959 0.9037206768989563 0.17768530547618866 -0.05500466749072075 1.0531885623931885 1.2871589660644531 0.8029343485832214
frame-000025.color.jpg 0.39138092976618244 0.9042990207672119 0.16343921422958374 -0.048496589064598083 1.0496113300323486 1.2807062864303589 0.813464879989624
frame-000026.color.jpg 0.4013869018789479 0.9019039869308472 0.1523791253566742 -0.047310721129179 1.0529274940490723 1.294717788696289 0.7984112501144409
frame-000027.color.jpg 0.4126029412204637 0.8984078764915466 0.14264845848083496 -0.0476815402507782 1.060450553894043 1.3058373928070068 0.771084189414978
frame-000028.color.jpg 0.42546852555207654 0.8941812515258789 0.13128626346588135 -0.04669436812400818 1.0692840814590454 1.318226933479309 0.747905969619751
frame-000029.color.jpg 0.43593565352887426 0.8895736336708069 0.12602457404136658 -0.052315063774585724 1.0828216075897217 1.3339155912399292 0.7118373513221741
frame-000030.color.jpg 0.443680610479147 0.885280430316925 0.12690354883670807 -0.05763288214802742 1.0951943397521973 1.3561457395553589 0.6732847690582275
frame-000031.color.jpg 0.4454248946183532 0.8840939402580261 0.12779684364795685 -0.06035272032022476 1.102349877357483 1.3685534000396729 0.656272292137146
frame-000032.color.jpg 0.44555808920098966 0.8843076825141907 0.12693311274051666 -0.05801475793123245 1.1041980981826782 1.375217318534851 0.6586616635322571
frame-000033.color.jpg 0.4464710814720049 0.8840768933296204 0.12552151083946228 -0.0575842410326004 1.1160023212432861 1.3875195980072021 0.6549253463745117
frame-000034.color.jpg 0.442311662515075 0.8855431079864502 0.12927177548408508 -0.058843959122896194 1.1242119073867798 1.3886665105819702 0.6535436511039734
frame-000035.color.jpg 0.4436305048392469 0.8848223090171814 0.1294068694114685 -0.05945770815014839 1.153577208518982 1.4087040424346924 0.6398808360099792
frame-000036.color.jpg 0.4484988685952855 0.8813008069992065 0.13166087865829468 -0.06944885849952698 1.2010657787322998 1.4312381744384766 0.5926196575164795
frame-000037.color.jpg 0.44803458160358123 0.8815917372703552 0.12964116036891937 -0.07248619198799133 1.2383010387420654 1.4422779083251953 0.5768671035766602
frame-000038.color.jpg 0.44204339497738415 0.8850700259208679 0.12644094228744507 -0.07253486663103104 1.2611230611801147 1.4348918199539185 0.5820696949958801
frame-000039.color.jpg 0.43489490553833 0.8888394832611084 0.12809084355831146 -0.066509909927845 1.256015419960022 1.4566395282745361 0.596762478351593
frame-000040.color.jpg 0.4260514273119957 0.8913500308990479 0.13174696266651154 -0.08135152608156204 1.2753479480743408 1.4922876358032227 0.5594490766525269
frame-000041.color.jpg 0.4349588824933523 0.8827071189880371 0.14552362263202667 -0.10228265821933746 1.2808078527450562 1.5638973712921143 0.3982827961444855
frame-000042.color.jpg 0.4430740147212995 0.8781933188438416 0.15233154594898224 -0.09621262550354004 1.2541069984436035 1.6120938062667847 0.34984290599823
frame-000043.color.jpg 0.4415397920904011 0.8803479075431824 0.14691899716854095 -0.09189649671316147 1.2678126096725464 1.6269572973251343 0.3311963975429535
frame-000044.color.jpg 0.44897730815072073 0.879092276096344 0.13448701798915863 -0.08677227795124054 1.3015700578689575 1.6249877214431763 0.30634215474128723
frame-000045.color.jpg 0.45245928029895116 0.8794951438903809 0.11906381696462631 -0.08713696897029877 1.3748247623443604 1.6044859886169434 0.28072741627693176
frame-000046.color.jpg 0.45228035303945174 0.8801878094673157 0.11228369176387787 -0.09002386778593063 1.4205840826034546 1.587123155593872 0.2704566419124603
frame-000047.color.jpg 0.45416906598972323 0.8795722723007202 0.10850036889314651 -0.09116411954164505 1.4494963884353638 1.571092963218689 0.23789288103580475
frame-000048.color.jpg 0.4530662001872852 0.8813834190368652 0.10402681678533554 -0.08409861475229263 1.4605716466903687 1.5718837976455688 0.25406667590141296
frame-000049.color.jpg 0.4544025960698283 0.8824697136878967 0.0949539989233017 -0.07582435011863708 1.4635123014450073 1.5608803033828735 0.287903368473053
frame-000050.color.jpg 0.4564945807052817 0.8829731345176697 0.08721988648176193 -0.06605891138315201 1.4726841449737549 1.5588921308517456 0.32035019993782043
frame-000051.color.jpg 0.4577111273584919 0.8840706944465637 0.07424766570329666 -0.05836759880185127 1.4835357666015625 1.5339893102645874 0.3595196306705475
frame-000052.color.jpg 0.45996393577542904 0.8846375346183777 0.057603806257247925 -0.050313062965869904 1.4847677946090698 1.498016119003296 0.3955494165420532
frame-000053.color.jpg 0.4560251856646841 0.888057291507721 0.04183889925479889 -0.040556397289037704 1.4827386140823364 1.4835835695266724 0.4658534824848175
frame-000054.color.jpg 0.45340846993836326 0.890258252620697 0.028475753962993622 -0.03240493685007095 1.4580903053283691 1.4478001594543457 0.5290027260780334
frame-000055.color.jpg 0.45402239017030105 0.890633225440979 0.009866928681731224 -0.023212142288684845 1.4468166828155518 1.4041343927383423 0.5854992866516113
frame-000056.color.jpg 0.45320275480856625 0.891240119934082 -0.007322581950575113 -0.015647580847144127 1.4321461915969849 1.3649694919586182 0.6445333957672119
frame-000057.color.jpg 0.4501305305851119 0.8927944302558899 -0.01430486049503088 -0.009798982180655003 1.4015381336212158 1.3479540348052979 0.6846855878829956
frame-000058.color.jpg 0.45212554447766384 0.8916310667991638 -0.023654146119952202 -0.004131467547267675 1.387568473815918 1.3189992904663086 0.7090917229652405
frame-000059.color.jpg 0.45150862050023105 0.8916960954666138 -0.03146781399846077 0.0052723390981554985 1.3579010963439941 1.3092563152313232 0.7454896569252014
frame-000060.color.jpg 0.45384266631044484 0.8901424407958984 -0.03883597254753113 0.012846932746469975 1.3358559608459473 1.2998439073562622 0.7647792100906372
frame-000061.color.jpg 0.45443275411293876 0.8895320296287537 -0.044212471693754196 0.01639966294169426 1.3215174674987793 1.2913365364074707 0.781828761100769
frame-000062.color.jpg 0.4544071622858721 0.8891847133636475 -0.04986562579870224 0.019442876800894737 1.3053686618804932 1.2819594144821167 0.7946056723594666
frame-000063.color.jpg 0.45558060198319095 0.8878369927406311 -0.05968550220131874 0.025087742134928703 1.2805135250091553 1.2676870822906494 0.8242658376693726
frame-000064.color.jpg 0.45545792356380976 0.8868470191955566 -0.07110175490379333 0.031699053943157196 1.2695597410202026 1.240065097808838 0.8510492444038391
frame-000065.color.jpg 0.4489375762522462 0.8887901902198792 -0.08251906931400299 0.041203249245882034 1.248429536819458 1.2210636138916016 0.9044670462608337
frame-000066.color.jpg 0.44645998794059016 0.8894713521003723 -0.08740387856960297 0.04329710081219673 1.230811357498169 1.2078357934951782 0.9178392887115479
frame-000067.color.jpg 0.44184609847846 0.8906198143959045 -0.09370402246713638 0.05280119925737381 1.2197197675704956 1.1997781991958618 0.9624568819999695
frame-000068.color.jpg 0.4363118664362313 0.892855703830719 -0.09697935730218887 0.055097196251153946 1.2129899263381958 1.1853229999542236 0.9859396815299988
frame-000069.color.jpg 0.45195232562239296 0.8865105509757996 -0.08563967049121857 0.05003892630338669 1.1962103843688965 1.2176653146743774 0.9199327230453491
frame-000070.color.jpg 0.44303479324800193 0.888878345489502 -0.09883686900138855 0.06202229484915733 1.1743956804275513 1.1983643770217896 0.9914157390594482
frame-000071.color.jpg 0.44025839508201503 0.8890014290809631 -0.10531292110681534 0.06897963583469391 1.1569719314575195 1.184245228767395 1.0267443656921387
frame-000072.color.jpg 0.43796985436989244 0.8892263174057007 -0.11068645864725113 0.07216309756040573 1.1428639888763428 1.1656101942062378 1.0439032316207886
frame-000073.color.jpg 0.4344012645846344 0.8894823789596558 -0.11882106959819794 0.07744775712490082 1.112951636314392 1.1384519338607788 1.0677577257156372
frame-000074.color.jpg 0.42963715606417313 0.8905770182609558 -0.1254366636276245 0.08093347400426865 1.0944665670394897 1.1180230379104614 1.092803955078125
frame-000075.color.jpg 0.42840711578217233 0.8900176286697388 -0.13198193907737732 0.08316756784915924 1.0894349813461304 1.0935642719268799 1.1078413724899292
frame-000076.color.jpg 0.42692835893423553 0.8897308111190796 -0.138972669839859 0.08244876563549042 1.0764514207839966 1.0609841346740723 1.113875389099121
frame-000077.color.jpg 0.4221825838128679 0.8913382887840271 -0.14500151574611664 0.0790722519159317 1.0743077993392944 1.0191856622695923 1.1230807304382324
frame-000078.color.jpg 0.4180496149033407 0.8926830291748047 -0.1500064879655838 0.07648292928934097 1.0750669240951538 0.9884881973266602 1.1324195861816406
frame-000079.color.jpg 0.4137826318929628 0.8935853838920593 -0.15691854059696198 0.07527037709951401 1.0705705881118774 0.9547457098960876 1.1464325189590454
frame-000080.color.jpg 0.41357620624903335 0.892084538936615 -0.16563710570335388 0.07552772760391235 1.0632328987121582 0.9182366728782654 1.156724452972412
frame-000081.color.jpg 0.41104734558378986 0.8910630345344543 -0.1752263307571411 0.07964039593935013 1.0452827215194702 0.8819692730903625 1.1822152137756348
frame-000082.color.jpg 0.40534436060389406 0.8922271728515625 -0.18038250505924225 0.08419547975063324 1.019033432006836 0.8442214727401733 1.2041295766830444
frame-000083.color.jpg 0.400347313441715 0.8931295871734619 -0.18297898769378662 0.09252121299505234 0.9873944520950317 0.829211950302124 1.2284284830093384
frame-000084.color.jpg 0.3978500473329202 0.8926184773445129 -0.18881885707378387 0.09641018509864807 0.9707475304603577 0.8004118800163269 1.24996817111969
frame-000085.color.jpg 0.3949576838893077 0.8914565443992615 -0.19760282337665558 0.10132502764463425 0.9505820274353027 0.7672959566116333 1.2776929140090942
frame-000086.color.jpg 0.3898991467340271 0.8936532735824585 -0.19722890853881836 0.1022898480296135 0.9387821555137634 0.7546160817146301 1.289699673652649
frame-000087.color.jpg 0.3861179771757849 0.8943265080451965 -0.19270773231983185 0.11813810467720032 0.8926847577095032 0.7606043815612793 1.3182625770568848
frame-000088.color.jpg 0.3769770275982349 0.8992915749549866 -0.19281548261642456 0.10947714000940323 0.9050245881080627 0.7196835279464722 1.3210357427597046
frame-000089.color.jpg 0.36488252111640684 0.9051637053489685 -0.19714143872261047 0.09313762187957764 0.9359977841377258 0.6572906970977783 1.3136210441589355
frame-000090.color.jpg 0.3575114354760379 0.9075356125831604 -0.2032644897699356 0.08513642102479935 0.9474801421165466 0.6129814386367798 1.3106284141540527
frame-000091.color.jpg 0.33930077843596596 0.9137811064720154 -0.21007013320922852 0.07582604885101318 0.9569544196128845 0.5451948642730713 1.3262534141540527
frame-000092.color.jpg 0.3265077939775711 0.9171817898750305 -0.2167723923921585 0.07197171449661255 0.9577920436859131 0.4973115921020508 1.3311306238174438
frame-000093.color.jpg 0.3138065012041478 0.9196105003356934 -0.22485607862472534 0.07267604023218155 0.9464640617370605 0.4541126787662506 1.346294641494751
frame-000094.color.jpg 0.3050358348335628 0.9202237725257874 -0.23425032198429108 0.07258227467536926 0.9304847717285156 0.4149402976036072 1.3537518978118896
frame-000095.color.jpg 0.2960709318736056 0.9213056564331055 -0.2402649074792862 0.07622884958982468 0.8918910026550293 0.3773760497570038 1.3665542602539062
frame-000096.color.jpg 0.28525880046271507 0.9228833913803101 -0.24732893705368042 0.07577694207429886 0.8653474450111389 0.33089718222618103 1.3705642223358154
frame-000097.color.jpg 0.28808128628489704 0.9203961491584778 -0.2529349625110626 0.07683733850717545 0.8473598957061768 0.329475075006485 1.3620471954345703
frame-000098.color.jpg 0.28580672657828776 0.9192780256271362 -0.2591845393180847 0.07788349688053131 0.8356382250785828 0.30938684940338135 1.3717021942138672
frame-000099.color.jpg 0.27482163749764765 0.9156812429428101 -0.2800826132297516 0.08691751956939697 0.7905958294868469 0.2653210759162903 1.4062764644622803
frame-000100.color.jpg 0.26947433474908944 0.9145660400390625 -0.2873167395591736 0.0916605144739151 0.7570440173149109 0.24454964697360992 1.4227391481399536
frame-000101.color.jpg 0.27620732641215884 0.9148402810096741 -0.27772870659828186 0.09820179641246796 0.7164077758789062 0.2947901785373688 1.4110448360443115
frame-000102.color.jpg 0.27344283084132226 0.918764054775238 -0.2652614712715149 0.10362406075000763 0.6743547320365906 0.31539303064346313 1.4041436910629272
frame-000103.color.jpg 0.27041108537530967 0.9278611540794373 -0.23697692155838013 0.09896205365657806 0.6532192826271057 0.35554489493370056 1.3753429651260376
frame-000104.color.jpg 0.26649342993890884 0.9359517097473145 -0.2096465528011322 0.0949946939945221 0.6276541352272034 0.38510560989379883 1.348238229751587
frame-000105.color.jpg 0.2779940536352411 0.9365589022636414 -0.19580499827861786 0.08507174253463745 0.624747097492218 0.42582300305366516 1.3179415464401245
frame-000106.color.jpg 0.2850237668717432 0.931001603603363 -0.20859357714653015 0.09211977571249008 0.581977367401123 0.4463376998901367 1.3282374143600464
frame-000107.color.jpg 0.29341150447282305 0.9253410696983337 -0.21971605718135834 0.09684217721223831 0.542866587638855 0.4595119059085846 1.3388737440109253
frame-000108.color.jpg 0.30280099600840327 0.9219015836715698 -0.2238704264163971 0.0910555049777031 0.5162069797515869 0.4792456328868866 1.3353455066680908
frame-000109.color.jpg 0.3091367957988621 0.9255637526512146 -0.20003771781921387 0.08804021775722504 0.4798377752304077 0.5214014053344727 1.3324997425079346
frame-000110.color.jpg 0.31214691817517093 0.9313445687294006 -0.17166101932525635 0.07545934617519379 0.4672960340976715 0.5417863726615906 1.3242254257202148
frame-000111.color.jpg 0.31507641201014913 0.9359904527664185 -0.1423543095588684 0.0662108063697815 0.44286972284317017 0.5655112862586975 1.3259552717208862
frame-000112.color.jpg 0.3211202238561229 0.9377896785736084 -0.11970032751560211 0.05571398884057999 0.42654916644096375 0.584104061126709 1.3137487173080444
frame-000113.color.jpg 0.3276931133299323 0.9373437762260437 -0.10760771483182907 0.04923860356211662 0.3912169933319092 0.6049813032150269 1.3087795972824097
frame-000114.color.jpg 0.3279260161211028 0.9364632964134216 -0.1114744171500206 0.055447641760110855 0.32972243428230286 0.6064060926437378 1.3137962818145752
frame-000115.color.jpg 0.33450599557128957 0.9348745942115784 -0.10640570521354675 0.05284895375370979 0.29997703433036804 0.6354120373725891 1.291150689125061
frame-000116.color.jpg 0.33117746979357204 0.9357420802116394 -0.10584007948637009 0.05921318009495735 0.2539943754673004 0.6535109877586365 1.2760182619094849
frame-000117.color.jpg 0.3331236041661213 0.933002769947052 -0.11968031525611877 0.0648941844701767 0.2013985812664032 0.683843195438385 1.2449136972427368
frame-000118.color.jpg 0.32858936443783354 0.9356619119644165 -0.11164705455303192 0.06403733044862747 0.152569979429245 0.7034511566162109 1.2179696559906006
frame-000119.color.jpg 0.32919942072696073 0.9372409582138062 -0.09591527283191681 0.06330344080924988 0.10783752053976059 0.7435095310211182 1.1905267238616943
frame-000120.color.jpg 0.3414465421894926 0.9337157607078552 -0.08664724230766296 0.06388499587774277 0.08239340782165527 0.7950806617736816 1.1480376720428467
frame-000121.color.jpg 0.3428327264525772 0.9331327676773071 -0.09126849472522736 0.058301351964473724 0.07747838646173477 0.8109467029571533 1.1264269351959229
frame-000122.color.jpg 0.34713257730892516 0.9329545497894287 -0.07682586461305618 0.056503456085920334 0.0602191723883152 0.8382561206817627 1.1077247858047485
frame-000123.color.jpg 0.3536185659025987 0.9307100772857666 -0.07399493455886841 0.057073984295129776 0.05850818753242493 0.8592613339424133 1.1003940105438232
frame-000124.color.jpg 0.3498364899493623 0.9325641989707947 -0.07481145858764648 0.0483916811645031 0.06249801442027092 0.8566652536392212 1.1005218029022217
frame-000125.color.jpg 0.35822473758088635 0.9309152364730835 -0.06090078502893448 0.036919161677360535 0.06540516018867493 0.8767151236534119 1.076078176498413
frame-000126.color.jpg 0.3658237535974124 0.9295690059661865 -0.03488237038254738 0.029285354539752007 0.034787483513355255 0.913074254989624 1.0568026304244995
frame-000127.color.jpg 0.3776127045058111 0.9256438612937927 -0.012162790633738041 0.021075531840324402 0.005724170245230198 0.9470314383506775 1.0299607515335083
frame-000128.color.jpg 0.37705773904871087 0.9255326390266418 0.030808135867118835 0.016360143199563026 -0.07365702837705612 0.9470731616020203 1.0171611309051514
frame-000129.color.jpg 0.38760331647807905 0.9192747473716736 0.06851419061422348 -0.0018430505879223347 -0.09083409607410431 0.9633933901786804 0.9896184206008911
frame-000130.color.jpg 0.39145179468705493 0.9146482944488525 0.09783794730901718 -0.024731088429689407 -0.0884866714477539 0.9809116125106812 0.9876185655593872
frame-000131.color.jpg 0.3926183183936029 0.9113753437995911 0.11799208074808121 -0.03638232499361038 -0.08878759294748306 0.9988734126091003 0.9840682744979858
frame-000132.color.jpg 0.39834652256348685 0.9077510833740234 0.12347309291362762 -0.04541461169719696 -0.09812398999929428 1.03122079372406 0.9529630541801453
frame-000133.color.jpg 0.398934814889628 0.9088008999824524 0.11801308393478394 -0.03170059248805046 -0.15792560577392578 1.0631839036941528 0.9103973507881165
frame-000134.color.jpg 0.3953958184359577 0.9094241261482239 0.12450356781482697 -0.033297840505838394 -0.17806047201156616 1.0810835361480713 0.8852300047874451
frame-000135.color.jpg 0.38572910827629175 0.9127524495124817 0.13087581098079681 -0.03110560029745102 -0.2037866711616516 1.1080855131149292 0.856693685054779
frame-000136.color.jpg 0.3777678983550292 0.9159091711044312 0.13179776072502136 -0.03211318701505661 -0.2041098177433014 1.1150487661361694 0.8415215015411377
frame-000137.color.jpg 0.38008383468431545 0.9155514240264893 0.1275438368320465 -0.032163266092538834 -0.21297511458396912 1.1607822179794312 0.8081542253494263
frame-000138.color.jpg 0.3964195699699343 0.9093918204307556 0.12143953889608383 -0.0333244614303112 -0.21777333319187164 1.2272425889968872 0.7442556023597717
frame-000139.color.jpg 0.4203760975839828 0.8964871168136597 0.12441372126340866 -0.06415551900863647 -0.17976614832878113 1.2998579740524292 0.6579322814941406
frame-000140.color.jpg 0.43391812593609236 0.8881270289421082 0.13199687004089355 -0.07431156188249588 -0.21045111119747162 1.351505160331726 0.6121451258659363
frame-000141.color.jpg 0.4374108890770563 0.8863502144813538 0.13362756371498108 -0.07210129499435425 -0.24960431456565857 1.377371907234192 0.5826330184936523
frame-000142.color.jpg 0.44364182947617 0.8838623762130737 0.12831823527812958 -0.07418731600046158 -0.2592037618160248 1.4024018049240112 0.5431555509567261
frame-000143.color.jpg 0.43586484360547106 0.8881397247314453 0.11890821903944016 -0.08420545607805252 -0.24359597265720367 1.42939293384552 0.5405711531639099
frame-000144.color.jpg 0.4362251951139563 0.8899337649345398 0.10994072258472443 -0.07508957386016846 -0.256477952003479 1.4415594339370728 0.5103930234909058
frame-000145.color.jpg 0.4409286298775957 0.8893609642982483 0.10350676625967026 -0.06249255686998367 -0.27457812428474426 1.4738144874572754 0.4632265269756317
frame-000146.color.jpg 0.4479768169971638 0.8879815340042114 0.09071790426969528 -0.05075301602482796 -0.2742966413497925 1.505751609802246 0.4009931981563568
frame-000147.color.jpg 0.45670033193286447 0.8862774968147278 0.06853029131889343 -0.035223785787820816 -0.25440713763237 1.5453710556030273 0.3310834765434265
frame-000148.color.jpg 0.4694768691379707 0.8810631632804871 0.05206983536481857 -0.024654706940054893 -0.23298963904380798 1.58499276638031 0.26477915048599243
frame-000149.color.jpg 0.47698180554649405 0.8777849078178406 0.04117082059383392 -0.016943713650107384 -0.22281283140182495 1.605999231338501 0.21540145576000214
frame-000150.color.jpg 0.47673388983985315 0.8784414529800415 0.03194437921047211 -0.006718055345118046 -0.20482365787029266 1.6217479705810547 0.19965749979019165
frame-000151.color.jpg 0.4697122031265147 0.8821687698364258 0.028123775497078896 -0.01891321688890457 -0.17203278839588165 1.6256388425827026 0.2100766897201538
frame-000152.color.jpg 0.44364118846087697 0.8949676752090454 0.02798650786280632 -0.03784282132983208 -0.10048305243253708 1.6185276508331299 0.2747008502483368
frame-000153.color.jpg 0.42524595374153124 0.900395393371582 0.05383956804871559 -0.07453399896621704 -0.08968253433704376 1.6171305179595947 0.31148865818977356
frame-000154.color.jpg 0.4154472584940935 0.9006130695343018 0.09123457968235016 -0.08930733054876328 -0.1634678989648819 1.6212472915649414 0.3360821306705475
frame-000155.color.jpg 0.40626326632606113 0.8973549604415894 0.13702760636806488 -0.10453592240810394 -0.27364155650138855 1.612862467765808 0.37399566173553467
frame-000156.color.jpg 0.39977416719195197 0.8900794982910156 0.18189279735088348 -0.1218772679567337 -0.3869021534919739 1.580629587173462 0.4102908670902252
frame-000157.color.jpg 0.3961435383065809 0.8880671262741089 0.1940547227859497 -0.12942133843898773 -0.40935537219047546 1.5733568668365479 0.4225809574127197
frame-000158.color.jpg 0.38758122842565046 0.8834260702133179 0.22049984335899353 -0.14394091069698334 -0.46604686975479126 1.5622596740722656 0.46385514736175537
frame-000159.color.jpg 0.3835089589384197 0.878233015537262 0.24060659110546112 -0.1540648192167282 -0.5005233883857727 1.5494157075881958 0.48243942856788635
frame-000160.color.jpg 0.3723974293193078 0.8750669956207275 0.25890982151031494 -0.1689484715461731 -0.5121631026268005 1.5438958406448364 0.5299072265625
frame-000161.color.jpg 0.36015076453277906 0.8746238350868225 0.27305448055267334 -0.1754017025232315 -0.5108628869056702 1.5253618955612183 0.5698391199111938
frame-000162.color.jpg 0.34565632398134 0.8737753629684448 0.29252099990844727 -0.17739687860012054 -0.5354644060134888 1.5064363479614258 0.615012526512146
frame-000163.color.jpg 0.33169427546396635 0.8732608556747437 0.3095589578151703 -0.17767268419265747 -0.5508111715316772 1.501438856124878 0.6530327796936035
frame-000164.color.jpg 0.3242754513297639 0.8696093559265137 0.3258008360862732 -0.18021896481513977 -0.5718089938163757 1.498571753501892 0.6626259684562683
frame-000165.color.jpg 0.318510326109654 0.8685609698295593 0.3332585394382477 -0.18191158771514893 -0.5841274261474609 1.5024778842926025 0.6796181201934814
frame-000166.color.jpg 0.3178374391907789 0.8656985759735107 0.34198418259620667 -0.1805327981710434 -0.5815050601959229 1.4914720058441162 0.6818894147872925
frame-000167.color.jpg 0.3081686816705695 0.8612903952598572 0.3594096899032593 -0.18448765575885773 -0.6071840524673462 1.4660871028900146 0.7150940895080566
frame-000168.color.jpg 0.3101962742830491 0.8518303036689758 0.37877970933914185 -0.18625077605247498 -0.6270239353179932 1.4389349222183228 0.6995489001274109
frame-000169.color.jpg 0.30907444156277813 0.8417982459068298 0.4019666910171509 -0.18512596189975739 -0.6573218703269958 1.4032583236694336 0.6987212896347046
frame-000170.color.jpg 0.3058952300523703 0.8374003767967224 0.4148331582546234 -0.18194015324115753 -0.6654236912727356 1.3914875984191895 0.717810332775116
frame-000171.color.jpg 0.30307888020495916 0.8315198421478271 0.4271562099456787 -0.18508273363113403 -0.6837204694747925 1.3763904571533203 0.742434024810791
frame-000172.color.jpg 0.30095376520405065 0.8271552920341492 0.4353502094745636 -0.18897370994091034 -0.6929786205291748 1.3684322834014893 0.7553927898406982
frame-000173.color.jpg 0.29763526199283774 0.824726402759552 0.44027993083000183 -0.19337321817874908 -0.7054416537284851 1.3591523170471191 0.7672092318534851
frame-000174.color.jpg 0.30992903225506324 0.829026997089386 0.427475243806839 -0.1841825246810913 -0.7147822976112366 1.3688619136810303 0.7267215251922607
frame-000175.color.jpg 0.3171815763973708 0.8393335938453674 0.4027615487575531 -0.18082641065120697 -0.6999192833900452 1.41701340675354 0.7037184834480286
frame-000176.color.jpg 0.3509652854944419 0.8516115546226501 0.3513323962688446 -0.16776993870735168 -0.6701956987380981 1.499885082244873 0.5705994367599487
frame-000177.color.jpg 0.3622092655256038 0.8596039414405823 0.32425662875175476 -0.1572996824979782 -0.6495398283004761 1.5345040559768677 0.5134478211402893
frame-000178.color.jpg 0.3734529775948454 0.8706483244895935 0.2880462408065796 -0.1397634744644165 -0.6182911396026611 1.5677664279937744 0.44936197996139526
frame-000179.color.jpg 0.38403624764464644 0.8824349641799927 0.24678580462932587 -0.11367303133010864 -0.5766459107398987 1.5926880836486816 0.38118916749954224
frame-000180.color.jpg 0.3900022228058726 0.8892089128494263 0.2169218212366104 -0.10075075924396515 -0.5394712090492249 1.619049072265625 0.3399311900138855
frame-000181.color.jpg 0.40005933957238327 0.8952218890190125 0.1800752878189087 -0.07812272012233734 -0.493470162153244 1.6366164684295654 0.28182801604270935
frame-000182.color.jpg 0.40882594226963254 0.8982809782028198 0.1472080796957016 -0.0654396265745163 -0.4323596954345703 1.653337836265564 0.2385561466217041
frame-000183.color.jpg 0.41505739714725914 0.9019441604614258 0.10895021259784698 -0.04851808771491051 -0.3667307496070862 1.673351764678955 0.20392635464668274
frame-000184.color.jpg 0.4255183660280825 0.9009206891059875 0.08052273094654083 -0.02814379520714283 -0.3343524932861328 1.6801036596298218 0.15742695331573486
frame-000185.color.jpg 0.4258196468676898 0.9022942781448364 0.06540022045373917 -0.016292763873934746 -0.3324691951274872 1.6978240013122559 0.1626172810792923
frame-000186.color.jpg 0.4257090856248032 0.9032017588615417 0.05406048148870468 -0.008695750497281551 -0.33223849534988403 1.7003636360168457 0.175787091255188
frame-000187.color.jpg 0.4273057268322394 0.9026703834533691 0.050614070147275925 -0.005850495770573616 -0.3473462462425232 1.697696566581726 0.17783725261688232
frame-000188.color.jpg 0.4330313134199616 0.9004991054534912 0.03967093303799629 -0.0033680845517665148 -0.3408687710762024 1.7047396898269653 0.16299615800380707
frame-000189.color.jpg 0.43702063861526247 0.8989598155021667 0.029669849202036858 -0.002011109609156847 -0.33679163455963135 1.721197485923767 0.1647629290819168
frame-000190.color.jpg 0.44391327904736966 0.8957504034042358 0.023862740024924278 -0.0016550777945667505 -0.3339385688304901 1.7172207832336426 0.15109974145889282
frame-000191.color.jpg 0.44532371137529186 0.8951818943023682 0.018189260736107826 0.00229153735563159 -0.32134586572647095 1.7061529159545898 0.15570427477359772
frame-000192.color.jpg 0.4530824597776339 0.8913589119911194 0.01357881911098957 0.0033460536506026983 -0.3195759356021881 1.6985260248184204 0.14126577973365784
frame-000193.color.jpg 0.45911607623328377 0.8882891535758972 0.00917409174144268 0.00840665865689516 -0.3169083893299103 1.6953469514846802 0.12846903502941132
frame-000194.color.jpg 0.46463105041902236 0.8854201436042786 0.0030365625862032175 0.011828732676804066 -0.31288206577301025 1.691360592842102 0.11887740343809128
frame-000195.color.jpg 0.4657967723412673 0.8847856521606445 -0.002494682092219591 0.01347315777093172 -0.30799993872642517 1.6928865909576416 0.12287825345993042
frame-000196.color.jpg 0.46689306047665574 0.8840934634208679 -0.006277617532759905 0.018712878227233887 -0.31164202094078064 1.6963989734649658 0.12462209165096283
frame-000197.color.jpg 0.47186139276945704 0.8813607692718506 -0.008636326529085636 0.021803483366966248 -0.30962881445884705 1.6897927522659302 0.10712776333093643
frame-000198.color.jpg 0.4782698107131331 0.877790629863739 -0.01235694158822298 0.024266675114631653 -0.2994118928909302 1.6836321353912354 0.08975543826818466
frame-000199.color.jpg 0.4819079964365853 0.8755465745925903 -0.02033041976392269 0.027739014476537704 -0.2803293466567993 1.6926171779632568 0.0855797603726387
frame-000200.color.jpg 0.4849340618251168 0.8731292486190796 -0.035248398780822754 0.035238444805145264 -0.2561405301094055 1.6784203052520752 0.07522905617952347
frame-000201.color.jpg 0.4830048008639634 0.8728563785552979 -0.050940413028001785 0.047255199402570724 -0.2333296239376068 1.6777732372283936 0.08118712902069092
frame-000202.color.jpg 0.4776499201052376 0.8726486563682556 -0.08007235825061798 0.06263652443885803 -0.17590004205703735 1.6848307847976685 0.09930376708507538
frame-000203.color.jpg 0.47634632771389085 0.8699506521224976 -0.10264106094837189 0.07579390704631805 -0.13259272277355194 1.6762967109680176 0.09279303252696991
frame-000204.color.jpg 0.46168028575593884 0.872503936290741 -0.13348479568958282 0.08814758062362671 -0.07008479535579681 1.6668100357055664 0.11945794522762299
frame-000205.color.jpg 0.4545589025336387 0.8716116547584534 -0.15669304132461548 0.0954810306429863 -0.027811653912067413 1.674872636795044 0.13251572847366333
frame-000206.color.jpg 0.43990942912050673 0.867801308631897 -0.193036749958992 0.12703271210193634 0.026005594059824944 1.672109842300415 0.15164482593536377
frame-000207.color.jpg 0.437918734564714 0.8614219427108765 -0.217067152261734 0.1380620002746582 0.07206187397241592 1.663625717163086 0.15289628505706787
frame-000208.color.jpg 0.4318962697180461 0.8571464419364929 -0.23807713389396667 0.14861023426055908 0.10318458080291748 1.6680470705032349 0.16085045039653778
frame-000209.color.jpg 0.42606361415593097 0.8546165823936462 -0.25556692481040955 0.15094949305057526 0.1312386393547058 1.6759710311889648 0.1671580970287323
frame-000210.color.jpg 0.4283001509673965 0.844805896282196 -0.2697756588459015 0.17344458401203156 0.1279047280550003 1.6905938386917114 0.1438818871974945
frame-000211.color.jpg 0.4238012560426449 0.8398511409759521 -0.28520146012306213 0.18358275294303894 0.13213811814785004 1.6840252876281738 0.1446428745985031
frame-000212.color.jpg 0.4129097904584991 0.8299530744552612 -0.32258737087249756 0.19136549532413483 0.18661253154277802 1.6687960624694824 0.16673536598682404
frame-000213.color.jpg 0.4066193217944315 0.8163498640060425 -0.35731810331344604 0.201388880610466 0.240701362490654 1.6623929738998413 0.1958041936159134
frame-000214.color.jpg 0.3992419604843389 0.8032212257385254 -0.38712814450263977 0.21347907185554504 0.2949288487434387 1.6568862199783325 0.22076240181922913
frame-000215.color.jpg 0.3798824856701271 0.7917860150337219 -0.41479769349098206 0.23813243210315704 0.30832940340042114 1.639341950416565 0.2712256610393524
frame-000216.color.jpg 0.3626257979652303 0.7804250717163086 -0.43967410922050476 0.2571495771408081 0.2976514995098114 1.6326558589935303 0.33178308606147766
frame-000217.color.jpg 0.3606817322091428 0.7757319808006287 -0.44632843136787415 0.26256322860717773 0.2855808138847351 1.6203467845916748 0.3365931808948517
frame-000218.color.jpg 0.3568811115900731 0.7708176374435425 -0.45919495820999146 0.26003092527389526 0.2800048589706421 1.581153392791748 0.3619072735309601
frame-000219.color.jpg 0.3550710767957445 0.766870379447937 -0.46581870317459106 0.26238784193992615 0.24845737218856812 1.5748836994171143 0.3746965229511261
frame-000220.color.jpg 0.35711551175264106 0.7614408731460571 -0.4714840054512024 0.26529067754745483 0.23211723566055298 1.567256212234497 0.38146692514419556
frame-000221.color.jpg 0.3520207112565467 0.7613381743431091 -0.47588834166526794 0.26452943682670593 0.20740804076194763 1.5389350652694702 0.41298726201057434
frame-000222.color.jpg 0.3524263792981181 0.7570422291755676 -0.4818842113018036 0.26546257734298706 0.1959291249513626 1.5126698017120361 0.4294717013835907
frame-000223.color.jpg 0.3512280397573441 0.7519586086273193 -0.4883252680301666 0.2696954309940338 0.18485544621944427 1.4961833953857422 0.4428006410598755
frame-000224.color.jpg 0.34896347433042474 0.7482242584228516 -0.49678099155426025 0.267569899559021 0.19212549924850464 1.4853951930999756 0.47202321887016296
frame-000225.color.jpg 0.3475207046199557 0.7466186285018921 -0.49895262718200684 0.26988205313682556 0.18918943405151367 1.4745649099349976 0.48103031516075134
frame-000226.color.jpg 0.3429719197766265 0.7420877814292908 -0.5104669332504272 0.2666449546813965 0.21540702879428864 1.4604028463363647 0.4951193928718567
frame-000227.color.jpg 0.3377944491662282 0.7316939830780029 -0.5254481434822083 0.2728058695793152 0.24307702481746674 1.4559457302093506 0.5021081566810608
frame-000228.color.jpg 0.33218613251773554 0.721275806427002 -0.5390782356262207 0.2807281017303467 0.2653031349182129 1.4525163173675537 0.5034932494163513
frame-000229.color.jpg 0.3198888243925957 0.7117623686790466 -0.5552932620048523 0.287602037191391 0.28808271884918213 1.4485535621643066 0.5303543210029602
frame-000230.color.jpg 0.303138975238543 0.6965013742446899 -0.5835475325584412 0.28716713190078735 0.3210242688655853 1.4115155935287476 0.5708543062210083
frame-000231.color.jpg 0.2975917875310116 0.6800726056098938 -0.6025399565696716 0.2930629849433899 0.3433857262134552 1.4012296199798584 0.5870724320411682
frame-000232.color.jpg 0.29563741865728116 0.6696464419364929 -0.6129546165466309 0.297419935464859 0.3519541323184967 1.3825607299804688 0.6110826134681702
frame-000233.color.jpg 0.2958180281005242 0.6788662075996399 -0.6082926988601685 0.2856787443161011 0.3511807322502136 1.3622723817825317 0.6379541754722595
frame-000234.color.jpg 0.3020162830242742 0.6932311058044434 -0.5925333499908447 0.2777065336704254 0.3250645697116852 1.3576807975769043 0.6464452147483826
frame-000235.color.jpg 0.31656491344515275 0.7113369107246399 -0.5661066770553589 0.27075785398483276 0.26794180274009705 1.3414337635040283 0.6580556035041809
frame-000236.color.jpg 0.32604274077072193 0.728114664554596 -0.5446368455886841 0.2586808204650879 0.22597016394138336 1.3203904628753662 0.6799255609512329
frame-000237.color.jpg 0.3350451827361978 0.7387872934341431 -0.5280238389968872 0.2512548863887787 0.20058661699295044 1.3030288219451904 0.707594096660614
frame-000238.color.jpg 0.3374443550826384 0.7487879395484924 -0.5189037919044495 0.23703734576702118 0.19993481040000916 1.2732957601547241 0.7508995532989502
frame-000239.color.jpg 0.345452168803097 0.7571325898170471 -0.5026140213012695 0.23407728970050812 0.1843903511762619 1.2697041034698486 0.7706590890884399
frame-000240.color.jpg 0.3468882904304221 0.7563415765762329 -0.5043516159057617 0.2307497262954712 0.20150074362754822 1.2537477016448975 0.7972161769866943
frame-000241.color.jpg 0.3347038225916712 0.7522686719894409 -0.5136865377426147 0.24122890830039978 0.20626313984394073 1.225731372833252 0.8251774907112122
frame-000242.color.jpg 0.33525970379491127 0.7514874935150146 -0.5167209506034851 0.23636196553707123 0.22021175920963287 1.206987738609314 0.837761402130127
frame-000243.color.jpg 0.3336014879899748 0.7473424077033997 -0.5189580917358398 0.24672219157218933 0.18838126957416534 1.189088225364685 0.872469961643219
frame-000244.color.jpg 0.33436140738553566 0.763647198677063 -0.49564340710639954 0.2436860352754593 0.13098500669002533 1.1648794412612915 0.9209249019622803
frame-000245.color.jpg 0.3422834945129999 0.7713556885719299 -0.4776768684387207 0.24428892135620117 0.10615818947553635 1.1606347560882568 0.936532735824585
frame-000246.color.jpg 0.35276070441707413 0.7756650447845459 -0.4662596583366394 0.2377089411020279 0.10068126022815704 1.1492526531219482 0.966193437576294
frame-000247.color.jpg 0.3556804750175148 0.7773872017860413 -0.4651375710964203 0.22979892790317535 0.12324504554271698 1.130706548690796 1.004533290863037
frame-000248.color.jpg 0.35734610393420857 0.7781842350959778 -0.4640192985534668 0.22675803303718567 0.12820525467395782 1.1033235788345337 1.0419268608093262
frame-000249.color.jpg 0.3585722964370607 0.7770271301269531 -0.46491748094558716 0.22695033252239227 0.1253417730331421 1.0838052034378052 1.0628293752670288
frame-000250.color.jpg 0.3572600380328065 0.7735658884048462 -0.47027504444122314 0.22978773713111877 0.1102285161614418 1.0608874559402466 1.0719287395477295
frame-000251.color.jpg 0.3503541689705055 0.7662517428398132 -0.4831606447696686 0.23804637789726257 0.08134254068136215 1.0416038036346436 1.0747591257095337
frame-000252.color.jpg 0.34097781571584873 0.7640718817710876 -0.49160951375961304 0.2413470596075058 0.06837745010852814 1.0152790546417236 1.082244634628296
frame-000253.color.jpg 0.32082193728554265 0.7481114268302917 -0.5250906348228455 0.24835927784442902 0.05811820179224014 0.9647099375724792 1.1165447235107422
frame-000254.color.jpg 0.319035617874862 0.7432141304016113 -0.5309785008430481 0.2528058588504791 0.04932550713419914 0.9597265720367432 1.1149709224700928
frame-000255.color.jpg 0.3053994423850865 0.7229901552200317 -0.5589625239372253 0.2675391733646393 0.023120786994695663 0.94388747215271 1.1315560340881348
frame-000256.color.jpg 0.2922758900049245 0.7032141089439392 -0.5811023116111755 0.28702783584594727 -0.01687164604663849 0.9424986839294434 1.1445223093032837
frame-000257.color.jpg 0.28260742629671565 0.6737545132637024 -0.6133803129196167 0.29992079734802246 -0.03443116322159767 0.9322726726531982 1.154181718826294
frame-000258.color.jpg 0.27591137431456125 0.659677267074585 -0.6285956501960754 0.305885910987854 -0.058341071009635925 0.9200981259346008 1.1587163209915161
frame-000259.color.jpg 0.27123238244866804 0.6473895311355591 -0.6392170190811157 0.31419944763183594 -0.08681943267583847 0.9217495322227478 1.1587249040603638
frame-000260.color.jpg 0.2685015017260677 0.6367983818054199 -0.6471852660179138 0.3217856287956238 -0.1397477090358734 0.9311155676841736 1.1601260900497437
frame-000261.color.jpg 0.26543884904995235 0.6280682682991028 -0.6558331847190857 0.3239683210849762 -0.16607776284217834 0.9387351274490356 1.1561630964279175
frame-000262.color.jpg 0.2657775401487444 0.6231961250305176 -0.6582180261611938 0.3282346725463867 -0.19292952120304108 0.9464336037635803 1.1464996337890625
frame-000263.color.jpg 0.26243862358382425 0.620256245136261 -0.6612508296966553 0.33038702607154846 -0.21576349437236786 0.9536880254745483 1.1368788480758667
frame-000264.color.jpg 0.26089526492133147 0.6135400533676147 -0.6660996675491333 0.334385484457016 -0.24057185649871826 0.9615152478218079 1.1272525787353516
frame-000265.color.jpg 0.2588439392288671 0.6100271344184875 -0.6678614616394043 0.33886268734931946 -0.2684154510498047 0.961431622505188 1.1146795749664307
frame-000266.color.jpg 0.25005344360751786 0.6068497896194458 -0.6727628111839294 0.34146276116371155 -0.3106710612773895 0.952226996421814 1.1109437942504883
frame-000267.color.jpg 0.24803301151765988 0.6033888459205627 -0.6754456758499146 0.3437657356262207 -0.3270593583583832 0.953845202922821 1.1021391153335571
frame-000268.color.jpg 0.24896496944942187 0.5988665223121643 -0.6749522686004639 0.3518732488155365 -0.3489452600479126 0.9640526175498962 1.082554817199707
frame-000269.color.jpg 0.24944777416953973 0.59410160779953 -0.6753719449043274 0.3587363362312317 -0.357476145029068 0.9796364903450012 1.0653795003890991
frame-000270.color.jpg 0.2513399496974843 0.5839037895202637 -0.680158257484436 0.36506062746047974 -0.36274224519729614 1.0042237043380737 1.0437524318695068
frame-000271.color.jpg 0.23926421042309048 0.5710749626159668 -0.6908556222915649 0.37328872084617615 -0.38302773237228394 1.0220115184783936 1.0107786655426025
frame-000272.color.jpg 0.23069612872632841 0.5402802228927612 -0.7170808911323547 0.37506210803985596 -0.3623761534690857 1.063340663909912 0.980435848236084
frame-000273.color.jpg 0.21147893614438892 0.5002092719078064 -0.7504217624664307 0.3767419755458832 -0.347141295671463 1.0834228992462158 0.9653298258781433
frame-000274.color.jpg 0.18936319514361066 0.4694790542125702 -0.7771668434143066 0.37382182478904724 -0.3460400700569153 1.0845482349395752 0.9589769244194031
frame-000275.color.jpg 0.17339005299311752 0.441062331199646 -0.7958304286003113 0.37690019607543945 -0.3450007438659668 1.08640456199646 0.9352598786354065
frame-000276.color.jpg 0.1624423787742078 0.41748833656311035 -0.8090134263038635 0.38054341077804565 -0.33633020520210266 1.0949336290359497 0.9117850065231323
frame-000277.color.jpg 0.15357271121986302 0.3968000113964081 -0.820136308670044 0.38254624605178833 -0.3261806070804596 1.1000741720199585 0.9063534736633301
frame-000278.color.jpg 0.14349719849288423 0.3679211139678955 -0.8392730355262756 0.37371569871902466 -0.290326327085495 1.088760256767273 0.9200261831283569
frame-000279.color.jpg 0.1349729720434893 0.34744128584861755 -0.8510353565216064 0.3698726296424866 -0.28200221061706543 1.0779783725738525 0.9127124547958374
frame-000280.color.jpg 0.12912509369674813 0.33287331461906433 -0.8586999177932739 0.3676365315914154 -0.2853831350803375 1.07337486743927 0.9132511615753174
frame-000281.color.jpg 0.13965212803106547 0.331889271736145 -0.8597023487091064 0.36229628324508667 -0.28586483001708984 1.059411883354187 0.9315258264541626
frame-000282.color.jpg 0.14143916007590532 0.3333723843097687 -0.8573390245437622 0.36582452058792114 -0.3057282567024231 1.0563256740570068 0.9324442148208618
frame-000283.color.jpg 0.1347532684312443 0.3358533978462219 -0.8553526997566223 0.3706962764263153 -0.33755624294281006 1.0475648641586304 0.9296308159828186
frame-000284.color.jpg 0.12688998292704745 0.31172409653663635 -0.8649396300315857 0.37229880690574646 -0.32166576385498047 1.0760908126831055 0.9121456742286682
frame-000285.color.jpg 0.11299596486342327 0.26602572202682495 -0.8827939629554749 0.3703201413154602 -0.26717424392700195 1.0892136096954346 0.9006060361862183
frame-000286.color.jpg 0.09235786737840095 0.21558505296707153 -0.896123468875885 0.3767703175544739 -0.21742603182792664 1.1067357063293457 0.8879102468490601
frame-000287.color.jpg 0.08335511328322118 0.19871701300144196 -0.8991410732269287 0.38093146681785583 -0.20515498518943787 1.1188199520111084 0.8807567954063416
frame-000288.color.jpg 0.07748573240016922 0.1761697381734848 -0.8992522358894348 0.3928176462650299 -0.1952040046453476 1.147842288017273 0.8516051769256592
frame-000289.color.jpg 0.06838721384632127 0.15351602435112 -0.8971710801124573 0.4084606468677521 -0.18184038996696472 1.1760145425796509 0.8197785019874573
frame-000290.color.jpg 0.067118292539335 0.13776811957359314 -0.8944976329803467 0.4199870228767395 -0.16135874390602112 1.2004055976867676 0.7992180585861206
frame-000291.color.jpg 0.06195789923796755 0.13416115939617157 -0.888696014881134 0.434029221534729 -0.16739460825920105 1.2177778482437134 0.7682125568389893
frame-000292.color.jpg 0.049510213000917166 0.12182091176509857 -0.8836956024169922 0.4492109417915344 -0.18635128438472748 1.2328078746795654 0.7439240217208862
frame-000293.color.jpg 0.041305426303046726 0.1069524884223938 -0.8776691555976868 0.4653513431549072 -0.19079264998435974 1.2570158243179321 0.696811318397522
frame-000294.color.jpg 0.050967372987564256 0.10574182868003845 -0.8667677044868469 0.4847007989883423 -0.17317554354667664 1.2898569107055664 0.6554840207099915
frame-000295.color.jpg 0.036150162812107006 0.12875300645828247 -0.8724454641342163 0.47005829215049744 -0.22059811651706696 1.2610018253326416 0.7008318901062012
frame-000296.color.jpg 0.03990265641277301 0.1526988297700882 -0.8751193284988403 0.4574460983276367 -0.23504434525966644 1.234678864479065 0.7306276559829712
frame-000297.color.jpg 0.06031695947720995 0.15534210205078125 -0.8712761998176575 0.4616366922855377 -0.16156375408172607 1.2518284320831299 0.7109819054603577
frame-000298.color.jpg 0.07128358555068987 0.12596818804740906 -0.8777817487716675 0.4566725790500641 -0.014815173111855984 1.2565300464630127 0.7138897776603699
frame-000299.color.jpg 0.06452873527211088 0.09151067584753036 -0.8808077573776245 0.46004295349121094 0.08051145821809769 1.2513277530670166 0.7149235010147095
frame-000300.color.jpg 0.056581141384522395 0.06680256128311157 -0.881758987903595 0.46350517868995667 0.15087081491947174 1.2390854358673096 0.7291361093521118
frame-000301.color.jpg 0.04303397153078542 0.05530164763331413 -0.8804205656051636 0.46898770332336426 0.15671084821224213 1.230709433555603 0.7339643239974976
frame-000302.color.jpg 0.02685708288907735 0.04964219406247139 -0.8753051161766052 0.4802658259868622 0.1382697969675064 1.2391462326049805 0.7210558652877808
frame-000303.color.jpg 0.006923338097002623 0.029151055961847305 -0.863673985004425 0.5031595826148987 0.10703015327453613 1.2692590951919556 0.6619958877563477
frame-000304.color.jpg 0.010755883875047039 -0.013077270239591599 0.8542466759681702 -0.5195919871330261 0.05605848506093025 1.2918708324432373 0.6235617399215698
frame-000305.color.jpg 0.0277297272774951 0.010453222319483757 0.8547998070716858 -0.5181111693382263 0.04512837156653404 1.3003060817718506 0.6227623224258423
frame-000306.color.jpg 0.04375772391830908 0.026715802028775215 0.8514170050621033 -0.5219776630401611 0.024644974619150162 1.3082482814788818 0.6115161180496216
frame-000307.color.jpg 0.06055898792233702 0.036720432341098785 0.8428962230682373 -0.5333949327468872 -0.005688588600605726 1.33047616481781 0.5785778760910034
frame-000308.color.jpg 0.06897483608334842 0.046362753957509995 0.8371355533599854 -0.5406449437141418 -0.010673526674509048 1.3433737754821777 0.5566132664680481
frame-000309.color.jpg 0.0810328143597543 0.06541283428668976 0.834475040435791 -0.5411157608032227 -0.0069549595937132835 1.3545656204223633 0.5593906044960022
frame-000310.color.jpg 0.09069404319527681 0.07783578336238861 0.834372878074646 -0.5380874872207642 -0.014766469597816467 1.3629391193389893 0.5627330541610718
frame-000311.color.jpg 0.09821015435115359 0.08850256353616714 0.8323304653167725 -0.5382825136184692 -0.02482360415160656 1.3675267696380615 0.5612351894378662
frame-000312.color.jpg 0.10417013893395322 0.09686298668384552 0.8319495916366577 -0.5363078713417053 -0.02967340312898159 1.3634817600250244 0.5604375004768372
frame-000313.color.jpg 0.10408050659885719 0.10177875310182571 0.829047679901123 -0.5398966073989868 -0.029088495299220085 1.3691105842590332 0.5513750314712524
frame-000314.color.jpg 0.10135639834842804 0.09777705371379852 0.8267762660980225 -0.5446169376373291 -0.02543339878320694 1.372639536857605 0.5376843214035034
frame-000315.color.jpg 0.09710158694037994 0.09558364003896713 0.827147901058197 -0.5452167987823486 -0.017353633418679237 1.3798208236694336 0.5375245809555054
frame-000316.color.jpg 0.09545737809537866 0.08617239445447922 0.8266872763633728 -0.5477684736251831 -0.028596162796020508 1.3812652826309204 0.5293371677398682
frame-000317.color.jpg 0.09149310480217152 0.08386403322219849 0.8261787295341492 -0.5495675802230835 -0.03668373078107834 1.393728494644165 0.5248138904571533
frame-000318.color.jpg 0.09460888932769568 0.09141647815704346 0.8197165727615356 -0.5574556589126587 -0.041353825479745865 1.398984670639038 0.5002662539482117
frame-000319.color.jpg 0.10102041185423541 0.09325988590717316 0.8155806660652161 -0.5620726943016052 -0.05858993157744408 1.3992724418640137 0.49017760157585144
frame-000320.color.jpg 0.10267912126351743 0.09524708986282349 0.8149668574333191 -0.562329113483429 -0.06165012717247009 1.3987945318222046 0.48935216665267944
frame-000321.color.jpg 0.10199015146600657 0.0950685665011406 0.8147467374801636 -0.5628034472465515 -0.06821189075708389 1.4027202129364014 0.4861909747123718
frame-000322.color.jpg 0.10163746535759449 0.10167121142148972 0.8126794099807739 -0.5646988749504089 -0.062350157648324966 1.4094825983047485 0.48405563831329346
frame-000323.color.jpg 0.1027736284323335 0.10690884292125702 0.8120440244674683 -0.564440131187439 -0.06452997028827667 1.4122644662857056 0.48408669233322144
frame-000324.color.jpg 0.1054957920795248 0.11228705942630768 0.811461865901947 -0.5637304186820984 -0.0642009824514389 1.4103288650512695 0.4846193790435791
frame-000325.color.jpg 0.11119019139657371 0.118448905646801 0.8111652731895447 -0.5617984533309937 -0.07759996503591537 1.4086495637893677 0.47914695739746094
frame-000326.color.jpg 0.11490581198737726 0.12431821972131729 0.8090750575065613 -0.562795877456665 -0.07889141142368317 1.4100370407104492 0.4731338918209076
