frame-000000.color.jpg 0.2510191724482699 0.6501817107200623 -0.6190736293792725 0.3619404733181 -1.3132166862487793 -2.4827394485473633 4.9336347579956055
frame-000001.color.jpg 0.2495158836691115 0.6472535133361816 -0.6194475889205933 0.367544949054718 -1.3668936491012573 -2.456498384475708 4.928856372833252
frame-000002.color.jpg 0.24674387334305997 0.6438835859298706 -0.6261029243469238 0.3640420436859131 -1.4266818761825562 -2.4941258430480957 4.894223213195801
frame-000003.color.jpg 0.2296526327897 0.6475548148155212 -0.6388934850692749 0.3460453748703003 -1.4561316967010498 -2.7487497329711914 4.730553150177002
frame-000004.color.jpg 0.2145164538927045 0.6541611552238464 -0.6448069214820862 0.3320843279361725 -1.438355565071106 -2.9637107849121094 4.603025436401367
frame-000005.color.jpg 0.1890525284705807 0.6609832644462585 -0.6575912833213806 0.30811357498168945 -1.446862816810608 -3.309497356414795 4.349102020263672
frame-000006.color.jpg 0.16675262873526536 0.6691822409629822 -0.6628607511520386 0.2915550470352173 -1.4184132814407349 -3.590424060821533 4.131361961364746
frame-000007.color.jpg 0.15611516159842395 0.6755437850952148 -0.6689695119857788 0.26785898208618164 -1.3393926620483398 -3.810039520263672 3.959442615509033
frame-000008.color.jpg 0.15079261294297264 0.6781397461891174 -0.6712959408760071 0.25835981965065 -1.303813099861145 -3.914469003677368 3.877548933029175
frame-000009.color.jpg 0.14864333324762954 0.681102991104126 -0.6683510541915894 0.2594430148601532 -1.2752728462219238 -3.9269213676452637 3.865117073059082
frame-000010.color.jpg 0.15129296849077475 0.6749477982521057 -0.6702971458435059 0.26880764961242676 -1.36611807346344 -3.846975564956665 3.910865068435669
frame-000011.color.jpg 0.16513928442072223 0.6697617769241333 -0.6630719900131226 0.2906607985496521 -1.4085848331451416 -3.6084399223327637 4.101996421813965
frame-000012.color.jpg 0.1945453693571452 0.6668052077293396 -0.6542106866836548 0.29921767115592957 -1.3160086870193481 -3.339226245880127 4.357470989227295
frame-000013.color.jpg 0.2165461347432039 0.6614893674850464 -0.6440060138702393 0.31748348474502563 -1.292891025543213 -3.0491929054260254 4.578217029571533
frame-000014.color.jpg 0.22507462327131544 0.6589565277099609 -0.6387676000595093 0.3272516429424286 -1.295581579208374 -2.9188523292541504 4.67283296585083
frame-000015.color.jpg 0.23697118042599932 0.6575977802276611 -0.6305057406425476 0.3374496102333069 -1.2619503736495972 -2.764599323272705 4.786381244659424
frame-000016.color.jpg 0.24612011130782258 0.6573792695999146 -0.6224347949028015 0.3461969196796417 -1.223244071006775 -2.6319053173065186 4.880204677581787
frame-000017.color.jpg 0.2647265370209777 0.6546240448951721 -0.6127157211303711 0.3549180328845978 -1.1526188850402832 -2.4131832122802734 5.022042751312256
frame-000018.color.jpg 0.2752953251219551 0.652260959148407 -0.6051591038703918 0.3640749752521515 -1.136718988418579 -2.2483017444610596 5.103778839111328
frame-000019.color.jpg 0.28783093337492127 0.6486959457397461 -0.5973319411277771 0.373552531003952 -1.1126469373703003 -2.05448842048645 5.192743301391602
frame-000020.color.jpg 0.2869041255260713 0.652741551399231 -0.5870421528816223 0.38340067863464355 -1.0940874814987183 -1.986486554145813 5.228627681732178
frame-000021.color.jpg 0.2861585564835436 0.660688042640686 -0.575648307800293 0.3875998556613922 -1.0019208192825317 -1.9511866569519043 5.257813930511475
frame-000022.color.jpg 0.29506090096041687 0.674453854560852 -0.5561529397964478 0.38567468523979187 -0.7425786852836609 -1.8711743354797363 5.328177452087402
frame-000023.color.jpg 0.30878079194089536 0.6876358985900879 -0.5372388362884521 0.3783991038799286 -0.42614981532096863 -1.7982035875320435 5.38915491104126
frame-000024.color.jpg 0.31888433394327204 0.7049034237861633 -0.5219346880912781 0.3591771423816681 -0.035099051892757416 -1.826807975769043 5.394898414611816
frame-000025.color.jpg 0.3372278793274811 0.7249084115028381 -0.49653521180152893 0.337990939617157 0.4628097116947174 -1.7707884311676025 5.3944830894470215
frame-000026.color.jpg 0.34617799195689075 0.7343188524246216 -0.4793872833251953 0.3333536684513092 0.7035756707191467 -1.688112735748291 5.397924423217773
frame-000027.color.jpg 0.3579982355893257 0.7421938180923462 -0.46667715907096863 0.3212444484233856 0.9684160947799683 -1.6239690780639648 5.376346588134766
frame-000028.color.jpg 0.36512335771370513 0.7497860193252563 -0.45577704906463623 0.31108391284942627 1.1792880296707153 -1.5915329456329346 5.343684673309326
frame-000029.color.jpg 0.3831392318695524 0.7628096342086792 -0.4306587278842926 0.29301682114601135 1.5963445901870728 -1.4739816188812256 5.268954277038574
frame-000030.color.jpg 0.3966772912145796 0.7737889885902405 -0.40968388319015503 0.27578431367874146 1.941266417503357 -1.3954070806503296 5.1732072830200195
frame-000031.color.jpg 0.40728595637411374 0.7819072008132935 -0.39266732335090637 0.2618236243724823 2.2220609188079834 -1.3246454000473022 5.082775115966797
frame-000032.color.jpg 0.41116155752996064 0.7874206900596619 -0.3853658139705658 0.24981571733951569 2.402491569519043 -1.3270621299743652 4.99918270111084
frame-000033.color.jpg 0.4204837183470871 0.7822965979576111 -0.3926641345024109 0.23878905177116394 2.4973740577697754 -1.352749228477478 4.950672626495361
frame-000034.color.jpg 0.42613910615646566 0.7797042727470398 -0.39197707176208496 0.2383708506822586 2.56264328956604 -1.2999963760375977 4.951426982879639
frame-000035.color.jpg 0.42556248779664396 0.7754059433937073 -0.39923033118247986 0.24136558175086975 2.520887613296509 -1.3299753665924072 4.979896545410156
frame-000036.color.jpg 0.42990323876457426 0.7639272809028625 -0.4158676266670227 0.2421828806400299 2.4321823120117188 -1.3740452527999878 5.032788276672363
frame-000037.color.jpg 0.4207119196857653 0.761379599571228 -0.4259319603443146 0.24876606464385986 2.3166892528533936 -1.4568626880645752 5.081433296203613
frame-000038.color.jpg 0.41687353230421575 0.7640189528465271 -0.4237871468067169 0.2507905960083008 2.340374708175659 -1.467490792274475 5.081014156341553
frame-000039.color.jpg 0.42086796811947375 0.7705560922622681 -0.4121526777744293 0.24340012669563293 2.508920431137085 -1.428443431854248 5.01275110244751
frame-000040.color.jpg 0.4225270629770241 0.7905445694923401 -0.38122785091400146 0.226220041513443 2.883390188217163 -1.365938425064087 4.817691326141357
frame-000041.color.jpg 0.4233967415675246 0.800846517086029 -0.3652288019657135 0.21444831788539886 3.081940174102783 -1.3415000438690186 4.683717250823975
frame-000042.color.jpg 0.42378797514161237 0.8193830251693726 -0.3271709084510803 0.20487666130065918 3.3785154819488525 -1.149894118309021 4.484359264373779
frame-000043.color.jpg 0.42203777198263814 0.8275124430656433 -0.313915491104126 0.19637812674045563 3.494274616241455 -1.1296868324279785 4.372167110443115
frame-000044.color.jpg 0.4237513712110705 0.8302431106567383 -0.30814337730407715 0.19020728766918182 3.5577077865600586 -1.1110212802886963 4.304955959320068
frame-000045.color.jpg 0.4332900417627317 0.8340903520584106 -0.2887897789478302 0.1820809543132782 3.7182395458221436 -0.9605506062507629 4.189310073852539
frame-000046.color.jpg 0.44086956748197187 0.8407567143440247 -0.26541516184806824 0.16827674210071564 3.9281580448150635 -0.8328120112419128 4.004992485046387
frame-000047.color.jpg 0.44735386364338475 0.84483402967453 -0.24680691957473755 0.1587967723608017 4.086292743682861 -0.7166621685028076 3.8690333366394043
frame-000048.color.jpg 0.44835896651800483 0.8505650758743286 -0.22937190532684326 0.15133380889892578 4.220449924468994 -0.6212055683135986 3.7449238300323486
frame-000049.color.jpg 0.45407687726621576 0.8522772192955017 -0.21804560720920563 0.14104552567005157 4.3246002197265625 -0.556047260761261 3.6209917068481445
frame-000050.color.jpg 0.4640929235965914 0.853685200214386 -0.19886334240436554 0.1276426613330841 4.468279838562012 -0.4216955602169037 3.4392497539520264
frame-000051.color.jpg 0.47015057626287243 0.8528838753700256 -0.1898115575313568 0.12457579374313354 4.50420618057251 -0.3375755548477173 3.3710618019104004
frame-000052.color.jpg 0.46252000461396986 0.8589016199111938 -0.1846083551645279 0.11951134353876114 4.521311283111572 -0.3648603558540344 3.2991087436676025
frame-000053.color.jpg 0.45028732369515917 0.8602802753448486 -0.19645412266254425 0.13625332713127136 4.3609466552734375 -0.42547711730003357 3.4618146419525146
frame-000054.color.jpg 0.44320439063479405 0.8567935228347778 -0.2167396992444992 0.14999553561210632 4.189542293548584 -0.5394967794418335 3.6252171993255615
frame-000055.color.jpg 0.44227573898510614 0.8497878313064575 -0.23748552799224854 0.1607900708913803 4.028479099273682 -0.6274396777153015 3.769230842590332
frame-000056.color.jpg 0.4358466042488015 0.835342288017273 -0.2771435081958771 0.1882348209619522 3.678684949874878 -0.7843725681304932 4.070243835449219
frame-000057.color.jpg 0.4309084615491144 0.8309941291809082 -0.29020917415618896 0.19886012375354767 3.545607805252075 -0.8329956531524658 4.171477317810059
frame-000058.color.jpg 0.4307119137357159 0.8249672055244446 -0.30066347122192383 0.20860926806926727 3.43886399269104 -0.8448479771614075 4.258581161499023
frame-000059.color.jpg 0.42254921215299784 0.8225299119949341 -0.3109886944293976 0.21950547397136688 3.3159122467041016 -0.9052754044532776 4.3359293937683105
frame-000060.color.jpg 0.4102218068722942 0.8257275223731995 -0.3181460201740265 0.22062422335147858 3.26322078704834 -1.0412731170654297 4.337287902832031
frame-000061.color.jpg 0.3989873935219347 0.8403691053390503 -0.30541926622390747 0.20324335992336273 3.4371497631073 -1.1751059293746948 4.141110420227051
frame-000062.color.jpg 0.4083000833246521 0.8453761339187622 -0.289151668548584 0.1871405839920044 3.6352479457855225 -1.1130009889602661 3.9929966926574707
frame-000063.color.jpg 0.40848789788585765 0.8496591448783875 -0.2819328308105469 0.17813153564929962 3.725764513015747 -1.1283046007156372 3.914947986602783
frame-000064.color.jpg 0.40874521710065914 0.85780268907547 -0.2614692449569702 0.16951650381088257 3.887493371963501 -1.0477005243301392 3.798196315765381
frame-000065.color.jpg 0.40773207310690057 0.8630029559135437 -0.248615100979805 0.16483628749847412 3.9819681644439697 -0.9998490810394287 3.728600025177002
frame-000066.color.jpg 0.3974986167916996 0.8737255334854126 -0.23460963368415833 0.15348200500011444 4.10158634185791 -1.042761206626892 3.6077818870544434
frame-000067.color.jpg 0.3935468527638515 0.878767192363739 -0.22461679577827454 0.1497880220413208 4.164058685302734 -1.0116539001464844 3.5480573177337646
frame-000068.color.jpg 0.3776888678202325 0.8885253667831421 -0.2187793105840683 0.1414545178413391 4.222387313842773 -1.101091742515564 3.4615604877471924
frame-000069.color.jpg 0.36705748618083384 0.8947392106056213 -0.21931438148021698 0.1288863867521286 4.2649383544921875 -1.235185146331787 3.3661351203918457
frame-000070.color.jpg 0.3596632835225502 0.9013346433639526 -0.2114371955394745 0.11632917821407318 4.354001998901367 -1.2943050861358643 3.2547624111175537
frame-000071.color.jpg 0.3481469261905229 0.9086224436759949 -0.20507469773292542 0.10556234419345856 4.433279991149902 -1.360658049583435 3.1371910572052
frame-000072.color.jpg 0.33827934202946935 0.9147769212722778 -0.1993255764245987 0.09497210383415222 4.515995979309082 -1.4216094017028809 3.023512601852417
frame-000073.color.jpg 0.33320734117435663 0.9180134534835815 -0.19485092163085938 0.09086909145116806 4.553773880004883 -1.430229902267456 2.9649417400360107
frame-000074.color.jpg 0.32478545175886336 0.922706663608551 -0.18688639998435974 0.09055536240339279 4.608130931854248 -1.4056181907653809 2.9227497577667236
frame-000075.color.jpg 0.3228598563076351 0.92322838306427 -0.18744437396526337 0.0909692570567131 4.619735240936279 -1.4184094667434692 2.928736686706543
frame-000076.color.jpg 0.32869485916300456 0.9180099964141846 -0.20064958930015564 0.09464215487241745 4.579195022583008 -1.4923155307769775 3.0186495780944824
frame-000077.color.jpg 0.33153705109879245 0.916034996509552 -0.2042958289384842 0.09605336934328079 4.580159664154053 -1.5035334825515747 3.0552473068237305
frame-000078.color.jpg 0.3293415861024622 0.9148932695388794 -0.20737986266613007 0.10722872614860535 4.554219722747803 -1.4911689758300781 3.16912579536438
frame-000079.color.jpg 0.331266441684828 0.9095777273178101 -0.22024957835674286 0.12008711695671082 4.450294017791748 -1.5358504056930542 3.3304498195648193
frame-000080.color.jpg 0.33350686210624664 0.8982660174369812 -0.24687977135181427 0.14471237361431122 4.2083892822265625 -1.6340032815933228 3.6319639682769775
frame-000081.color.jpg 0.327918583361099 0.8918987512588501 -0.267278790473938 0.15983694791793823 4.021175861358643 -1.7526617050170898 3.806161642074585
frame-000082.color.jpg 0.32857630397319604 0.8824183940887451 -0.28754496574401855 0.17519494891166687 3.8155782222747803 -1.8256281614303589 3.9860951900482178
frame-000083.color.jpg 0.33902008305181003 0.8714351058006287 -0.3033815026283264 0.18337364494800568 3.695772409439087 -1.8349003791809082 4.117051124572754
frame-000084.color.jpg 0.3519942669010001 0.8568838238716125 -0.3209120035171509 0.19714327156543732 3.5065762996673584 -1.8032450675964355 4.309065818786621
frame-000085.color.jpg 0.35246453278747913 0.850551962852478 -0.3315383791923523 0.20594260096549988 3.384458541870117 -1.8253172636032104 4.416308879852295
frame-000086.color.jpg 0.3514600754292564 0.8470504879951477 -0.33625102043151855 0.2142818123102188 3.301637649536133 -1.8214714527130127 4.496208190917969
frame-000087.color.jpg 0.34546850181918676 0.8480532765388489 -0.33547455072402954 0.2211654931306839 3.2675228118896484 -1.8203809261322021 4.541183948516846
frame-000088.color.jpg 0.33964950288589024 0.8475728034973145 -0.3394824266433716 0.22585415840148926 3.200411081314087 -1.863797903060913 4.574753284454346
frame-000089.color.jpg 0.3359705314722453 0.8431543111801147 -0.3522842228412628 0.22827674448490143 3.086369276046753 -1.9634891748428345 4.618907928466797
frame-000090.color.jpg 0.3460764406233139 0.8451973795890808 -0.3427853286266327 0.21993345022201538 3.2314038276672363 -1.8835411071777344 4.560671806335449
frame-000091.color.jpg 0.36968262989203016 0.8564628958702087 -0.3064345717430115 0.18948376178741455 3.7077858448028564 -1.6277865171432495 4.2797112464904785
frame-000092.color.jpg 0.39263947822351963 0.8607671856880188 -0.2769976258277893 0.1678880900144577 4.030605792999268 -1.3748271465301514 4.048107624053955
frame-000093.color.jpg 0.4076344321514605 0.8651430010795593 -0.24950264394283295 0.15202052891254425 4.276246547698975 -1.150834560394287 3.839268922805786
frame-000094.color.jpg 0.4173767866896416 0.8680856823921204 -0.2278357446193695 0.14252954721450806 4.438117504119873 -0.9686658978462219 3.686659336090088
frame-000095.color.jpg 0.4406091137925505 0.8736303448677063 -0.17847362160682678 0.10382959246635437 4.835421085357666 -0.6187692880630493 3.1568143367767334
frame-000096.color.jpg 0.4495635965718444 0.8744264841079712 -0.16418829560279846 0.07945480942726135 4.99478006362915 -0.5745426416397095 2.883030652999878
frame-000097.color.jpg 0.46019710836499356 0.8758437037467957 -0.13412660360336304 0.05591535195708275 5.183633327484131 -0.3704502582550049 2.5356075763702393
frame-000098.color.jpg 0.470413586570717 0.8736518621444702 -0.11722801625728607 0.04124310985207558 5.287822246551514 -0.2481389194726944 2.323359727859497
frame-000099.color.jpg 0.48184741209176546 0.8697815537452698 -0.10460179299116135 0.01901884190738201 5.405008792877197 -0.2126999944448471 2.0529544353485107
frame-000100.color.jpg 0.48599584947514207 0.8684585094451904 -0.09712524712085724 0.012430335395038128 5.444820404052734 -0.15579375624656677 1.9546611309051514
frame-000101.color.jpg 0.49271935334585054 0.8668067455291748 -0.07658503949642181 -0.0029087276197969913 5.540236473083496 -0.007861816324293613 1.703870415687561
frame-000102.color.jpg 0.5021745535128601 0.8624935150146484 -0.06033194437623024 -0.01690174639225006 5.620485782623291 0.08390343189239502 1.4759080410003662
frame-000103.color.jpg 0.5026765082651725 0.862249493598938 -0.056561969220638275 -0.025356002151966095 5.653269290924072 0.09035465866327286 1.3858890533447266
frame-000104.color.jpg 0.5102280553361072 0.8578355312347412 -0.054026927798986435 -0.029437122866511345 5.675013065338135 0.10649221390485764 1.3285413980484009
frame-000105.color.jpg 0.5179999021530788 0.8538589477539062 -0.032872170209884644 -0.03898974508047104 5.726795196533203 0.272686630487442 1.109726071357727
frame-000106.color.jpg 0.5175489218579433 0.8540415167808533 -0.022805199027061462 -0.04728763550519943 5.7530517578125 0.3241729736328125 0.9787448644638062
frame-000107.color.jpg 0.5194873596457753 0.852929413318634 -0.014416661113500595 -0.049359992146492004 5.771575450897217 0.39040273427963257 0.9106744527816772
frame-000108.color.jpg 0.5172266612923675 0.8541343212127686 -0.008146820589900017 -0.05352406203746796 5.78575325012207 0.41669565439224243 0.840274453163147
frame-000109.color.jpg 0.5129438409084345 0.8557538390159607 0.010917479172348976 -0.06674262136220932 5.819467067718506 0.5031306147575378 0.6020763516426086
frame-000110.color.jpg 0.5109718857406755 0.8561776876449585 0.022274738177657127 -0.07328865677118301 5.829126834869385 0.5722265243530273 0.47515588998794556
frame-000111.color.jpg 0.5021074415996035 0.858476996421814 0.05069518834352493 -0.0912977084517479 5.857630729675293 0.7059412002563477 0.14249061048030853
frame-000112.color.jpg 0.4937026491481133 0.861816942691803 0.06585560739040375 -0.09587620198726654 5.863391399383545 0.8132467865943909 0.019578691571950912
frame-000113.color.jpg 0.4777641779701951 0.8679449558258057 0.08535920083522797 -0.1054832711815834 5.882193565368652 0.9251452684402466 -0.16054916381835938
frame-000114.color.jpg 0.46946676460621245 0.8703038096427917 0.0931486040353775 -0.11617029458284378 5.884971618652344 0.9289742112159729 -0.305498868227005
frame-000115.color.jpg 0.4649715537310973 0.8719576597213745 0.09482922405004501 -0.12041058391332626 5.88703727722168 0.9080759286880493 -0.35972368717193604
frame-000116.color.jpg 0.4582329387756338 0.8748469352722168 0.098136305809021 -0.12261613458395004 5.877274990081787 0.9168297648429871 -0.3905276656150818
frame-000117.color.jpg 0.4309603114785639 0.8875008225440979 0.1103500947356224 -0.12015978246927261 5.861738681793213 1.0086909532546997 -0.4070698916912079
frame-000118.color.jpg 0.4277109290844244 0.88887619972229 0.11127592623233795 -0.12074827402830124 5.860128879547119 1.004724144935608 -0.4127294719219208
frame-000119.color.jpg 0.4203534910639771 0.8921607732772827 0.11487623304128647 -0.11897756159305573 5.854979515075684 1.0366251468658447 -0.39805516600608826
frame-000120.color.jpg 0.41510240589707476 0.8946138620376587 0.11770264059305191 -0.11619850993156433 5.851935863494873 1.0639758110046387 -0.37038901448249817
frame-000121.color.jpg 0.40774959791313925 0.8994867205619812 0.11270090192556381 -0.10937292128801346 5.884189605712891 1.0220093727111816 -0.24976639449596405
frame-000122.color.jpg 0.40123993395429736 0.9037891626358032 0.1053449884057045 -0.1052335798740387 5.913353443145752 0.9432012438774109 -0.1573932021856308
frame-000123.color.jpg 0.3890440528674775 0.9103235602378845 0.09289440512657166 -0.10642555356025696 5.96056604385376 0.7788068056106567 -0.0861392617225647
frame-000124.color.jpg 0.38444148132610584 0.9122787714004517 0.09371722489595413 -0.1056847795844078 5.964559555053711 0.7830485701560974 -0.07217752188444138
frame-000125.color.jpg 0.3827052362387205 0.9136190414428711 0.09171212464570999 -0.10210718214511871 5.976545333862305 0.7699537873268127 -0.020227015018463135
frame-000126.color.jpg 0.3705686865724671 0.9199167490005493 0.08468423783779144 -0.09623169898986816 5.99257230758667 0.6977041959762573 0.08684585988521576
frame-000127.color.jpg 0.3553868818217376 0.9260673522949219 0.08298355340957642 -0.09598492830991745 6.0106706619262695 0.6464900970458984 0.1167362779378891
frame-000128.color.jpg 0.3513475759803951 0.9272846579551697 0.08599680662155151 -0.0964496061205864 6.012295722961426 0.6669318675994873 0.10202842950820923
frame-000129.color.jpg 0.3475078499735685 0.9279106259346008 0.08828853070735931 -0.10210467129945755 6.017735004425049 0.6623490452766418 0.03410918638110161
frame-000130.color.jpg 0.33247508734665804 0.9329251050949097 0.09651044756174088 -0.09897850453853607 6.038708209991455 0.7346035838127136 0.048965755850076675
frame-000131.color.jpg 0.32809302263264345 0.9351227283477783 0.08946049958467484 -0.09948514401912689 6.057357311248779 0.6307323575019836 0.07155860215425491
frame-000132.color.jpg 0.32487993185771447 0.9367653727531433 0.08538120985031128 -0.09815075248479843 6.068624973297119 0.5766299962997437 0.10672900080680847
frame-000133.color.jpg 0.31895969446796807 0.9391633868217468 0.08062264323234558 -0.09867489337921143 6.077432155609131 0.5047889351844788 0.12260309606790543
frame-000134.color.jpg 0.311292072633172 0.940891444683075 0.08336801081895828 -0.10426006466150284 6.0721564292907715 0.49737679958343506 0.05212483927607536
frame-000135.color.jpg 0.3030346885700191 0.9434353709220886 0.08100257068872452 -0.10741598904132843 6.075820446014404 0.4526931643486023 0.02464616857469082
frame-000136.color.jpg 0.3049148116519805 0.9430921673774719 0.07992178946733475 -0.10590881109237671 6.077018737792969 0.4434560239315033 0.04562908411026001
frame-000137.color.jpg 0.31658538057217755 0.9398168921470642 0.07370742410421371 -0.10528640449047089 6.081921100616455 0.3934014141559601 0.07072852551937103
frame-000138.color.jpg 0.3307849910129709 0.9346809983253479 0.0753001794219017 -0.10621955990791321 6.081882953643799 0.4529913365840912 0.054602935910224915
frame-000139.color.jpg 0.3499764167596871 0.9269505143165588 0.07945828139781952 -0.10938768088817596 6.087268829345703 0.54877108335495 -0.011305432766675949
frame-000140.color.jpg 0.36265546022375816 0.9215418100357056 0.07797452062368393 -0.11472444236278534 6.0986328125 0.5375521779060364 -0.07862043380737305
frame-000141.color.jpg 0.3768273008298119 0.915421187877655 0.08307325839996338 -0.11447308957576752 6.124058246612549 0.6255457997322083 -0.10337983816862106
frame-000142.color.jpg 0.380799326924275 0.9133557677268982 0.08859237283468246 -0.11368545889854431 6.1323418617248535 0.7037810683250427 -0.12571729719638824
frame-000143.color.jpg 0.3948671110038766 0.9039523601531982 0.10634616017341614 -0.12506245076656342 6.136295795440674 0.8871557712554932 -0.3440925180912018
frame-000144.color.jpg 0.3965134694818394 0.9019176363945007 0.11208847910165787 -0.12945130467414856 6.128098011016846 0.9352422952651978 -0.4188995361328125
frame-000145.color.jpg 0.3996913397610033 0.8998494744300842 0.11590287834405899 -0.13070693612098694 6.123430252075195 0.9821640253067017 -0.4523394703865051
frame-000146.color.jpg 0.44504372008841986 0.8795018792152405 0.102885402739048 -0.13351848721504211 6.14061164855957 0.9312820434570312 -0.4566258490085602
frame-000147.color.jpg 0.4533952946930581 0.8774524331092834 0.09542246907949448 -0.12411486357450485 6.145683288574219 0.914391040802002 -0.3299603760242462
frame-000148.color.jpg 0.45377032543180335 0.8786430358886719 0.08882385492324829 -0.11911852657794952 6.1506733894348145 0.8771215677261353 -0.24220527708530426
frame-000149.color.jpg 0.45908165750923496 0.8785735964775085 0.08053404837846756 -0.10424353182315826 6.134812831878662 0.8900769352912903 -0.05990207940340042
frame-000150.color.jpg 0.4676990010130386 0.8757859468460083 0.07051705569028854 -0.09635308384895325 6.10446834564209 0.8745014071464539 0.0029600507114082575
frame-000151.color.jpg 0.47133968114228003 0.8744873404502869 0.0689782202243805 -0.09139285981655121 6.089172840118408 0.8967193365097046 0.04015684127807617
frame-000152.color.jpg 0.47640649080514785 0.8725346326828003 0.06520254909992218 -0.0864221379160881 6.074024677276611 0.8948037624359131 0.08590824902057648
frame-000153.color.jpg 0.4795829396014604 0.8715967535972595 0.05999075621366501 -0.08197879791259766 6.060108661651611 0.8788252472877502 0.14181408286094666
frame-000154.color.jpg 0.4840849928323306 0.8702746629714966 0.04945194348692894 -0.0764077827334404 6.057759761810303 0.8036803007125854 0.23835033178329468
frame-000155.color.jpg 0.4828448799470181 0.8717333078384399 0.044409360736608505 -0.07049556076526642 6.0557756423950195 0.7859715223312378 0.3290647566318512
frame-000156.color.jpg 0.476547456558435 0.877485454082489 0.013877724297344685 -0.05224200710654259 6.086019515991211 0.5560232400894165 0.6987293362617493
frame-000157.color.jpg 0.47510284284954873 0.8786446452140808 -0.0056524756364524364 -0.047210633754730225 6.108170032501221 0.37697768211364746 0.8682588934898376
frame-000158.color.jpg 0.46979113147205515 0.8812822103500366 -0.026780832558870316 -0.04382433742284775 6.150655746459961 0.1586080938577652 1.0341318845748901
frame-000159.color.jpg 0.4703008128660873 0.8808834552764893 -0.03024638071656227 -0.04412069171667099 6.1676225662231445 0.12127387523651123 1.0513299703598022
frame-000160.color.jpg 0.47662794303296496 0.877865731716156 -0.034443680197000504 -0.03148340806365013 6.203669548034668 0.1721879243850708 1.2125970125198364
frame-000161.color.jpg 0.482043049450201 0.8748751878738403 -0.03628106787800789 -0.030191028490662575 6.250543117523193 0.1791665405035019 1.2399483919143677
frame-000162.color.jpg 0.48530391365192005 0.8729503154754639 -0.036507535725831985 -0.03324389457702637 6.2780046463012695 0.17471972107887268 1.2102446556091309
frame-000163.color.jpg 0.48704307306885597 0.8721466660499573 -0.017869681119918823 -0.04277823120355606 6.358657360076904 0.32986828684806824 0.9992581009864807
frame-000164.color.jpg 0.48731114563832184 0.8720108270645142 -0.011112847365438938 -0.04473798722028732 6.376086235046387 0.39575693011283875 0.9416982531547546
frame-000165.color.jpg 0.4932576412005932 0.8682237267494202 0.004533377941697836 -0.053513795137405396 6.429441928863525 0.5300049185752869 0.7449941039085388
frame-000166.color.jpg 0.49368782454272664 0.867668092250824 0.007596109062433243 -0.05802306905388832 6.450067520141602 0.5415213108062744 0.6815773844718933
frame-000167.color.jpg 0.4959585625083839 0.8652229309082031 0.026692477986216545 -0.06857148557901382 6.488507270812988 0.6953439116477966 0.4365752041339874
frame-000168.color.jpg 0.4932767215445381 0.8660802245140076 0.032804712653160095 -0.07420952618122101 6.497200012207031 0.7209197282791138 0.34053120017051697
frame-000169.color.jpg 0.49714996588059274 0.862815260887146 0.04558242857456207 -0.07946081459522247 6.501988410949707 0.832743227481842 0.18714727461338043
frame-000170.color.jpg 0.4977292904792256 0.8618601560592651 0.05120105668902397 -0.08271059393882751 6.504574298858643 0.8731565475463867 0.11137420684099197
frame-000171.color.jpg 0.49897260905958885 0.8601527810096741 0.055864911526441574 -0.08968067169189453 6.505987644195557 0.8807705044746399 -0.001246837666258216
frame-000172.color.jpg 0.5026783632252599 0.8565386533737183 0.06534470617771149 -0.09688220918178558 6.505843639373779 0.9446889162063599 -0.15860015153884888
frame-000173.color.jpg 0.5033899817117321 0.855622410774231 0.07046913355588913 -0.09768792241811752 6.496546268463135 0.9955568313598633 -0.20486266911029816
frame-000174.color.jpg 0.5171352438646064 0.842894971370697 0.09291819483041763 -0.11604052782058716 6.442204475402832 1.138038158416748 -0.6148695945739746
frame-000175.color.jpg 0.5230515442942604 0.838359534740448 0.09799835085868835 -0.11818144470453262 6.429925441741943 1.1804598569869995 -0.690980076789856
frame-000176.color.jpg 0.5236515787779481 0.8306006193161011 0.13138218224048615 -0.13649310171604156 6.290253162384033 1.427427887916565 -1.1486819982528687
frame-000177.color.jpg 0.5189400519405739 0.829371452331543 0.1469964236021042 -0.14572679996490479 6.202032089233398 1.5427114963531494 -1.3690314292907715
frame-000178.color.jpg 0.5136198908637246 0.8300741314888 0.15644758939743042 -0.15065109729766846 6.1405205726623535 1.6222167015075684 -1.497045874595642
frame-000179.color.jpg 0.5105753672453317 0.831882894039154 0.1574615091085434 -0.14996549487113953 6.13226318359375 1.6390948295593262 -1.4952257871627808
frame-000180.color.jpg 0.5052755025676292 0.8338794708251953 0.16328638792037964 -0.15059611201286316 6.104957103729248 1.7012265920639038 -1.5431349277496338
frame-000181.color.jpg 0.5067442018571943 0.8296746015548706 0.1744503676891327 -0.15626110136508942 6.0366950035095215 1.7775450944900513 -1.6927735805511475
frame-000182.color.jpg 0.5021719763062855 0.829410970211029 0.18563883006572723 -0.15949584543704987 5.976119518280029 1.8838822841644287 -1.793846607208252
frame-000183.color.jpg 0.49103139384283384 0.8249122500419617 0.21575447916984558 -0.1784878671169281 5.769316673278809 2.08451247215271 -2.1626155376434326
frame-000184.color.jpg 0.4882709369642994 0.8206062912940979 0.2276071012020111 -0.19076669216156006 5.6664719581604 2.125993251800537 -2.35408616065979
frame-000185.color.jpg 0.4824923081078917 0.8152087926864624 0.24754363298416138 -0.20336639881134033 5.5114426612854 2.243015766143799 -2.5812931060791016
frame-000186.color.jpg 0.4732281173069 0.8162301182746887 0.2553751468658447 -0.21120378375053406 5.447690486907959 2.2821297645568848 -2.6758248805999756
frame-000187.color.jpg 0.4654409259860365 0.8119703531265259 0.27158692479133606 -0.224297896027565 5.314905643463135 2.360445499420166 -2.869973659515381
frame-000188.color.jpg 0.46256830517643255 0.8122220635414124 0.27352118492126465 -0.22696253657341003 5.308408260345459 2.3690900802612305 -2.8918988704681396
frame-000189.color.jpg 0.4610373457706391 0.8089464902877808 0.2766786217689514 -0.23769527673721313 5.252788543701172 2.332519054412842 -3.0143589973449707
frame-000190.color.jpg 0.455307535190348 0.8023384213447571 0.29115357995033264 -0.25333333015441895 5.1152544021606445 2.387585163116455 -3.2150936126708984
frame-000191.color.jpg 0.4585448480988247 0.7977067232131958 0.28866615891456604 -0.26471200585365295 5.133113384246826 2.2625949382781982 -3.2678024768829346
frame-000192.color.jpg 0.4587848865805786 0.7969886660575867 0.2887917757034302 -0.2663169801235199 5.132404804229736 2.2519235610961914 -3.2745437622070312
frame-000193.color.jpg 0.46211843324871554 0.7921231985092163 0.29396072030067444 -0.26939642429351807 5.108761787414551 2.260690927505493 -3.307518482208252
frame-000194.color.jpg 0.46089537770759215 0.7910589575767517 0.2967571020126343 -0.2715444564819336 5.0886030197143555 2.2693443298339844 -3.322500467300415
frame-000195.color.jpg 0.46032410686394326 0.7909984588623047 0.2977316379547119 -0.2716228663921356 5.084218502044678 2.2762179374694824 -3.3147289752960205
frame-000196.color.jpg 0.45953836432659156 0.788497805595398 0.30305710434913635 -0.27432113885879517 5.065354347229004 2.2670013904571533 -3.280022621154785
frame-000197.color.jpg 0.4580536501303381 0.7886713147163391 0.30470725893974304 -0.27447742223739624 5.0629706382751465 2.2774882316589355 -3.2674977779388428
frame-000198.color.jpg 0.4564409116794179 0.788964569568634 0.305439829826355 -0.27550485730171204 5.058775901794434 2.2781829833984375 -3.2694265842437744
frame-000199.color.jpg 0.4560920225391057 0.7874251008033752 0.3104194700717926 -0.27492108941078186 5.030640602111816 2.322697639465332 -3.2715353965759277
frame-000200.color.jpg 0.45330975944144786 0.7792333364486694 0.3237886428833008 -0.28717008233070374 4.875432014465332 2.3688812255859375 -3.4473979473114014
frame-000201.color.jpg 0.4501669359253685 0.76857590675354 0.34871795773506165 -0.29161056876182556 4.6387739181518555 2.5662970542907715 -3.5987746715545654
frame-000202.color.jpg 0.44697331184800354 0.7642140984535217 0.359121173620224 -0.2953364849090576 4.530835151672363 2.6468987464904785 -3.672454595565796
frame-000203.color.jpg 0.43709880251128397 0.7603236436843872 0.3747430145740509 -0.30069953203201294 4.356006145477295 2.762239933013916 -3.7506752014160156
frame-000204.color.jpg 0.42886916062568137 0.7620183229446411 0.38052457571029663 -0.30099910497665405 4.301326274871826 2.828575372695923 -3.743755340576172
frame-000205.color.jpg 0.42532385140701345 0.7627251744270325 0.3837697505950928 -0.3001178205013275 4.277271747589111 2.870344638824463 -3.7317452430725098
frame-000206.color.jpg 0.4147661714162121 0.7646826505661011 0.3928636908531189 -0.2981399893760681 4.204967975616455 2.9841020107269287 -3.7129600048065186
frame-000207.color.jpg 0.4044356205732748 0.7655901908874512 0.40126916766166687 -0.2988085448741913 4.119058609008789 3.077637195587158 -3.713812828063965
frame-000208.color.jpg 0.390509189313652 0.7721485495567322 0.4024305045604706 -0.29889607429504395 4.109288215637207 3.1116230487823486 -3.6640875339508057
frame-000209.color.jpg 0.3851764798618568 0.7748590111732483 0.4060996174812317 -0.29379555583000183 4.096860885620117 3.184080123901367 -3.6014657020568848
frame-000210.color.jpg 0.37425523813170836 0.7782648801803589 0.4119587242603302 -0.29073500633239746 4.058694362640381 3.276043653488159 -3.547321081161499
frame-000211.color.jpg 0.364933132124132 0.780422031879425 0.4164440631866455 -0.2904129922389984 4.022610187530518 3.3264577388763428 -3.5159549713134766
frame-000212.color.jpg 0.3509335834512743 0.7791215777397156 0.4316096305847168 -0.2890128195285797 3.880052328109741 3.4802439212799072 -3.484684467315674
frame-000213.color.jpg 0.3490401098974489 0.7765748500823975 0.4379611313343048 -0.2886044681072235 3.813641309738159 3.5320005416870117 -3.4881772994995117
frame-000214.color.jpg 0.34535718912246943 0.7712637782096863 0.4468762278556824 -0.2935679852962494 3.6932880878448486 3.5642778873443604 -3.534149408340454
frame-000215.color.jpg 0.3396928939494378 0.7718623876571655 0.45306041836738586 -0.2890905439853668 3.658229112625122 3.650585651397705 -3.478175640106201
frame-000216.color.jpg 0.33344044216901125 0.776797354221344 0.45251357555389404 -0.2839623689651489 3.7013704776763916 3.6865012645721436 -3.394285202026367
frame-000217.color.jpg 0.3199387458363978 0.7843887209892273 0.4476388692855835 -0.2863442003726959 3.789764642715454 3.663971185684204 -3.3509116172790527
frame-000218.color.jpg 0.30853723316749204 0.7884836792945862 0.45171406865119934 -0.2811630666255951 3.7990856170654297 3.748523473739624 -3.2588582038879395
frame-000219.color.jpg 0.30454501332932365 0.7899749279022217 0.45494765043258667 -0.27606990933418274 3.798811674118042 3.8113760948181152 -3.1953117847442627
frame-000220.color.jpg 0.3036358206624758 0.7801334857940674 0.4720405340194702 -0.2763597071170807 3.643841505050659 3.9536023139953613 -3.24301815032959
frame-000221.color.jpg 0.30834649937117364 0.758939802646637 0.49516090750694275 -0.2893930971622467 3.3403263092041016 4.0759172439575195 -3.462160587310791
frame-000222.color.jpg 0.3148431129270949 0.7492842078208923 0.49819615483283997 -0.3020719289779663 3.257671594619751 4.018275260925293 -3.631519079208374
frame-000223.color.jpg 0.3185784647673883 0.7389951348304749 0.5058798789978027 -0.31061142683029175 3.120286226272583 4.025881290435791 -3.7598955631256104
frame-000224.color.jpg 0.3291954809626103 0.729348361492157 0.5061860084533691 -0.3216473162174225 3.0544166564941406 3.935756206512451 -3.928972005844116
frame-000225.color.jpg 0.33579828841042064 0.7202557325363159 0.5113459229469299 -0.3271034359931946 2.954019069671631 3.924488067626953 -4.030482769012451
frame-000226.color.jpg 0.34405922708194564 0.7083060145378113 0.5161631107330322 -0.336899995803833 2.8339786529541016 3.8750925064086914 -4.1892218589782715
frame-000227.color.jpg 0.3456968174753133 0.6904545426368713 0.5333378911018372 -0.3454226851463318 2.558342933654785 3.9307761192321777 -4.327906131744385
frame-000228.color.jpg 0.3411286511346278 0.6664218306541443 0.5584466457366943 -0.3572821319103241 2.130655288696289 4.027055263519287 -4.481727600097656
frame-000229.color.jpg 0.3417723483923653 0.633699357509613 0.5841645002365112 -0.37465816736221313 1.5883322954177856 4.038234710693359 -4.702912330627441
frame-000230.color.jpg 0.33930503965933156 0.6242287755012512 0.5916818380355835 -0.3809502422809601 1.4049718379974365 4.05158805847168 -4.759659767150879
frame-000231.color.jpg 0.3377709988107386 0.6050605177879333 0.6032818555831909 -0.39479562640190125 1.0688753128051758 4.000019550323486 -4.884459018707275
frame-000232.color.jpg 0.33653883138163965 0.5941541194915771 0.6144035458564758 -0.3952602446079254 0.8610959053039551 4.036569118499756 -4.893517971038818
frame-000233.color.jpg 0.33084180217582565 0.5690377354621887 0.6340697407722473 -0.4058266282081604 0.39603734016418457 4.031209468841553 -4.957703113555908
frame-000234.color.jpg 0.3212202477252693 0.5492481589317322 0.6508662700653076 -0.4141461253166199 0.005022216588258743 4.046407222747803 -4.969757080078125
frame-000235.color.jpg 0.31008339641516824 0.5245425701141357 0.6664707660675049 -0.4295578896999359 -0.42451953887939453 3.991337299346924 -4.998612403869629
frame-000236.color.jpg 0.29807020023082437 0.4945494830608368 0.6849444508552551 -0.4443266987800598 -0.9137399792671204 3.909003496170044 -4.985509395599365
frame-000237.color.jpg 0.275980008200399 0.44296613335609436 0.7147753238677979 -0.46552374958992004 -1.7310467958450317 3.757943630218506 -4.85732364654541
frame-000238.color.jpg 0.26914220392609983 0.43122372031211853 0.7215698957443237 -0.47004854679107666 -1.9197765588760376 3.721280574798584 -4.802485466003418
frame-000239.color.jpg 0.2586618879588689 0.41968774795532227 0.7288355231285095 -0.47513678669929504 -2.1173207759857178 3.7086386680603027 -4.718784332275391
frame-000240.color.jpg 0.2502720469794959 0.40895670652389526 0.7365182042121887 -0.4771363437175751 -2.292374849319458 3.7067630290985107 -4.646084308624268
frame-000241.color.jpg 0.2549900093803265 0.4090415835380554 0.7413107752799988 -0.4670366644859314 -2.2829365730285645 3.7532646656036377 -4.638359546661377
frame-000242.color.jpg 0.2544388684843409 0.42808830738067627 0.7367830276489258 -0.4573315680027008 -2.052004337310791 3.9194703102111816 -4.656057834625244
frame-000243.color.jpg 0.24475311680798503 0.43883761763572693 0.7337520718574524 -0.45730212330818176 -1.9569356441497803 4.034905433654785 -4.642092704772949
frame-000244.color.jpg 0.23468158062803554 0.4545125663280487 0.7365002632141113 -0.4426174759864807 -1.8142096996307373 4.276660919189453 -4.5320868492126465
frame-000245.color.jpg 0.21770513397989402 0.437649667263031 0.7559450268745422 -0.4354475140571594 -2.163574457168579 4.368920803070068 -4.3061957359313965
frame-000246.color.jpg 0.2044351915063821 0.3977867066860199 0.7841714024543762 -0.43017101287841797 -2.772603750228882 4.294955253601074 -4.0464911460876465
frame-000247.color.jpg 0.19277622939121128 0.34499287605285645 0.8037620186805725 -0.4447288513183594 -3.4593629837036133 3.964104413986206 -3.856630563735962
frame-000248.color.jpg 0.1847738598359286 0.3163735270500183 0.8076350688934326 -0.46205198764801025 -3.7970237731933594 3.7135021686553955 -3.7747058868408203
frame-000249.color.jpg 0.1777828484468865 0.30560502409935 0.8055909872055054 -0.47541776299476624 -3.9384803771972656 3.5995404720306396 -3.7373993396759033
frame-000250.color.jpg 0.1780742393214241 0.27933478355407715 0.8057894110679626 -0.4908820688724518 -4.19563102722168 3.313232660293579 -3.6976430416107178
frame-000251.color.jpg 0.18226013152817594 0.26364198327064514 0.8008726835250854 -0.5058430433273315 -4.333004951477051 3.0923938751220703 -3.7348272800445557
frame-000252.color.jpg 0.18626387920538612 0.2559359073638916 0.7937375903129578 -0.5194066166877747 -4.383590221405029 2.9349300861358643 -3.797666311264038
frame-000253.color.jpg 0.19757951034340215 0.24995183944702148 0.7854233980178833 -0.5306567549705505 -4.386934757232666 2.7732396125793457 -3.9383575916290283
frame-000254.color.jpg 0.20277297588011695 0.24654382467269897 0.7804160714149475 -0.5376335978507996 -4.392383575439453 2.6767590045928955 -4.004124641418457
frame-000255.color.jpg 0.21859453923969924 0.2379617840051651 0.7730726003646851 -0.545847475528717 -4.402008533477783 2.4646475315093994 -4.148174285888672
frame-000256.color.jpg 0.24081872969746126 0.24581868946552277 0.7584279775619507 -0.5535037517547607 -4.204015731811523 2.3236589431762695 -4.423102855682373
frame-000257.color.jpg 0.25552285769265737 0.24824205040931702 0.7473974823951721 -0.5607860088348389 -4.105882167816162 2.1799874305725098 -4.594791889190674
frame-000258.color.jpg 0.26252294019299377 0.2502947747707367 0.7397109866142273 -0.5667995810508728 -4.039337635040283 2.092489719390869 -4.6952900886535645
frame-000259.color.jpg 0.27038491813908083 0.25132066011428833 0.7348726391792297 -0.5689393281936646 -3.9873201847076416 2.025211811065674 -4.781604290008545
frame-000260.color.jpg 0.28146235507413725 0.2506202459335327 0.7229461073875427 -0.5790659189224243 -3.9230918884277344 1.855394959449768 -4.909223556518555
frame-000261.color.jpg 0.28218144543911605 0.24979481101036072 0.7174540162086487 -0.5858635306358337 -3.9202353954315186 1.7897573709487915 -4.936497688293457
frame-000262.color.jpg 0.28405328650184025 0.2490425407886505 0.7132077813148499 -0.5904458165168762 -3.9121601581573486 1.733105182647705 -4.958353042602539
frame-000263.color.jpg 0.2880748935690203 0.24637089669704437 0.7041847109794617 -0.6003649830818176 -3.89309024810791 1.612744688987732 -5.006929397583008
frame-000264.color.jpg 0.2895800230467444 0.24229171872138977 0.6962759494781494 -0.6104407906532288 -3.906773805618286 1.4981458187103271 -5.03678560256958
frame-000265.color.jpg 0.2922958406241699 0.23955541849136353 0.6937150359153748 -0.6131361126899719 -3.9094347953796387 1.4420006275177002 -5.046091556549072
frame-000266.color.jpg 0.2900060498131591 0.23773616552352905 0.6930062174797058 -0.6157276034355164 -3.9379451274871826 1.435487985610962 -5.028193950653076
frame-000267.color.jpg 0.2896231531671053 0.2366645783185959 0.6935929656028748 -0.6156598329544067 -3.9548873901367188 1.434604525566101 -5.018225193023682
frame-000268.color.jpg 0.28674572946766264 0.23591284453868866 0.7009944915771484 -0.6088751554489136 -3.9893991947174072 1.491767406463623 -4.961062431335449
frame-000269.color.jpg 0.283104809911481 0.23465968668460846 0.7045993208885193 -0.6068989634513855 -4.020633697509766 1.5280627012252808 -4.920629024505615
frame-000270.color.jpg 0.2794298172699851 0.23214760422706604 0.7067247033119202 -0.6070968508720398 -4.063276290893555 1.5345755815505981 -4.876321792602539
frame-000271.color.jpg 0.2583672010648371 0.210707888007164 0.7222478985786438 -0.6059758067131042 -4.381776809692383 1.567226529121399 -4.5686140060424805
frame-000272.color.jpg 0.25193781401025805 0.20416702330112457 0.7268496155738831 -0.6054195165634155 -4.475701332092285 1.5762444734573364 -4.469563007354736
frame-000273.color.jpg 0.2279026336707326 0.17935116589069366 0.7393826246261597 -0.6076239943504333 -4.796159267425537 1.5712385177612305 -4.11258602142334
frame-000274.color.jpg 0.22225796544281556 0.1721011996269226 0.7438145875930786 -0.606401264667511 -4.878372669219971 1.5688172578811646 -4.010770797729492
frame-000275.color.jpg 0.19849291357955107 0.14413927495479584 0.7647282481193542 -0.5958315134048462 -5.14924955368042 1.5621554851531982 -3.558788776397705
frame-000276.color.jpg 0.1888091557886674 0.13708409667015076 0.775555431842804 -0.5865773558616638 -5.227556228637695 1.6129695177078247 -3.3903331756591797
frame-000277.color.jpg 0.18191891475431837 0.1351063996553421 0.7771732807159424 -0.5870718955993652 -5.251219749450684 1.6406346559524536 -3.315072774887085
frame-000278.color.jpg 0.17755842930832924 0.13338212668895721 0.7815723419189453 -0.5829466581344604 -5.275052070617676 1.6831592321395874 -3.2435851097106934
frame-000279.color.jpg 0.17057083726363992 0.12802229821681976 0.7897790670394897 -0.5751217603683472 -5.344011306762695 1.719826340675354 -3.1084728240966797
frame-000280.color.jpg 0.16245519998964533 0.12062611430883408 0.8023260831832886 -0.5615429282188416 -5.401537895202637 1.7659696340560913 -2.943300247192383
frame-000281.color.jpg 0.16104529060234968 0.11799047887325287 0.8073806166648865 -0.5552289485931396 -5.413511276245117 1.7694792747497559 -2.8855295181274414
frame-000282.color.jpg 0.1573238417428351 0.11514429748058319 0.8129666447639465 -0.5487040877342224 -5.449324131011963 1.7951955795288086 -2.8079075813293457
frame-000283.color.jpg 0.15555395114247844 0.11063892394304276 0.8205273747444153 -0.5387921333312988 -5.48219633102417 1.7873326539993286 -2.7222886085510254
frame-000284.color.jpg 0.15075230942366274 0.09631046652793884 0.8444761633872986 -0.5048347115516663 -5.594637393951416 1.761815071105957 -2.4653432369232178
frame-000285.color.jpg 0.15108486487848805 0.09755853563547134 0.8483550548553467 -0.4979451596736908 -5.585491180419922 1.7973103523254395 -2.44938588142395
frame-000286.color.jpg 0.14613332188400943 0.09674427658319473 0.851885199546814 -0.49353545904159546 -5.60253381729126 1.8251245021820068 -2.3786885738372803
frame-000287.color.jpg 0.14531083068058498 0.0965241864323616 0.8556615114212036 -0.48724859952926636 -5.606428146362305 1.8465240001678467 -2.346554756164551
frame-000288.color.jpg 0.13857303151405864 0.09599168598651886 0.8636490106582642 -0.47507208585739136 -5.6341423988342285 1.91943359375 -2.2240195274353027
frame-000289.color.jpg 0.12401289032258964 0.08798860013484955 0.8853204250335693 -0.4394160509109497 -5.7220458984375 2.0208427906036377 -1.8994227647781372
frame-000290.color.jpg 0.11525159052498067 0.07751777768135071 0.9006079435348511 -0.4118412733078003 -5.78635835647583 2.014784336090088 -1.6572604179382324
frame-000291.color.jpg 0.10342827553481218 0.0694299191236496 0.9089564085006714 -0.3978445827960968 -5.839040756225586 2.011901378631592 -1.4467390775680542
frame-000292.color.jpg 0.07892196440529307 0.042680513113737106 0.9235478043556213 -0.3728393018245697 -5.913018226623535 1.8895174264907837 -0.9579330682754517
frame-000293.color.jpg 0.0779683767339848 0.03536074236035347 0.9249281883239746 -0.3703759014606476 -5.925440788269043 1.8183151483535767 -0.9122695922851562
frame-000294.color.jpg 0.07503122938705627 0.025497913360595703 0.9244128465652466 -0.3730696737766266 -5.945275783538818 1.7197142839431763 -0.8434144854545593
frame-000295.color.jpg 0.07027831792851018 0.01403025258332491 0.925110936164856 -0.3728724420070648 -5.972944259643555 1.6181178092956543 -0.7398585677146912
frame-000296.color.jpg 0.06693619355439319 0.006848656106740236 0.9239708781242371 -0.3764975368976593 -5.987749099731445 1.5494518280029297 -0.6826757788658142
frame-000297.color.jpg 0.05598853925364546 -0.011811626143753529 0.9160874485969543 -0.39687442779541016 -6.006592750549316 1.3771717548370361 -0.5408505201339722
frame-000298.color.jpg 0.05618290160619197 -0.015215951018035412 0.9149283170700073 -0.39939722418785095 -6.006016254425049 1.3316826820373535 -0.5370734930038452
frame-000299.color.jpg 0.051901331982347844 -0.024048618972301483 0.9150431752204895 -0.39927932620048523 -6.016429901123047 1.260171890258789 -0.44322705268859863
frame-000300.color.jpg 0.04719132791505957 -0.031722042709589005 0.9143889546394348 -0.4008236825466156 -6.031899929046631 1.2007285356521606 -0.3596813976764679
frame-000301.color.jpg 0.029931679579894392 -0.0727011114358902 0.908820390701294 -0.4097121059894562 -6.043814182281494 0.8181489109992981 0.008115844801068306
frame-000302.color.jpg 0.027688854191499367 -0.08076169341802597 0.9085415601730347 -0.40897804498672485 -6.047552108764648 0.7364514470100403 0.07217072695493698
frame-000303.color.jpg 0.029317425418558227 -0.08444222807884216 0.9088689684867859 -0.4073907136917114 -6.0401811599731445 0.6903937458992004 0.07707050442695618
frame-000304.color.jpg 0.016041619923757022 -0.11799932271242142 0.9083645939826965 -0.400864839553833 -6.013275146484375 0.37892603874206543 0.3835974335670471
frame-000305.color.jpg 0.008586972720295346 -0.1394662708044052 0.9087634682655334 -0.3932229280471802 -5.995120048522949 0.17157910764217377 0.5940639972686768
frame-000306.color.jpg 0.005424786820791816 -0.15753480792045593 0.9048627018928528 -0.39544492959976196 -5.989537715911865 -0.026244644075632095 0.7116596698760986
frame-000307.color.jpg 0.00040705600118475253 0.16529269516468048 -0.9018797874450684 0.39911291003227234 -5.98002290725708 -0.08844335377216339 0.8269617557525635
frame-000308.color.jpg 0.0022998590844477604 0.17095091938972473 -0.9019505977630615 0.3965546190738678 -5.973639011383057 -0.14522142708301544 0.8845188617706299
frame-000309.color.jpg 0.003139446981064959 0.17486219108104706 -0.9022241830825806 0.3942142724990845 -5.964170455932617 -0.19104647636413574 0.9216724038124084
frame-000310.color.jpg 0.0023594635674673114 0.17904920876026154 -0.9028717875480652 0.39084309339523315 -5.959293842315674 -0.25902608036994934 0.9449029564857483
frame-000311.color.jpg 0.012676928621377636 0.20869138836860657 -0.9009998440742493 0.38011378049850464 -5.907249450683594 -0.5661181807518005 1.2329663038253784
frame-000312.color.jpg 0.016037686523273406 0.2240229696035385 -0.9007247686386108 0.371821790933609 -5.863032817840576 -0.7273424863815308 1.3492566347122192
frame-000313.color.jpg 0.02927250280499672 0.25446751713752747 -0.8886885643005371 0.38029205799102783 -5.743669509887695 -0.983680009841919 1.6334388256072998
frame-000314.color.jpg 0.046008865733356545 0.2735772430896759 -0.8756566047668457 0.3953026533126831 -5.642696380615234 -1.0630757808685303 1.8974570035934448
frame-000315.color.jpg 0.047870648237609864 0.28360429406166077 -0.8709182143211365 0.39847028255462646 -5.594202518463135 -1.143683910369873 1.9524412155151367
frame-000316.color.jpg 0.05446772697919146 0.29411938786506653 -0.8621411323547363 0.40894943475723267 -5.518453121185303 -1.1723343133926392 2.0735485553741455
frame-000317.color.jpg 0.07090890762440696 0.3045242130756378 -0.8526505827903748 0.4185975193977356 -5.380931377410889 -1.147177815437317 2.276170492172241
frame-000318.color.jpg 0.07372415381156064 0.31029239296913147 -0.8496142625808716 0.4200463891029358 -5.335094928741455 -1.1807591915130615 2.327604055404663
frame-000319.color.jpg 0.07249577960166922 0.3165528476238251 -0.8476307392120361 0.4195958971977234 -5.301589488983154 -1.241754412651062 2.3369126319885254
frame-000320.color.jpg 0.07233217825889152 0.3273177146911621 -0.8402580618858337 0.42614269256591797 -5.218806266784668 -1.3131661415100098 2.372667074203491
frame-000321.color.jpg 0.07054040313562494 0.32979848980903625 -0.838611364364624 0.4277709722518921 -5.204965114593506 -1.331540584564209 2.3650949001312256
frame-000322.color.jpg 0.0762808847250005 0.33328789472579956 -0.8277723789215088 0.44485190510749817 -5.148767948150635 -1.2799431085586548 2.428058385848999
frame-000323.color.jpg 0.07485398817131847 0.31811657547950745 -0.8183563351631165 0.4727489948272705 -5.1944899559021 -1.052085280418396 2.3128888607025146
frame-000324.color.jpg 0.07362084245375089 0.31172752380371094 -0.8166706562042236 0.48005715012550354 -5.224548816680908 -0.981416642665863 2.2605955600738525
frame-000325.color.jpg 0.07989092754831426 0.30957767367362976 -0.8082193732261658 0.49453049898147583 -5.216635227203369 -0.8826870918273926 2.3043670654296875
frame-000326.color.jpg 0.08204865968314344 0.30889657139778137 -0.7971717119216919 0.5122188925743103 -5.213018894195557 -0.8193783164024353 2.3164174556732178
frame-000327.color.jpg 0.08287220415674092 0.3083348274230957 -0.7939366102218628 0.5174228549003601 -5.213932991027832 -0.7936923503875732 2.3152098655700684
frame-000328.color.jpg 0.0822183153957598 0.3080264925956726 -0.7896040678024292 0.5242949724197388 -5.21591854095459 -0.7742469906806946 2.301732301712036
frame-000329.color.jpg 0.08278868800616986 0.30990472435951233 -0.7867382168769836 0.527397632598877 -5.202919960021973 -0.7756854891777039 2.3163704872131348
frame-000330.color.jpg 0.09506720050753759 0.3158128559589386 -0.7702603340148926 0.5458237528800964 -5.14993143081665 -0.6793214678764343 2.436516761779785
frame-000331.color.jpg 0.09504583999839689 0.31349796056747437 -0.7680202722549438 0.550300121307373 -5.156608581542969 -0.6435649394989014 2.4165399074554443
frame-000332.color.jpg 0.10938416923912216 0.31062713265419006 -0.7476539611816406 0.5766796469688416 -5.139204025268555 -0.4306325614452362 2.466169834136963
frame-000333.color.jpg 0.1158601031265304 0.31158483028411865 -0.7386939525604248 0.5863639712333679 -5.120776653289795 -0.3538973927497864 2.5100719928741455
frame-000334.color.jpg 0.11549623224886044 0.31258493661880493 -0.7336241602897644 0.5922386050224304 -5.128812789916992 -0.33938565850257874 2.504528045654297
frame-000335.color.jpg 0.11135569256976825 0.313594251871109 -0.7300021648406982 0.5969550609588623 -5.138167858123779 -0.35881665349006653 2.4705591201782227
frame-000336.color.jpg 0.11282362451491684 0.31637388467788696 -0.7257006764411926 0.6004472970962524 -5.115349769592285 -0.3533097505569458 2.5023767948150635
frame-000337.color.jpg 0.11802216599898886 0.31574365496635437 -0.7210730314254761 0.605334997177124 -5.1033477783203125 -0.29120177030563354 2.5349717140197754
frame-000338.color.jpg 0.12202160044828639 0.31242942810058594 -0.7192341089248657 0.6084413528442383 -5.112832069396973 -0.213064506649971 2.529491424560547
frame-000339.color.jpg 0.12545009016219455 0.3102075755596161 -0.7181030511856079 0.6102144122123718 -5.10914421081543 -0.16185060143470764 2.537762403488159
frame-000340.color.jpg 0.13139074712981985 0.3254205882549286 -0.713609516620636 0.6062997579574585 -5.0328497886657715 -0.23677362501621246 2.6973955631256104
frame-000341.color.jpg 0.14071193898470818 0.34164419770240784 -0.7006714344024658 0.6103596687316895 -4.944583415985107 -0.2815829813480377 2.8624379634857178
frame-000342.color.jpg 0.14860643514590763 0.3554466962814331 -0.6844133734703064 0.6189927458763123 -4.871152400970459 -0.29889291524887085 3.003207206726074
frame-000343.color.jpg 0.15028526529766317 0.36739102005958557 -0.6791859269142151 0.6173692345619202 -4.8029937744140625 -0.3742189109325409 3.0907275676727295
frame-000344.color.jpg 0.16089269240923362 0.38472363352775574 -0.6681621074676514 0.6161661148071289 -4.6794304847717285 -0.42047733068466187 3.2903683185577393
frame-000345.color.jpg 0.1679683376037221 0.3910786807537079 -0.6614834666252136 0.6174818277359009 -4.607498645782471 -0.406440794467926 3.3826327323913574
frame-000346.color.jpg 0.193050407161036 0.41888493299484253 -0.6546980142593384 0.5988634824752808 -4.294884204864502 -0.43690207600593567 3.7585947513580322
frame-000347.color.jpg 0.20794406963847226 0.4366985559463501 -0.650946319103241 0.5850833058357239 -4.073486804962158 -0.4763391315937042 3.980351448059082
frame-000348.color.jpg 0.22310297283081817 0.4591584801673889 -0.6455578804016113 0.5680260062217712 -3.798316240310669 -0.562143087387085 4.226701736450195
frame-000349.color.jpg 0.23139052431205545 0.4708675444126129 -0.6436149477958679 0.5572270154953003 -3.6497857570648193 -0.6056422591209412 4.351086616516113
frame-000350.color.jpg 0.23444274476790408 0.4776431918144226 -0.640453577041626 0.5538166165351868 -3.557579278945923 -0.6404857039451599 4.406501770019531
frame-000351.color.jpg 0.24018695141644072 0.4835100471973419 -0.6386268138885498 0.5483466982841492 -3.447787046432495 -0.6535768508911133 4.4753031730651855
frame-000352.color.jpg 0.25030182406525525 0.4976106286048889 -0.6351895332336426 0.5350392460823059 -3.235149621963501 -0.722008228302002 4.616805076599121
frame-000353.color.jpg 0.2607212586242041 0.508384108543396 -0.6324644684791565 0.5230284929275513 -3.054973840713501 -0.7570011019706726 4.734565258026123
frame-000354.color.jpg 0.2683293645166118 0.5130353569984436 -0.6299323439598083 0.5176671147346497 -2.943070411682129 -0.7544325590133667 4.800421237945557
frame-000355.color.jpg 0.2749204377647349 0.5236764550209045 -0.6260477900505066 0.5081790089607239 -2.784358263015747 -0.8048413991928101 4.886094093322754
frame-000356.color.jpg 0.27407607193412276 0.5329039096832275 -0.6285872459411621 0.49575579166412354 -2.665322780609131 -0.9424924850463867 4.9244914054870605
frame-000357.color.jpg 0.2751794594822581 0.5441192984580994 -0.633572518825531 0.47623127698898315 -2.518131971359253 -1.1231125593185425 4.9709248542785645
frame-000358.color.jpg 0.26518047018758684 0.5541768670082092 -0.6395909786224365 0.46205055713653564 -2.463351011276245 -1.345298171043396 4.937241554260254
frame-000359.color.jpg 0.25889978486631676 0.5630706548690796 -0.64468914270401 0.4475468695163727 -2.3978590965270996 -1.53433358669281 4.918925762176514
frame-000360.color.jpg 0.2544261870051194 0.5654934048652649 -0.6463359594345093 0.44467341899871826 -2.3933987617492676 -1.6180500984191895 4.895406723022461
frame-000361.color.jpg 0.24422821588768362 0.5705024600028992 -0.6511743664741516 0.43686535954475403 -2.396937608718872 -1.7814033031463623 4.83707332611084
frame-000362.color.jpg 0.2331114482730752 0.5767398476600647 -0.6569280624389648 0.4259997010231018 -2.388774871826172 -1.9780725240707397 4.762649059295654
frame-000363.color.jpg 0.22930350438807465 0.578579843044281 -0.6597297191619873 0.42121490836143494 -2.3857243061065674 -2.0527093410491943 4.733587741851807
frame-000364.color.jpg 0.2273802761427417 0.588538408279419 -0.6620221734046936 0.4045335352420807 -2.2724969387054443 -2.2470803260803223 4.723687648773193
frame-000365.color.jpg 0.21951458299711388 0.5926015973091125 -0.6651352047920227 0.3977837860584259 -2.2565789222717285 -2.3666486740112305 4.667294025421143
frame-000366.color.jpg 0.21189370365294177 0.600042462348938 -0.667460560798645 0.38671237230300903 -2.2074286937713623 -2.5300469398498535 4.621271133422852
frame-000367.color.jpg 0.20856377524807954 0.6043232679367065 -0.669806718826294 0.3776949942111969 -2.164909601211548 -2.635343313217163 4.586789131164551
frame-000368.color.jpg 0.1970980262137536 0.6212920546531677 -0.6686364412307739 0.35787397623062134 -1.993574857711792 -2.9033522605895996 4.509220123291016
frame-000369.color.jpg 0.19951513180113756 0.627649188041687 -0.6646313071250916 0.35286760330200195 -1.8933979272842407 -2.941972017288208 4.5257649421691895
frame-000370.color.jpg 0.20459668989961932 0.6387996673583984 -0.6550102829933167 0.3479031026363373 -1.7113637924194336 -2.9726173877716064 4.580842018127441
frame-000371.color.jpg 0.2070840388674943 0.6468244791030884 -0.648916482925415 0.34298935532569885 -1.5847657918930054 -3.00896954536438 4.6018147468566895
frame-000372.color.jpg 0.2120780066342062 0.6610827445983887 -0.6358559727668762 0.3371642827987671 -1.34944748878479 -3.047450304031372 4.649667263031006
frame-000373.color.jpg 0.22785840993922568 0.6799246072769165 -0.6141293048858643 0.32958805561065674 -0.9662367105484009 -3.0030531883239746 4.78226375579834
frame-000374.color.jpg 0.2351274623469545 0.6850433349609375 -0.6071322560310364 0.32683509588241577 -0.8232752680778503 -2.97450590133667 4.8323259353637695
frame-000375.color.jpg 0.24029179200400738 0.697668731212616 -0.5923145413398743 0.32354536652565 -0.5889968276023865 -2.96463680267334 4.8783040046691895
frame-000376.color.jpg 0.24762463740650884 0.7103182673454285 -0.5766434073448181 0.31876689195632935 -0.3204522430896759 -2.9345242977142334 4.920958518981934
frame-000377.color.jpg 0.24939547908919307 0.7171894311904907 -0.5676321983337402 0.3181743919849396 -0.19223083555698395 -2.915645122528076 4.934657573699951
frame-000378.color.jpg 0.25974899236449717 0.7295494079589844 -0.5458347201347351 0.3199259638786316 0.15775646269321442 -2.745027542114258 4.970593452453613
frame-000379.color.jpg 0.2614519820605814 0.7260234355926514 -0.5487616658210754 0.32154855132102966 0.101295605301857 -2.720996141433716 4.987514019012451
frame-000380.color.jpg 0.2694999349308708 0.7210289239883423 -0.5487765073776245 0.3260851502418518 0.07609587907791138 -2.6183485984802246 5.039763927459717
frame-000381.color.jpg 0.2795483964456112 0.7253555059432983 -0.5394900441169739 0.3235158622264862 0.2114877998828888 -2.5305023193359375 5.08122444152832
frame-000382.color.jpg 0.2915221195221192 0.7289867997169495 -0.5319082140922546 0.31728026270866394 0.3704085946083069 -2.448723316192627 5.108933925628662
frame-000383.color.jpg 0.30426919586653406 0.7310342788696289 -0.5227053761482239 0.3158927261829376 0.5068500638008118 -2.338474988937378 5.1563591957092285
frame-000384.color.jpg 0.31350484024469394 0.7374333143234253 -0.512522280216217 0.3085900545120239 0.6992406249046326 -2.2794852256774902 5.153144359588623
frame-000385.color.jpg 0.33310932927303954 0.7442511320114136 -0.49611538648605347 0.2983253598213196 0.9884099364280701 -2.12913179397583 5.160503387451172
