frame-000000.color.jpg 0.30660936803191585 0.9327789545059204 -0.18018104135990143 0.05872808024287224 -1.0202425718307495 0.9454684853553772 0.6963913440704346
frame-000001.color.jpg 0.31027775669284274 0.9325123429298401 -0.17659315466880798 0.05443685129284859 -1.011319875717163 0.9455223083496094 0.7016603350639343
frame-000002.color.jpg 0.30962254645479975 0.9339528679847717 -0.1705426722764969 0.0527353510260582 -1.0112353563308716 0.9390360116958618 0.7193114757537842
frame-000003.color.jpg 0.31153109685742264 0.9340049028396606 -0.16523878276348114 0.05726444721221924 -1.015795350074768 0.9342957139015198 0.7138519287109375
frame-000004.color.jpg 0.31951190013305253 0.9317930340766907 -0.16295886039733887 0.055840421468019485 -1.014360785484314 0.9411080479621887 0.7097412943840027
frame-000005.color.jpg 0.3184566502204018 0.9323770999908447 -0.1621236354112625 0.054535675793886185 -1.010210633277893 0.9422114491462708 0.7165890336036682
frame-000006.color.jpg 0.3219504487757469 0.9313172101974487 -0.16213954985141754 0.05202849209308624 -1.0015630722045898 0.9514915943145752 0.7174170613288879
frame-000007.color.jpg 0.32387599980265436 0.9303756952285767 -0.16353869438171387 0.05254075303673744 -1.0064568519592285 0.9591518640518188 0.7111270427703857
frame-000008.color.jpg 0.321473565283564 0.9313321709632874 -0.16293832659721375 0.052213650196790695 -1.007201075553894 0.9609540700912476 0.7133984565734863
frame-000009.color.jpg 0.32259831505843717 0.9307354092597961 -0.16326473653316498 0.0548325851559639 -1.0197315216064453 0.9626143574714661 0.703330934047699
frame-000010.color.jpg 0.3229352225499618 0.9300141930580139 -0.16528959572315216 0.058871079236269 -1.026547908782959 0.968399703502655 0.6893126964569092
frame-000011.color.jpg 0.32402069769844544 0.929050087928772 -0.16682225465774536 0.06361564993858337 -1.0397552251815796 0.9767736792564392 0.6759549379348755
frame-000012.color.jpg 0.3226015872970164 0.9290059208869934 -0.16866275668144226 0.06655172258615494 -1.0423060655593872 0.9824179410934448 0.6691122055053711
frame-000013.color.jpg 0.320084552025727 0.9295476078987122 -0.168837770819664 0.07057521492242813 -1.0504127740859985 0.9840608239173889 0.6591143608093262
frame-000014.color.jpg 0.3222988324935114 0.928477942943573 -0.17052815854549408 0.07051520049571991 -1.0470249652862549 0.9927459955215454 0.6555694937705994
frame-000015.color.jpg 0.3208379701514619 0.9254523515701294 -0.183918297290802 0.08231057971715927 -1.0431902408599854 1.0239752531051636 0.61578369140625
frame-000016.color.jpg 0.3190843117204033 0.923869252204895 -0.19306786358356476 0.08588095009326935 -1.028643250465393 1.0474965572357178 0.6095355749130249
frame-000017.color.jpg 0.3244963540991456 0.9195284247398376 -0.20397308468818665 0.08697490394115448 -0.9977105855941772 1.086633563041687 0.5944034457206726
frame-000018.color.jpg 0.3246415832356456 0.9189652800559998 -0.20633570849895477 0.08681095391511917 -0.9905741810798645 1.0980933904647827 0.5971375703811646
frame-000019.color.jpg 0.32571782154431206 0.916739821434021 -0.21267367899417877 0.09091776609420776 -0.9562959671020508 1.1228609085083008 0.5921743512153625
frame-000020.color.jpg 0.34425756169925326 0.905369222164154 -0.22536435723304749 0.1049017608165741 -0.8955739140510559 1.1838057041168213 0.5408360362052917
frame-000021.color.jpg 0.3528807247416799 0.8990117907524109 -0.23229151964187622 0.11529820412397385 -0.8695156574249268 1.2093867063522339 0.5040459632873535
frame-000022.color.jpg 0.36197524677089515 0.8907905220985413 -0.2416234016418457 0.13070696592330933 -0.8359023928642273 1.243807315826416 0.452001690864563
frame-000023.color.jpg 0.3689963444575122 0.8860865235328674 -0.24392545223236084 0.13853783905506134 -0.8151373863220215 1.2587040662765503 0.4259328246116638
frame-000024.color.jpg 0.37521899549504145 0.8820370435714722 -0.2466851770877838 0.14271597564220428 -0.7920361161231995 1.2702610492706299 0.4060564339160919
frame-000025.color.jpg 0.38127050124917156 0.8786231875419617 -0.24699556827545166 0.14713028073310852 -0.779353678226471 1.2778023481369019 0.3858209550380707
frame-000026.color.jpg 0.3842184028497744 0.8760438561439514 -0.24745620787143707 0.15391147136688232 -0.7717099189758301 1.2852517366409302 0.370175838470459
frame-000027.color.jpg 0.38831968378820764 0.8722153902053833 -0.24883587658405304 0.16287675499916077 -0.7655115127563477 1.2910867929458618 0.33929768204689026
frame-000028.color.jpg 0.39118038921047316 0.8664912581443787 -0.25577235221862793 0.1753600537776947 -0.7570918798446655 1.307606816291809 0.3043951392173767
frame-000029.color.jpg 0.3934844953513975 0.8603283762931824 -0.2630782723426819 0.18919512629508972 -0.7423006892204285 1.3233331441879272 0.27299562096595764
frame-000030.color.jpg 0.3922899306729326 0.8572389483451843 -0.2671029269695282 0.19976510107517242 -0.737220287322998 1.3269054889678955 0.25751733779907227
frame-000031.color.jpg 0.3903253604032659 0.8561921715736389 -0.2692284882068634 0.20517554879188538 -0.7349783778190613 1.3288826942443848 0.25047388672828674
frame-000032.color.jpg 0.3905017267117957 0.8502668738365173 -0.27634140849113464 0.21952231228351593 -0.7238694429397583 1.344558596611023 0.21836000680923462
frame-000033.color.jpg 0.3928169714091556 0.8460469841957092 -0.28262630105018616 0.2236553281545639 -0.7089165449142456 1.3633657693862915 0.20047207176685333
frame-000034.color.jpg 0.3893566819614524 0.8460057973861694 -0.2850644290447235 0.22674627602100372 -0.7001368403434753 1.3684579133987427 0.20762233436107635
frame-000035.color.jpg 0.384934441427354 0.8483579158782959 -0.2845444083213806 0.2261609137058258 -0.6973633170127869 1.3676952123641968 0.2167012095451355
frame-000036.color.jpg 0.3830128191315769 0.8504590392112732 -0.2835773825645447 0.22272051870822906 -0.6872962117195129 1.3678306341171265 0.23070679605007172
frame-000037.color.jpg 0.37918920466043593 0.8570601940155029 -0.2750893235206604 0.21445073187351227 -0.6870625019073486 1.3559460639953613 0.25630080699920654
frame-000038.color.jpg 0.3720984743295823 0.86368727684021 -0.26654985547065735 0.2110406756401062 -0.6944828033447266 1.3396297693252563 0.27550366520881653
frame-000039.color.jpg 0.3541937643421927 0.8726547956466675 -0.2647700309753418 0.2071647346019745 -0.6951364874839783 1.330989122390747 0.31085437536239624
frame-000040.color.jpg 0.348221910369481 0.8775209784507751 -0.2627643644809723 0.19913145899772644 -0.6790208220481873 1.3369297981262207 0.3266388177871704
frame-000041.color.jpg 0.3314540491150182 0.8895630836486816 -0.2599656581878662 0.17673006653785706 -0.6554842591285706 1.3352994918823242 0.3925934433937073
frame-000042.color.jpg 0.32162832150945636 0.8948739171028137 -0.2602045238018036 0.16747987270355225 -0.6322904229164124 1.3459423780441284 0.41086846590042114
frame-000043.color.jpg 0.31168446979356623 0.9002997875213623 -0.25465473532676697 0.16572263836860657 -0.6343749761581421 1.343026876449585 0.4225720465183258
frame-000044.color.jpg 0.3029063132871155 0.9025495052337646 -0.2535974681377411 0.17129048705101013 -0.6449158191680908 1.3427479267120361 0.4204622805118561
frame-000045.color.jpg 0.2967172736716572 0.9034980535507202 -0.25589942932128906 0.17368245124816895 -0.6412893533706665 1.3446650505065918 0.4231147766113281
frame-000046.color.jpg 0.28589697234015254 0.9053141474723816 -0.26046064496040344 0.1755828708410263 -0.6282987594604492 1.3435918092727661 0.43660101294517517
frame-000047.color.jpg 0.2734760838224688 0.9072598814964294 -0.26648765802383423 0.17627999186515808 -0.6026602387428284 1.3336338996887207 0.4633044898509979
frame-000048.color.jpg 0.26218646700926973 0.907798171043396 -0.2772669494152069 0.1740223914384842 -0.5386608839035034 1.338144063949585 0.49783995747566223
frame-000049.color.jpg 0.2580331013825421 0.9069403409957886 -0.2828347980976105 0.17573437094688416 -0.49116724729537964 1.3429787158966064 0.5160732269287109
frame-000050.color.jpg 0.25572235329084386 0.9055586457252502 -0.28887125849723816 0.17641723155975342 -0.45660796761512756 1.3483012914657593 0.5289565324783325
frame-000051.color.jpg 0.25373336596895263 0.903235137462616 -0.295786589384079 0.17971031367778778 -0.4048740267753601 1.351786494255066 0.5442622303962708
frame-000052.color.jpg 0.25070990784958747 0.9024533033370972 -0.30116724967956543 0.1789442002773285 -0.3700086772441864 1.353397011756897 0.5653207898139954
frame-000053.color.jpg 0.2506892508319278 0.900844156742096 -0.30545905232429504 0.17980363965034485 -0.33554092049598694 1.3508634567260742 0.5775018334388733
frame-000054.color.jpg 0.24910893993839048 0.9008472561836243 -0.3059869110584259 0.18108254671096802 -0.3073212504386902 1.3426058292388916 0.5894016027450562
frame-000055.color.jpg 0.24849538193310775 0.901231586933136 -0.3047697842121124 0.18206341564655304 -0.28556138277053833 1.3328936100006104 0.6014708876609802
frame-000056.color.jpg 0.2494381925646537 0.9008349776268005 -0.3054865300655365 0.18153484165668488 -0.26497846841812134 1.3316212892532349 0.6044847369194031
frame-000057.color.jpg 0.2534509656959554 0.8983708620071411 -0.30785152316093445 0.184173583984375 -0.2274397313594818 1.334367036819458 0.6000167727470398
frame-000058.color.jpg 0.2574955519075247 0.8944365382194519 -0.31499534845352173 0.18562686443328857 -0.19122537970542908 1.3520311117172241 0.5899767279624939
frame-000059.color.jpg 0.25933132154108324 0.8929235935211182 -0.31833815574645996 0.18464988470077515 -0.1773545742034912 1.352524995803833 0.5887126922607422
frame-000060.color.jpg 0.25767581897838865 0.8916584253311157 -0.32414400577545166 0.1829729527235031 -0.14583343267440796 1.3567993640899658 0.5978448390960693
frame-000061.color.jpg 0.25331938677366045 0.8905962705612183 -0.32881268858909607 0.18587586283683777 -0.12662017345428467 1.3610377311706543 0.6016249060630798
frame-000062.color.jpg 0.2479586389699367 0.8898923993110657 -0.33664670586586 0.18242008984088898 -0.08384567499160767 1.3750098943710327 0.5966399908065796
frame-000063.color.jpg 0.2522123702014325 0.8839507699012756 -0.34720319509506226 0.1856609731912613 -0.0485110878944397 1.404031753540039 0.5651630163192749
frame-000064.color.jpg 0.25253569752752236 0.8773691058158875 -0.3618333339691162 0.18848277628421783 -0.009998736903071404 1.427665114402771 0.5498960018157959
frame-000065.color.jpg 0.2482390296978982 0.8700042963027954 -0.37939685583114624 0.19372126460075378 0.035730522125959396 1.449788212776184 0.5410082340240479
frame-000066.color.jpg 0.24335522623277178 0.8637158274650574 -0.39815255999565125 0.19038833677768707 0.09474435448646545 1.4710015058517456 0.5509903430938721
frame-000067.color.jpg 0.2449720258882894 0.8542254567146301 -0.413259893655777 0.19875559210777283 0.14157843589782715 1.4902527332305908 0.521567165851593
frame-000068.color.jpg 0.24075393661583522 0.8479031324386597 -0.42815494537353516 0.19945231080055237 0.18514926731586456 1.4931930303573608 0.528269350528717
frame-000069.color.jpg 0.23178041051612241 0.8440380692481995 -0.4387674927711487 0.20337305963039398 0.20597407221794128 1.4940651655197144 0.5419223308563232
frame-000070.color.jpg 0.21806720020793754 0.8264961838722229 -0.47228920459747314 0.21515963971614838 0.28111398220062256 1.4809166193008423 0.5662210583686829
frame-000071.color.jpg 0.21094970276139755 0.8150744438171387 -0.4905046820640564 0.22485344111919403 0.3272523880004883 1.4721662998199463 0.5807346105575562
frame-000072.color.jpg 0.2080218434889093 0.7994183897972107 -0.5152156949043274 0.22849509119987488 0.4026668667793274 1.4551284313201904 0.5996172428131104
frame-000073.color.jpg 0.20939590286177998 0.7876907587051392 -0.531012237071991 0.23178130388259888 0.4618651866912842 1.4475852251052856 0.6084910035133362
frame-000074.color.jpg 0.2115608440969435 0.7757399082183838 -0.5465601682662964 0.23396903276443481 0.5267521142959595 1.4379029273986816 0.6186514496803284
frame-000075.color.jpg 0.2118692380887007 0.7693454027175903 -0.5539761185646057 0.23733870685100555 0.5644606351852417 1.4268156290054321 0.6351000070571899
frame-000076.color.jpg 0.21714487287056242 0.7594379186630249 -0.5635270476341248 0.24194887280464172 0.6260881423950195 1.4046506881713867 0.6512230038642883
frame-000077.color.jpg 0.2186522367049862 0.7534005641937256 -0.5672019124031067 0.25072044134140015 0.656378984451294 1.390803575515747 0.6735320091247559
frame-000078.color.jpg 0.23631017620444614 0.7528821229934692 -0.5613661408424377 0.24938735365867615 0.6805382966995239 1.3943097591400146 0.6446298360824585
frame-000079.color.jpg 0.24557841044672718 0.753705620765686 -0.5559899210929871 0.2499886006116867 0.6817370057106018 1.4054009914398193 0.6287357211112976
frame-000080.color.jpg 0.25996264421477727 0.7562476992607117 -0.5444162487983704 0.25321853160858154 0.6697500944137573 1.4198477268218994 0.6036856174468994
frame-000081.color.jpg 0.26930121282755576 0.7608698010444641 -0.5342018604278564 0.2513611316680908 0.6537933945655823 1.4154934883117676 0.6023156046867371
frame-000082.color.jpg 0.27238991859046263 0.7639123201370239 -0.5263283848762512 0.25538209080696106 0.6316885352134705 1.4089479446411133 0.607448935508728
frame-000083.color.jpg 0.28675566513944234 0.769027829170227 -0.5151028633117676 0.24705582857131958 0.6345955729484558 1.4034008979797363 0.6018575429916382
frame-000084.color.jpg 0.29117156766244484 0.7723673582077026 -0.5095493793487549 0.24295540153980255 0.6264217495918274 1.3926067352294922 0.6093701720237732
frame-000085.color.jpg 0.29245270506007404 0.7727238535881042 -0.5076592564582825 0.24423618614673615 0.6217981576919556 1.3873852491378784 0.6122112274169922
frame-000086.color.jpg 0.2875355761306933 0.7774440050125122 -0.5042949914932251 0.24205489456653595 0.6105875372886658 1.3565373420715332 0.6673296093940735
frame-000087.color.jpg 0.283028435027116 0.7774152159690857 -0.5048033595085144 0.24636134505271912 0.6053289771080017 1.3403277397155762 0.6986010074615479
frame-000088.color.jpg 0.28661370772921513 0.7737759947776794 -0.5090575814247131 0.2449156939983368 0.6284304857254028 1.3252595663070679 0.7168990969657898
frame-000089.color.jpg 0.2835718238346065 0.7711173892021179 -0.5131918787956238 0.24819166958332062 0.639793336391449 1.3083503246307373 0.7399504780769348
frame-000090.color.jpg 0.28414060966759175 0.7647136449813843 -0.523615837097168 0.2455677092075348 0.6876523494720459 1.2733975648880005 0.7715347409248352
frame-000091.color.jpg 0.2807751426665346 0.7586077451705933 -0.5345177054405212 0.24488845467567444 0.7269343137741089 1.21791672706604 0.8210384249687195
frame-000092.color.jpg 0.27496513762787367 0.7575414776802063 -0.538872480392456 0.2452377825975418 0.7368065714836121 1.1864356994628906 0.8604888319969177
frame-000093.color.jpg 0.2734669106189339 0.7546573877334595 -0.543745756149292 0.24504801630973816 0.7494696974754333 1.154826045036316 0.888653576374054
frame-000094.color.jpg 0.27447604297892564 0.7493765950202942 -0.5489736199378967 0.24844622611999512 0.7637976408004761 1.1307094097137451 0.9139328002929688
frame-000095.color.jpg 0.2738694761702805 0.7483521699905396 -0.5501493811607361 0.24960000813007355 0.7608303427696228 1.1193269491195679 0.9372913837432861
frame-000096.color.jpg 0.2732060372362078 0.7497978210449219 -0.5480372309684753 0.25063326954841614 0.7551326751708984 1.1078253984451294 0.9550426006317139
frame-000097.color.jpg 0.27345544407953964 0.7517983317375183 -0.5458195805549622 0.2492036372423172 0.7517930269241333 1.1013474464416504 0.9665577411651611
frame-000098.color.jpg 0.2730070719406775 0.7561293840408325 -0.5413737893104553 0.2462719976902008 0.7436909079551697 1.0933527946472168 0.9772573709487915
frame-000099.color.jpg 0.26882795321188346 0.7637800574302673 -0.5349052548408508 0.2413461059331894 0.7297371625900269 1.082552433013916 0.9918723106384277
frame-000100.color.jpg 0.268918775413727 0.7651982307434082 -0.5335314273834229 0.23978836834430695 0.7306916117668152 1.0819892883300781 0.9987948536872864
frame-000101.color.jpg 0.27129904608514793 0.768670916557312 -0.528851330280304 0.23634324967861176 0.7300289273262024 1.074711561203003 0.9975841641426086
frame-000102.color.jpg 0.26393462871903 0.7804824113845825 -0.5206312537193298 0.2238946110010147 0.7138904929161072 1.0451759099960327 1.0317455530166626
frame-000103.color.jpg 0.2642938147890092 0.7842298746109009 -0.5163849592208862 0.22017906606197357 0.7159380316734314 1.024217963218689 1.0240957736968994
frame-000104.color.jpg 0.26520575721614853 0.7884886264801025 -0.5117502808570862 0.21462340652942657 0.7191073298454285 1.0089293718338013 1.037127137184143
frame-000105.color.jpg 0.2649927657706447 0.7944368124008179 -0.5052293539047241 0.2083081752061844 0.7252386808395386 0.983386754989624 1.03572678565979
frame-000106.color.jpg 0.26053366298303077 0.7966216206550598 -0.5044664740562439 0.2074364423751831 0.724788248538971 0.9539839029312134 1.0478053092956543
frame-000107.color.jpg 0.26310861494462534 0.799336314201355 -0.5016230940818787 0.2005232870578766 0.7401801347732544 0.9323517680168152 1.0496948957443237
frame-000108.color.jpg 0.25881400100510404 0.8077847361564636 -0.49516329169273376 0.18791617453098297 0.7478383183479309 0.9109082818031311 1.0537341833114624
frame-000109.color.jpg 0.25631074997985065 0.80940842628479 -0.4939350485801697 0.18759296834468842 0.749932587146759 0.8941918611526489 1.0570098161697388
frame-000110.color.jpg 0.2511909878662015 0.809691309928894 -0.4956216514110565 0.18884439766407013 0.7557736039161682 0.8708815574645996 1.0702944993972778
frame-000111.color.jpg 0.24661806625405555 0.8087282180786133 -0.4982566237449646 0.19203776121139526 0.778896152973175 0.8590924739837646 1.0761343240737915
frame-000112.color.jpg 0.2466896924709716 0.8090317845344543 -0.4982762038707733 0.1906113177537918 0.808684229850769 0.8575598001480103 1.0808806419372559
frame-000113.color.jpg 0.24283163841369307 0.810437798500061 -0.49788686633110046 0.19060954451560974 0.8286997079849243 0.8540701270103455 1.0894352197647095
frame-000114.color.jpg 0.24375492300815568 0.8074218034744263 -0.5018325448036194 0.19187983870506287 0.8699424862861633 0.8528076410293579 1.0869553089141846
frame-000115.color.jpg 0.2464173901475689 0.8052295446395874 -0.5055538415908813 0.18788039684295654 0.9183911085128784 0.8555665016174316 1.0823050737380981
frame-000116.color.jpg 0.24940748508807817 0.801601767539978 -0.5096087455749512 0.1884930431842804 0.9759631752967834 0.8624976277351379 1.0796289443969727
frame-000117.color.jpg 0.25437834284874405 0.8014045357704163 -0.5080546140670776 0.18687711656093597 1.0258526802062988 0.882408857345581 1.0628658533096313
frame-000118.color.jpg 0.2574097347215333 0.8009089231491089 -0.5066678524017334 0.18860745429992676 1.0559821128845215 0.9014402627944946 1.0529060363769531
frame-000119.color.jpg 0.25875942068045193 0.8011122941970825 -0.5056993365287781 0.1884961724281311 1.0626634359359741 0.9075317978858948 1.0476502180099487
frame-000120.color.jpg 0.26140238966106827 0.803595244884491 -0.5010932087898254 0.18657195568084717 1.0808151960372925 0.9276209473609924 1.033194899559021
frame-000121.color.jpg 0.25443195131928 0.8190240859985352 -0.48216989636421204 0.17881853878498077 1.1017358303070068 1.0069200992584229 0.9824942350387573
frame-000122.color.jpg 0.2580638522813798 0.8224824666976929 -0.4753062129020691 0.17609558999538422 1.1112487316131592 1.0388689041137695 0.9501160383224487
frame-000123.color.jpg 0.260177434377581 0.827076256275177 -0.4660637676715851 0.1761733889579773 1.110192060470581 1.1145631074905396 0.9020611047744751
frame-000124.color.jpg 0.2600808609716854 0.8277599215507507 -0.46463045477867126 0.17688952386379242 1.1091185808181763 1.1254521608352661 0.8957117795944214
frame-000125.color.jpg 0.26334679076065604 0.8368169665336609 -0.4490754306316376 0.16946089267730713 1.1114728450775146 1.2025063037872314 0.8222593665122986
frame-000126.color.jpg 0.2674061772091803 0.839228093624115 -0.4441041052341461 0.1642003357410431 1.130677580833435 1.2339887619018555 0.783255934715271
frame-000127.color.jpg 0.26959028023851683 0.8415644764900208 -0.43939873576164246 0.16130439937114716 1.1377835273742676 1.2514652013778687 0.7612266540527344
frame-000128.color.jpg 0.2641583769688276 0.8441637754440308 -0.43727922439575195 0.16246473789215088 1.134694218635559 1.2688156366348267 0.7668353915214539
frame-000129.color.jpg 0.2596766978027853 0.8429874181747437 -0.4404197633266449 0.16724425554275513 1.1381776332855225 1.2744652032852173 0.7775378227233887
frame-000130.color.jpg 0.25223636406386163 0.8364493250846863 -0.4561629891395569 0.16924744844436646 1.1809474229812622 1.2662752866744995 0.7958097457885742
frame-000131.color.jpg 0.2518502516983853 0.8198128342628479 -0.4816259443759918 0.1803186982870102 1.2470319271087646 1.231154441833496 0.8110391497612
frame-000132.color.jpg 0.247101055004467 0.7993224859237671 -0.5131189823150635 0.19165995717048645 1.3172262907028198 1.1845275163650513 0.850588858127594
frame-000133.color.jpg 0.24503397466020213 0.7855265140533447 -0.5302883982658386 0.20420724153518677 1.3543741703033447 1.1635992527008057 0.8819259405136108
frame-000134.color.jpg 0.2417315037216628 0.775907576084137 -0.5428778529167175 0.21170054376125336 1.3850804567337036 1.1432318687438965 0.906082808971405
frame-000135.color.jpg 0.23460741671422622 0.7553548812866211 -0.5694860219955444 0.22379490733146667 1.425157070159912 1.0873336791992188 0.9674398303031921
frame-000136.color.jpg 0.2320665971599465 0.7382659912109375 -0.5877091288566589 0.23602209985256195 1.4400278329849243 1.0538761615753174 1.0005120038986206
frame-000137.color.jpg 0.23145268593716756 0.7267023324966431 -0.5976249575614929 0.2473413646221161 1.4446295499801636 1.0436246395111084 1.0153697729110718
frame-000138.color.jpg 0.2295200162067523 0.7212319374084473 -0.6022440791130066 0.2538640797138214 1.4365694522857666 1.0492814779281616 1.028419852256775
frame-000139.color.jpg 0.23052793438709632 0.7149808406829834 -0.6075688600540161 0.2579134404659271 1.4393131732940674 1.0608386993408203 1.026209831237793
frame-000140.color.jpg 0.23518435274075702 0.713056206703186 -0.6080484986305237 0.25790759921073914 1.445214033126831 1.0830397605895996 0.9953983426094055
frame-000141.color.jpg 0.24138238419205327 0.7120375037193298 -0.6059567928314209 0.25991055369377136 1.4521799087524414 1.119083285331726 0.954394519329071
frame-000142.color.jpg 0.24531862564884419 0.7145902514457703 -0.6011419296264648 0.26039955019950867 1.4407094717025757 1.1525135040283203 0.9145931601524353
frame-000143.color.jpg 0.24335881062248818 0.7152618169784546 -0.5988403558731079 0.26564520597457886 1.430408000946045 1.190590739250183 0.8979066014289856
frame-000144.color.jpg 0.24523507012041995 0.7232974171638489 -0.584746778011322 0.27344438433647156 1.3847967386245728 1.2746106386184692 0.840320348739624
frame-000145.color.jpg 0.24836986389046795 0.7283057570457458 -0.5762989521026611 0.27525007724761963 1.3609944581985474 1.3381763696670532 0.8000172972679138
frame-000146.color.jpg 0.24893241080532685 0.7296330332756042 -0.5741260051727295 0.2757675349712372 1.3561500310897827 1.3483153581619263 0.7922816872596741
frame-000147.color.jpg 0.24702550902916198 0.7389788627624512 -0.5642604231834412 0.2729448974132538 1.3331464529037476 1.4018688201904297 0.7604262828826904
frame-000148.color.jpg 0.2499914613452791 0.738624632358551 -0.5608915090560913 0.27809837460517883 1.3332533836364746 1.4391740560531616 0.7256597280502319
frame-000149.color.jpg 0.25100128657408377 0.7377278208732605 -0.5612400770187378 0.2788645923137665 1.3335185050964355 1.4391034841537476 0.7214530110359192
frame-000150.color.jpg 0.2557035682077381 0.7274885177612305 -0.5688226222991943 0.28603655099868774 1.3825327157974243 1.4464747905731201 0.7192232608795166
frame-000151.color.jpg 0.26852814260953717 0.7213221192359924 -0.5686455368995667 0.2902229428291321 1.4185982942581177 1.455788016319275 0.6788758039474487
frame-000152.color.jpg 0.27241090892266573 0.7238562703132629 -0.5624256134033203 0.29240700602531433 1.4266778230667114 1.4851512908935547 0.6567308306694031
frame-000153.color.jpg 0.27826428715665547 0.7282167673110962 -0.5529348850250244 0.29416367411613464 1.4293761253356934 1.5199791193008423 0.6233488321304321
frame-000154.color.jpg 0.28147322209931064 0.73158198595047 -0.5451082587242126 0.29735130071640015 1.4249202013015747 1.5507079362869263 0.6046172380447388
frame-000155.color.jpg 0.28493463929711255 0.7354277968406677 -0.5387739539146423 0.2961096167564392 1.421010971069336 1.5728808641433716 0.5818871855735779
frame-000156.color.jpg 0.28415295358990883 0.7360732555389404 -0.5374786257743835 0.29760730266571045 1.421398639678955 1.5806918144226074 0.5822610259056091
frame-000157.color.jpg 0.2880840260163427 0.7381053566932678 -0.5323079228401184 0.2980876863002777 1.4238444566726685 1.5951212644577026 0.5614672303199768
frame-000158.color.jpg 0.29066437287038827 0.7399241924285889 -0.527959406375885 0.29880672693252563 1.426228404045105 1.609999179840088 0.5533227920532227
frame-000159.color.jpg 0.29557330317939073 0.7445714473724365 -0.5217763781547546 0.2932562530040741 1.4292926788330078 1.6267176866531372 0.5259702205657959
frame-000160.color.jpg 0.30068296113150744 0.7484468221664429 -0.5152404308319092 0.28973159193992615 1.4335434436798096 1.6481132507324219 0.4946853518486023
frame-000161.color.jpg 0.303719755991159 0.7510480284690857 -0.510668933391571 0.2879208028316498 1.4385616779327393 1.6635316610336304 0.4784091114997864
frame-000162.color.jpg 0.3096324080004733 0.753875195980072 -0.5045833587646484 0.284948468208313 1.4440443515777588 1.6835843324661255 0.4441772401332855
frame-000163.color.jpg 0.32183261817499365 0.7558311223983765 -0.4951801598072052 0.2827361822128296 1.4509865045547485 1.7099127769470215 0.3852787911891937
frame-000164.color.jpg 0.32776620730829437 0.7561318278312683 -0.4892128109931946 0.2854905426502228 1.4509176015853882 1.7237094640731812 0.3518826365470886
frame-000165.color.jpg 0.33306200801843616 0.756625235080719 -0.48431485891342163 0.28640368580818176 1.4482421875 1.734726071357727 0.322268545627594
frame-000166.color.jpg 0.33893305350209246 0.7595072388648987 -0.476963073015213 0.28421688079833984 1.4414827823638916 1.7613658905029297 0.2823469042778015
frame-000167.color.jpg 0.34887644656382344 0.7593253254890442 -0.4685622453689575 0.2866351902484894 1.4428638219833374 1.7728830575942993 0.22315844893455505
frame-000168.color.jpg 0.3588740747625874 0.7612075805664062 -0.45799025893211365 0.28638651967048645 1.4467068910598755 1.786178708076477 0.16310256719589233
frame-000169.color.jpg 0.36133163317883615 0.7636945843696594 -0.4521739184856415 0.2859174907207489 1.4342539310455322 1.798916220664978 0.14052394032478333
frame-000170.color.jpg 0.3646830632946446 0.7664974927902222 -0.44476810097694397 0.2857784926891327 1.4264192581176758 1.8190749883651733 0.11425245553255081
frame-000171.color.jpg 0.3655938619223242 0.76959228515625 -0.44002851843833923 0.2836262285709381 1.4221699237823486 1.8353854417800903 0.10489298403263092
frame-000172.color.jpg 0.370719263882724 0.7736769914627075 -0.4312763810157776 0.2792699337005615 1.4091535806655884 1.850834846496582 0.06567550450563431
frame-000173.color.jpg 0.3767131220309371 0.7773834466934204 -0.4217284321784973 0.2755129337310791 1.4008257389068604 1.8605647087097168 0.030990518629550934
frame-000174.color.jpg 0.3800667438736987 0.7854530215263367 -0.4104272723197937 0.26488152146339417 1.3752285242080688 1.8826607465744019 -0.006299756933003664
frame-000175.color.jpg 0.38658538683014637 0.7892990112304688 -0.4033989906311035 0.25461345911026 1.368090033531189 1.8806723356246948 -0.05111011862754822
frame-000176.color.jpg 0.3886589974102692 0.7952656149864197 -0.3944905400276184 0.24672625958919525 1.357629418373108 1.8928472995758057 -0.07393361628055573
frame-000177.color.jpg 0.38874159346378573 0.8006089925765991 -0.38856959342956543 0.23857679963111877 1.3558852672576904 1.9059467315673828 -0.0834222063422203
frame-000178.color.jpg 0.3899016715524124 0.8044140338897705 -0.3825962543487549 0.2334841936826706 1.3562074899673462 1.9089007377624512 -0.09270962327718735
frame-000179.color.jpg 0.38734319081873686 0.8086532950401306 -0.3791886866092682 0.22860656678676605 1.3492512702941895 1.9175165891647339 -0.09115093946456909
frame-000180.color.jpg 0.3783300836057423 0.8167327642440796 -0.37389111518859863 0.2236497551202774 1.3310041427612305 1.9297696352005005 -0.06104397028684616
frame-000181.color.jpg 0.37437462453890946 0.8210142850875854 -0.3707799017429352 0.21977598965168 1.3152501583099365 1.9342290163040161 -0.04937814176082611
frame-000182.color.jpg 0.3679619389978628 0.8260145783424377 -0.36682194471359253 0.2185075879096985 1.3031365871429443 1.943082571029663 -0.033583417534828186
frame-000183.color.jpg 0.36407270948611137 0.8309118747711182 -0.3628373146057129 0.2130388468503952 1.2839936017990112 1.951567530632019 -0.028988538309931755
frame-000184.color.jpg 0.36273089180274193 0.8321616053581238 -0.3611557185649872 0.21330714225769043 1.2818663120269775 1.9542938470840454 -0.022628193721175194
frame-000185.color.jpg 0.35744998021091734 0.8385177254676819 -0.3545277714729309 0.20839320123195648 1.259420394897461 1.970473051071167 -0.008878556080162525
frame-000186.color.jpg 0.35267849383802424 0.8431399464607239 -0.3498726189136505 0.20572330057621002 1.244112491607666 1.9794566631317139 0.006621551234275103
frame-000187.color.jpg 0.34603058461738123 0.8495108485221863 -0.3432505428791046 0.2019236534833908 1.21135413646698 1.9930602312088013 0.029984094202518463
frame-000188.color.jpg 0.34028684150904315 0.8530769348144531 -0.3401501774787903 0.20189732313156128 1.1871520280838013 1.998605489730835 0.05298726633191109
frame-000189.color.jpg 0.3268968364154161 0.8577606678009033 -0.34094464778900146 0.20283441245555878 1.1468912363052368 1.9960063695907593 0.11623121052980423
frame-000190.color.jpg 0.32756854495848975 0.8563717603683472 -0.3448544442653656 0.20100127160549164 1.1568115949630737 1.9793479442596436 0.12544609606266022
frame-000191.color.jpg 0.3262056930425728 0.8578535914421082 -0.34121617674827576 0.2030971646308899 1.1181731224060059 1.9723975658416748 0.1452842503786087
frame-000192.color.jpg 0.32357507610470376 0.859422504901886 -0.3391311764717102 0.2041625678539276 1.0910800695419312 1.9661020040512085 0.16112370789051056
frame-000193.color.jpg 0.328744396359648 0.8582821488380432 -0.3383200466632843 0.20203568041324615 1.0815287828445435 1.9457999467849731 0.15459413826465607
frame-000194.color.jpg 0.328707919057176 0.8585168719291687 -0.3368986248970032 0.20346775650978088 1.069993019104004 1.9441113471984863 0.15514789521694183
frame-000195.color.jpg 0.33217972343842506 0.859368085861206 -0.3317512571811676 0.2026924192905426 1.0283080339431763 1.9213056564331055 0.162436380982399
frame-000196.color.jpg 0.327478325068961 0.8582005500793457 -0.3394623100757599 0.20252197980880737 1.0270612239837646 1.8880729675292969 0.21426832675933838
frame-000197.color.jpg 0.3267516139009584 0.8572989106178284 -0.3421131670475006 0.20305322110652924 1.0324409008026123 1.8797327280044556 0.22679388523101807
frame-000198.color.jpg 0.32271915965586007 0.8519190549850464 -0.35707396268844604 0.2063600718975067 1.0709192752838135 1.8545267581939697 0.26179563999176025
frame-000199.color.jpg 0.32712586446018954 0.8457327485084534 -0.3669089078903198 0.20761188864707947 1.1038457155227661 1.8276399374008179 0.2668924629688263
frame-000200.color.jpg 0.33172565175615176 0.8336806893348694 -0.38548746705055237 0.2152533233165741 1.1768004894256592 1.776172399520874 0.29147425293922424
frame-000201.color.jpg 0.33466270813869914 0.8244859576225281 -0.4013269543647766 0.217164546251297 1.2441258430480957 1.729719877243042 0.3256342113018036
frame-000202.color.jpg 0.33844783306012155 0.8156279921531677 -0.41499030590057373 0.21905972063541412 1.2990227937698364 1.6836066246032715 0.357128769159317
frame-000203.color.jpg 0.3353126013430515 0.812322199344635 -0.42354467511177063 0.2197905033826828 1.3297443389892578 1.6418880224227905 0.4069908857345581
frame-000204.color.jpg 0.3324700280946533 0.8060083389282227 -0.4346935451030731 0.22551192343235016 1.3614051342010498 1.597484827041626 0.4621102511882782
frame-000205.color.jpg 0.32751988741151367 0.8037897348403931 -0.4420444071292877 0.2263837307691574 1.381643533706665 1.562056303024292 0.5209359526634216
frame-000206.color.jpg 0.3177455461632146 0.8017759919166565 -0.4509584605693817 0.22984679043293 1.3841346502304077 1.510169267654419 0.6012788414955139
frame-000207.color.jpg 0.3231423563421772 0.797874391078949 -0.4533464312553406 0.23119810223579407 1.3882101774215698 1.4812510013580322 0.6083252429962158
frame-000208.color.jpg 0.32075249810785184 0.7999474406242371 -0.45207154750823975 0.22985492646694183 1.374382495880127 1.4665367603302002 0.6278992891311646
frame-000209.color.jpg 0.3179633492659894 0.803712785243988 -0.4487984776496887 0.2269911766052246 1.3539655208587646 1.4547374248504639 0.6449093818664551
frame-000210.color.jpg 0.31418667340454587 0.8081605434417725 -0.4466226100921631 0.22066158056259155 1.3391857147216797 1.4378900527954102 0.6671128273010254
frame-000211.color.jpg 0.31592334701750774 0.8107381463050842 -0.4418729245662689 0.2182760238647461 1.3239327669143677 1.4344621896743774 0.6663419008255005
frame-000212.color.jpg 0.31623187788764784 0.8134909272193909 -0.43700894713401794 0.21737748384475708 1.3000510931015015 1.421715259552002 0.6776745915412903
frame-000213.color.jpg 0.3206215187063784 0.8154398798942566 -0.43388769030570984 0.2097645252943039 1.3151028156280518 1.4116262197494507 0.673281192779541
frame-000214.color.jpg 0.3290368725480057 0.8230828642845154 -0.41956761479377747 0.19553086161613464 1.3205915689468384 1.4093983173370361 0.627399742603302
frame-000215.color.jpg 0.33045872548921223 0.8238369822502136 -0.4174392521381378 0.19450987875461578 1.3196029663085938 1.4069536924362183 0.619159996509552
frame-000216.color.jpg 0.3273753738822484 0.8293690085411072 -0.4114159941673279 0.1889689564704895 1.3220475912094116 1.4014647006988525 0.6378105282783508
frame-000217.color.jpg 0.3280878425442813 0.8339259028434753 -0.4054427146911621 0.18039433658123016 1.3321467638015747 1.402463436126709 0.6250953078269958
frame-000218.color.jpg 0.329243320570572 0.8411657810211182 -0.3931480348110199 0.17167870700359344 1.3309569358825684 1.419233798980713 0.6112303137779236
frame-000219.color.jpg 0.3348340141556099 0.8458529114723206 -0.38121649622917175 0.1645989716053009 1.3371891975402832 1.4331471920013428 0.5873512625694275
frame-000220.color.jpg 0.33539132800817734 0.8480636477470398 -0.3756372630596161 0.16491608321666718 1.336935043334961 1.4439404010772705 0.5890041589736938
frame-000221.color.jpg 0.33459463198806194 0.848870575428009 -0.37475794553756714 0.164382204413414 1.343411922454834 1.4434703588485718 0.5946695804595947
frame-000222.color.jpg 0.3317159802500111 0.8478251099586487 -0.37908798456192017 0.16567856073379517 1.3676598072052002 1.423931360244751 0.6185375452041626
frame-000223.color.jpg 0.3319141267046313 0.8480716943740845 -0.37933751940727234 0.1634335219860077 1.3870102167129517 1.4173674583435059 0.6211803555488586
frame-000224.color.jpg 0.3282273636518856 0.8496673703193665 -0.37874558568000793 0.16396330296993256 1.3941370248794556 1.4144518375396729 0.6419533491134644
frame-000225.color.jpg 0.32155167817935826 0.8525786995887756 -0.3783411383628845 0.16300925612449646 1.4034202098846436 1.4013619422912598 0.6695189476013184
frame-000226.color.jpg 0.3095671171474177 0.8549090623855591 -0.3822900652885437 0.16478145122528076 1.414170742034912 1.3826007843017578 0.7238319516181946
frame-000227.color.jpg 0.2921960862560233 0.8563674092292786 -0.3905889391899109 0.16940061748027802 1.4157145023345947 1.3405709266662598 0.8044369220733643
frame-000228.color.jpg 0.28288688521205313 0.8561928272247314 -0.396607905626297 0.17207835614681244 1.4154763221740723 1.313364863395691 0.8483637571334839
frame-000229.color.jpg 0.27484765594694865 0.852996826171875 -0.4064619243144989 0.1778874546289444 1.4187417030334473 1.2750550508499146 0.894120454788208
frame-000230.color.jpg 0.2608761614694743 0.84089595079422 -0.4354138970375061 0.18775586783885956 1.4322152137756348 1.1730574369430542 0.9893608093261719
frame-000231.color.jpg 0.25994088822345307 0.8355189561843872 -0.4452207088470459 0.19004538655281067 1.438524603843689 1.138639211654663 1.007426142692566
frame-000232.color.jpg 0.2538554751931175 0.8280991315841675 -0.46070095896720886 0.19381411373615265 1.4411265850067139 1.0866632461547852 1.0463498830795288
frame-000233.color.jpg 0.25289129041801994 0.8260138630867004 -0.4644704759120941 0.19497261941432953 1.4420552253723145 1.074704647064209 1.0571329593658447
frame-000234.color.jpg 0.2498303257554552 0.8193048238754272 -0.4767051339149475 0.19767771661281586 1.44679594039917 1.0318483114242554 1.0865895748138428
frame-000235.color.jpg 0.2447431766063295 0.8098235726356506 -0.49455079436302185 0.19926384091377258 1.453635811805725 0.9638850688934326 1.1221225261688232
frame-000236.color.jpg 0.24079663074913304 0.8015374541282654 -0.5094831585884094 0.19995371997356415 1.4560444355010986 0.9043005108833313 1.1520745754241943
frame-000237.color.jpg 0.23859803135832475 0.7924581170082092 -0.5236093401908875 0.20227263867855072 1.4538724422454834 0.8579187989234924 1.1817185878753662
frame-000238.color.jpg 0.236966084614958 0.7853562831878662 -0.5335322022438049 0.20592708885669708 1.4430664777755737 0.8277859687805176 1.2067203521728516
frame-000239.color.jpg 0.23566597698505973 0.7686823010444641 -0.5554951429367065 0.212165966629982 1.4061462879180908 0.7569401860237122 1.2420390844345093
frame-000240.color.jpg 0.23462769604507763 0.7620922923088074 -0.5639454126358032 0.21478071808815002 1.3906872272491455 0.7274675369262695 1.2581068277359009
frame-000241.color.jpg 0.23344900804416593 0.7602217197418213 -0.5671415328979492 0.21427799761295319 1.3830363750457764 0.7122260928153992 1.269256830215454
frame-000242.color.jpg 0.23210567376182467 0.7518068552017212 -0.5765166878700256 0.22032228112220764 1.351845145225525 0.6872110366821289 1.2918479442596436
frame-000243.color.jpg 0.23460660553886836 0.7441630959510803 -0.583567202091217 0.2250116616487503 1.3272733688354492 0.6684224009513855 1.3075482845306396
frame-000244.color.jpg 0.24085124153585025 0.7358760833740234 -0.5896109938621521 0.2298607975244522 1.3097163438796997 0.6661202907562256 1.3128142356872559
frame-000245.color.jpg 0.24334493554705441 0.7295522093772888 -0.5940597653388977 0.23585958778858185 1.2790864706039429 0.6612981557846069 1.329936146736145
frame-000246.color.jpg 0.23651334212817318 0.7187023162841797 -0.6069648265838623 0.24315015971660614 1.2214810848236084 0.6283624172210693 1.3763281106948853
frame-000247.color.jpg 0.23703059246902375 0.7109887003898621 -0.6141678094863892 0.24720337986946106 1.2019606828689575 0.612259566783905 1.3864684104919434
frame-000248.color.jpg 0.23552799528984789 0.7046195864677429 -0.6203891634941101 0.25130680203437805 1.1706933975219727 0.6059949398040771 1.4039932489395142
frame-000249.color.jpg 0.23299772417907924 0.7011206746101379 -0.623833417892456 0.254899263381958 1.1435261964797974 0.5993794202804565 1.4171808958053589
frame-000250.color.jpg 0.2282136954480463 0.6948742866516113 -0.6283066868782043 0.2651393413543701 1.1064352989196777 0.6022540926933289 1.4385526180267334
frame-000251.color.jpg 0.22845753766658444 0.6898651123046875 -0.6316003799438477 0.2701374590396881 1.0927263498306274 0.6069241166114807 1.4499104022979736
frame-000252.color.jpg 0.23034128860669126 0.6869432330131531 -0.6323898434638977 0.2741076946258545 1.0891350507736206 0.6133779883384705 1.447784423828125
frame-000253.color.jpg 0.2305547299466501 0.6857702732086182 -0.6327611207962036 0.276001900434494 1.0857865810394287 0.6219624280929565 1.45294189453125
frame-000254.color.jpg 0.23289883611285417 0.6859551072120667 -0.6315094232559204 0.27644091844558716 1.0898802280426025 0.6286095976829529 1.445281982421875
frame-000255.color.jpg 0.2372370800615771 0.6877816915512085 -0.6268640756607056 0.2787765562534332 1.0965608358383179 0.653096616268158 1.4354132413864136
frame-000256.color.jpg 0.23899289059620724 0.6877284049987793 -0.6255606412887573 0.28033167123794556 1.1006652116775513 0.6588147878646851 1.4270881414413452
frame-000257.color.jpg 0.24536670103295677 0.6904183626174927 -0.6198469400405884 0.28090474009513855 1.1146471500396729 0.6902638673782349 1.41614830493927
frame-000258.color.jpg 0.25079114998476154 0.7025109529495239 -0.6042810082435608 0.28004780411720276 1.139073371887207 0.7427223324775696 1.394210696220398
frame-000259.color.jpg 0.2562038177225192 0.7178081274032593 -0.5847956538200378 0.27771419286727905 1.166169285774231 0.8073099851608276 1.3627837896347046
frame-000260.color.jpg 0.2614904128189534 0.727939784526825 -0.5708173513412476 0.27548879384994507 1.1814743280410767 0.8506282567977905 1.3326176404953003
frame-000261.color.jpg 0.2660042736140444 0.7399294972419739 -0.5543935298919678 0.2727523446083069 1.203475832939148 0.8930082321166992 1.3045711517333984
frame-000262.color.jpg 0.27216498126687916 0.7519344687461853 -0.5381108522415161 0.2663784623146057 1.236505389213562 0.9308102130889893 1.26345956325531
frame-000263.color.jpg 0.2823257705593661 0.7629854083061218 -0.5210826396942139 0.2581053376197815 1.2679684162139893 0.9672154188156128 1.2090134620666504
frame-000264.color.jpg 0.28565684447236595 0.76924729347229 -0.5117930173873901 0.25441402196884155 1.2828091382980347 0.9888790249824524 1.1871013641357422
frame-000265.color.jpg 0.2892059758190674 0.7747576832771301 -0.5027390718460083 0.25172170996665955 1.293975591659546 1.012135624885559 1.1664198637008667
frame-000266.color.jpg 0.29356056377738216 0.7822465896606445 -0.48952987790107727 0.2495453953742981 1.2940173149108887 1.042155146598816 1.1336346864700317
frame-000267.color.jpg 0.2983217806839242 0.7899342179298401 -0.47561290860176086 0.24657714366912842 1.3032735586166382 1.0808295011520386 1.101646065711975
frame-000268.color.jpg 0.30145529116765146 0.7976115942001343 -0.4629387855529785 0.2421322613954544 1.3094735145568848 1.1109676361083984 1.075797438621521
frame-000269.color.jpg 0.30463880134710447 0.8034346103668213 -0.4533860981464386 0.2369159609079361 1.3223636150360107 1.1365190744400024 1.0499924421310425
frame-000270.color.jpg 0.3103847343093908 0.8107900023460388 -0.4402182698249817 0.22910384833812714 1.3367981910705566 1.1646111011505127 1.0108113288879395
frame-000271.color.jpg 0.31342061855085623 0.8189051151275635 -0.42658916115760803 0.22177374362945557 1.3454700708389282 1.1930423974990845 0.9782602190971375
frame-000272.color.jpg 0.3163463243851169 0.827764093875885 -0.4114352762699127 0.21319591999053955 1.3566725254058838 1.2263140678405762 0.9410260915756226
frame-000273.color.jpg 0.3177091498215861 0.8320985436439514 -0.40391412377357483 0.2086295634508133 1.357951283454895 1.2419933080673218 0.9192807674407959
frame-000274.color.jpg 0.3195597950228522 0.8367744088172913 -0.3945973813533783 0.20489753782749176 1.3588569164276123 1.263945460319519 0.8946906328201294
frame-000275.color.jpg 0.3195016206988886 0.8417863845825195 -0.38584110140800476 0.20109950006008148 1.3557456731796265 1.2793625593185425 0.8762008547782898
frame-000276.color.jpg 0.3125779264149789 0.8488878607749939 -0.3771399259567261 0.19861984252929688 1.3439258337020874 1.2953827381134033 0.8828626871109009
frame-000277.color.jpg 0.3067919318008908 0.8563835620880127 -0.36715415120124817 0.1941230744123459 1.3370990753173828 1.3112152814865112 0.8812858462333679
frame-000278.color.jpg 0.2964337971530555 0.8653283715248108 -0.3559693694114685 0.19136230647563934 1.3185725212097168 1.3349971771240234 0.8900474905967712
frame-000279.color.jpg 0.29237142381624637 0.8674039244651794 -0.3533233404159546 0.19311167299747467 1.3104678392410278 1.3435983657836914 0.8974655270576477
frame-000280.color.jpg 0.2899609854237321 0.8711262941360474 -0.3485580086708069 0.1885971575975418 1.3184434175491333 1.3557851314544678 0.8862779140472412
frame-000281.color.jpg 0.2893069660783663 0.8756641745567322 -0.33947843313217163 0.18511655926704407 1.3184703588485718 1.3862168788909912 0.8552733063697815
frame-000282.color.jpg 0.28738463310989076 0.8788976669311523 -0.33396103978157043 0.18280848860740662 1.3232592344284058 1.4105560779571533 0.8458585739135742
frame-000283.color.jpg 0.3031556744005747 0.8679389357566833 -0.35640236735343933 0.16660141944885254 1.4861772060394287 1.454282522201538 0.7204383015632629
frame-000284.color.jpg 0.30209014977213017 0.8677734136581421 -0.35679811239242554 0.16854076087474823 1.4843623638153076 1.4558067321777344 0.7285917401313782
frame-000285.color.jpg 0.3043888826593212 0.8665812015533447 -0.35730835795402527 0.16945557296276093 1.4807848930358887 1.4536828994750977 0.7243318557739258
frame-000286.color.jpg 0.3041824369720175 0.8673475980758667 -0.35570937395095825 0.16926884651184082 1.4742584228515625 1.4592156410217285 0.7262571454048157
frame-000287.color.jpg 0.3083080562783471 0.8663806319236755 -0.3548818826675415 0.1684921532869339 1.4767056703567505 1.4594348669052124 0.7083367109298706
frame-000288.color.jpg 0.30541760456733263 0.8681236505508423 -0.3520113527774811 0.17079061269760132 1.46121346950531 1.4690487384796143 0.720198929309845
frame-000289.color.jpg 0.30831690163634057 0.8678229451179504 -0.3512672185897827 0.16862758994102478 1.4600961208343506 1.4670604467391968 0.7023568749427795
frame-000290.color.jpg 0.30752059931709724 0.8693162202835083 -0.3476821780204773 0.16981585323810577 1.4548330307006836 1.48344087600708 0.7044094204902649
frame-000291.color.jpg 0.3026532956456815 0.8737760186195374 -0.34349048137664795 0.16410614550113678 1.4543883800506592 1.4873826503753662 0.7107318639755249
frame-000292.color.jpg 0.29138664738467107 0.880039393901825 -0.33943355083465576 0.159403458237648 1.44679594039917 1.4887826442718506 0.7409272789955139
frame-000293.color.jpg 0.28277048502883145 0.8861965537071228 -0.3329157531261444 0.1544787734746933 1.4427262544631958 1.4947199821472168 0.7543004751205444
frame-000294.color.jpg 0.28030738521413806 0.8907472491264343 -0.32561179995536804 0.14823654294013977 1.4377624988555908 1.500652551651001 0.7400983572006226
frame-000295.color.jpg 0.2791699812056399 0.8942598104476929 -0.31879767775535583 0.14398422837257385 1.4332892894744873 1.5098457336425781 0.7299363017082214
frame-000296.color.jpg 0.2770528739791202 0.8987809419631958 -0.30942589044570923 0.1403217911720276 1.419683814048767 1.5340383052825928 0.7248972058296204
frame-000297.color.jpg 0.2776751268772294 0.9025703072547913 -0.2992893159389496 0.136709064245224 1.4066342115402222 1.555891752243042 0.7044530510902405
frame-000298.color.jpg 0.27566799340647025 0.9063999056816101 -0.2910067141056061 0.13327254354953766 1.3985027074813843 1.5791531801223755 0.6996643543243408
frame-000299.color.jpg 0.27676616101410373 0.9082773327827454 -0.28520625829696655 0.13072939217090607 1.3903921842575073 1.5939271450042725 0.6851417422294617
frame-000300.color.jpg 0.2908294168920144 0.9075210094451904 -0.27581149339675903 0.12550650537014008 1.386772632598877 1.6238305568695068 0.6034958362579346
frame-000301.color.jpg 0.30498826627179065 0.9052853584289551 -0.26758649945259094 0.1258487105369568 1.3766393661499023 1.6552543640136719 0.5355209708213806
frame-000302.color.jpg 0.3282864806056071 0.9048561453819275 -0.2409391701221466 0.12414398789405823 1.3178629875183105 1.7503553628921509 0.4025754928588867
frame-000303.color.jpg 0.3458646013348432 0.9031045436859131 -0.22289517521858215 0.12287279963493347 1.2848379611968994 1.8133066892623901 0.3098951578140259
frame-000304.color.jpg 0.34927748659665947 0.9026396870613098 -0.22080202400684357 0.12038812041282654 1.2795648574829102 1.815966248512268 0.28771933913230896
frame-000305.color.jpg 0.3594467050126874 0.9005354642868042 -0.21372489631175995 0.11897684633731842 1.264426827430725 1.8429619073867798 0.2306511253118515
frame-000306.color.jpg 0.37094123692366293 0.8980908989906311 -0.2055872529745102 0.11648716777563095 1.243544578552246 1.8696178197860718 0.162682443857193
frame-000307.color.jpg 0.38428179595708534 0.8948693871498108 -0.19592629373073578 0.1146702989935875 1.2214744091033936 1.8957512378692627 0.09470846503973007
frame-000308.color.jpg 0.39397245674033526 0.8931342959403992 -0.1864391267299652 0.11107341200113297 1.1991218328475952 1.9166045188903809 0.04101230204105377
frame-000309.color.jpg 0.4015588608835167 0.8924245238304138 -0.17550128698349 0.10737023502588272 1.1652863025665283 1.940107822418213 -0.0026980924885720015
frame-000310.color.jpg 0.4078161037304063 0.8914772868156433 -0.16525733470916748 0.1079091727733612 1.1404093503952026 1.960457444190979 -0.040148068219423294
frame-000311.color.jpg 0.4130256339482508 0.8915024995803833 -0.15423567593097687 0.10413677245378494 1.1138907670974731 1.9838932752609253 -0.07454747706651688
frame-000312.color.jpg 0.4213776611452552 0.892507016658783 -0.13016445934772491 0.09449522942304611 1.045908808708191 2.02423357963562 -0.14066438376903534
frame-000313.color.jpg 0.4267414259564404 0.8931707143783569 -0.11192786693572998 0.08723551779985428 0.9935987591743469 2.04567551612854 -0.18599164485931396
frame-000314.color.jpg 0.4309383668687966 0.8935763835906982 -0.09614551067352295 0.0810522809624672 0.9512676000595093 2.0576603412628174 -0.22391322255134583
frame-000315.color.jpg 0.436733902190657 0.8929799795150757 -0.07916542887687683 0.07471921294927597 0.9023463726043701 2.071030855178833 -0.27028194069862366
frame-000316.color.jpg 0.44375646072783115 0.8919643759727478 -0.059730760753154755 0.06254466623067856 0.8399745225906372 2.0796902179718018 -0.32479721307754517
frame-000317.color.jpg 0.4412822153254081 0.8950530886650085 -0.04180916026234627 0.04901111498475075 0.7898635864257812 2.0967674255371094 -0.3393743932247162
frame-000318.color.jpg 0.43369761687448954 0.8996581435203552 -0.025845378637313843 0.04305453225970268 0.7334793210029602 2.125335216522217 -0.32403257489204407
frame-000319.color.jpg 0.42912845973202746 0.9022599458694458 -0.014339379034936428 0.03962524235248566 0.7012889385223389 2.1378538608551025 -0.3155806064605713
frame-000320.color.jpg 0.42444769892985706 0.9046507477760315 -0.010149245150387287 0.036716438829898834 0.6945083737373352 2.146038055419922 -0.2980070412158966
frame-000321.color.jpg 0.415677560749797 0.9086779356002808 -0.002864597598090768 0.03883523866534233 0.6640585660934448 2.162095069885254 -0.26108336448669434
frame-000322.color.jpg 0.4073986377875498 0.9121897220611572 0.0014754809672012925 0.043977126479148865 0.6492577791213989 2.1682450771331787 -0.22607408463954926
frame-000323.color.jpg 0.38784495182738143 0.9204221367835999 0.0034484451171010733 0.048863157629966736 0.6350294351577759 2.1755967140197754 -0.13770027458667755
frame-000324.color.jpg 0.3723129026613338 0.9264426827430725 0.006197206676006317 0.055215153843164444 0.6079742908477783 2.170816659927368 -0.07031562179327011
frame-000325.color.jpg 0.3634948496547373 0.9296999573707581 0.005468310322612524 0.05915802717208862 0.6057979464530945 2.168644666671753 -0.031185073778033257
frame-000326.color.jpg 0.3510110518190088 0.9343507289886475 0.006630623713135719 0.06112276017665863 0.5999934077262878 2.1702728271484375 0.017925884574651718
frame-000327.color.jpg 0.3481206644386964 0.9353875517845154 0.00924823060631752 0.061454225331544876 0.5948835015296936 2.168461561203003 0.024443160742521286
frame-000328.color.jpg 0.33964804529239423 0.9384227395057678 0.012731335125863552 0.061966147273778915 0.5896821022033691 2.169647455215454 0.05939352512359619
frame-000329.color.jpg 0.332313523841289 0.94127357006073 0.01622101105749607 0.057521361857652664 0.5961177945137024 2.171795606613159 0.07888948172330856
frame-000330.color.jpg 0.32271915965586007 0.9442406892776489 0.024190250784158707 0.06063651293516159 0.5885561108589172 2.1851284503936768 0.11652299761772156
frame-000331.color.jpg 0.3194367803245784 0.9455207586288452 0.03350966051220894 0.05317698419094086 0.5885899662971497 2.193556785583496 0.12015728652477264
frame-000332.color.jpg 0.32336210882194466 0.9438609480857849 0.05739405006170273 0.03562828525900841 0.5588071942329407 2.2102534770965576 0.07514853775501251
frame-000333.color.jpg 0.3221351980201564 0.9431146383285522 0.07919682562351227 0.022170603275299072 0.5277856588363647 2.2292633056640625 0.0565190464258194
frame-000334.color.jpg 0.32288591881764694 0.9416610598564148 0.0940435528755188 0.013234383426606655 0.5106008648872375 2.236356019973755 0.03919266536831856
frame-000335.color.jpg 0.323427083628102 0.940242350101471 0.10589516162872314 0.011202700436115265 0.4924972653388977 2.2411487102508545 0.029362250119447708
frame-000336.color.jpg 0.3244577904187373 0.9390360713005066 0.11349642276763916 0.0075441389344632626 0.4816109240055084 2.248629093170166 0.017385514453053474
frame-000337.color.jpg 0.3226038440110315 0.9383516907691956 0.1241496205329895 0.003120946465060115 0.45562973618507385 2.256032943725586 0.014821180142462254
frame-000338.color.jpg 0.3196083668367128 0.9379722476005554 0.13438139855861664 0.0005409530713222921 0.4332197308540344 2.269447088241577 0.017295658588409424
frame-000339.color.jpg 0.3170014758207383 0.935345470905304 0.1568327248096466 -0.006527381483465433 0.3839508891105652 2.285714864730835 0.008494731038808823
frame-000340.color.jpg 0.31421870109336003 0.9340084195137024 0.16962414979934692 -0.011066990904510021 0.34093788266181946 2.2969326972961426 0.004771496634930372
frame-000341.color.jpg 0.3082818602540792 0.9335256814956665 0.182242751121521 -0.01672384887933731 0.29877710342407227 2.314969062805176 0.015442674048244953
frame-000342.color.jpg 0.30823978736225055 0.9320241808891296 0.1896752119064331 -0.01850132644176483 0.268927663564682 2.3214731216430664 0.00957884918898344
frame-000343.color.jpg 0.3051225688678508 0.9259130358695984 0.2201567143201828 -0.03341025114059448 0.1540919691324234 2.365809679031372 -0.01091254036873579
frame-000344.color.jpg 0.3062120911818961 0.9225267171859741 0.23159895837306976 -0.03924987092614174 0.10875523090362549 2.369933843612671 -0.02988203801214695
frame-000345.color.jpg 0.3122825919170632 0.9081823825836182 0.27344709634780884 -0.05395407974720001 -0.07059609889984131 2.3864688873291016 -0.09742400795221329
frame-000346.color.jpg 0.31197692063712307 0.9055089354515076 0.2818191945552826 -0.05746244266629219 -0.11175175756216049 2.38800311088562 -0.10536745935678482
frame-000347.color.jpg 0.3118950328485366 0.9022062420845032 0.2923467457294464 -0.05726112797856331 -0.1537236124277115 2.3973352909088135 -0.11514599621295929
frame-000348.color.jpg 0.31638884483568414 0.8981589078903198 0.29873862862586975 -0.06295991688966751 -0.1801673024892807 2.402573347091675 -0.1505591869354248
frame-000349.color.jpg 0.3225284687707783 0.8962422609329224 0.29743969440460205 -0.06522917747497559 -0.16060388088226318 2.4203696250915527 -0.1919499933719635
frame-000350.color.jpg 0.32564422193791914 0.8969032764434814 0.2908163070678711 -0.07033061981201172 -0.11399822682142258 2.440840244293213 -0.22762909531593323
frame-000351.color.jpg 0.3243476216125051 0.8998991250991821 0.2829810678958893 -0.07001335173845291 -0.04935888946056366 2.460904359817505 -0.23037555813789368
frame-000352.color.jpg 0.3280094643513315 0.9010925889015198 0.277130126953125 -0.06033897399902344 -0.006583877839148045 2.474475622177124 -0.2450294941663742
frame-000353.color.jpg 0.3392532316819605 0.8989189267158508 0.27118557691574097 -0.05753672868013382 0.05754329264163971 2.5027198791503906 -0.30704155564308167
frame-000354.color.jpg 0.3460154855076946 0.8962424397468567 0.27103865146636963 -0.05967249348759651 0.07190310955047607 2.5139966011047363 -0.3450423777103424
frame-000355.color.jpg 0.35006999473851863 0.8943883180618286 0.27225998044013977 -0.05826647952198982 0.07789338380098343 2.529611825942993 -0.365905225276947
frame-000356.color.jpg 0.35327420789379466 0.8934181928634644 0.27088022232055664 -0.06020922586321831 0.09615106135606766 2.542149305343628 -0.3847104609012604
frame-000357.color.jpg 0.36124159578528975 0.8901177048683167 0.27093252539634705 -0.061566948890686035 0.10801815241575241 2.547006368637085 -0.43637317419052124
frame-000358.color.jpg 0.36404262070296595 0.889258861541748 0.2696932554244995 -0.06290718168020248 0.1250031292438507 2.5481748580932617 -0.4553268849849701
frame-000359.color.jpg 0.36795030017395547 0.8882730007171631 0.2674686908721924 -0.06359239667654037 0.14346204698085785 2.546121120452881 -0.4813805818557739
frame-000360.color.jpg 0.3747495459317204 0.8865698575973511 0.264527827501297 -0.05984733626246452 0.1578468382358551 2.5529589653015137 -0.5134315490722656
frame-000361.color.jpg 0.3835187573013677 0.8836686611175537 0.2628679573535919 -0.05425406992435455 0.15934470295906067 2.5553910732269287 -0.5500301122665405
frame-000362.color.jpg 0.38951105829237087 0.8810791373252869 0.26312440633773804 -0.05240299552679062 0.14293530583381653 2.559041976928711 -0.589226484298706
frame-000363.color.jpg 0.39744884522451457 0.8759275078773499 0.26879939436912537 -0.05032287910580635 0.09668074548244476 2.5680735111236572 -0.6368436813354492
frame-000364.color.jpg 0.4072037549102035 0.8713343739509583 0.2694917619228363 -0.048328761011362076 0.07506686449050903 2.56193208694458 -0.6941498517990112
frame-000365.color.jpg 0.41124218662529166 0.8682396411895752 0.2726691961288452 -0.05187705159187317 0.04640780761837959 2.558835506439209 -0.7359138131141663
frame-000366.color.jpg 0.41546352365192785 0.8648874759674072 0.2768056392669678 -0.05232876539230347 0.02010331116616726 2.552405595779419 -0.7676653265953064
frame-000367.color.jpg 0.41568927032213515 0.8620237112045288 0.28438800573349 -0.056930188089609146 -0.021373789757490158 2.5620365142822266 -0.7881110310554504
frame-000368.color.jpg 0.42111753320893247 0.8551351428031921 0.2950596809387207 -0.0659053772687912 -0.07407810539007187 2.5535571575164795 -0.8415438532829285
frame-000369.color.jpg 0.42413443646309357 0.8471428751945496 0.3108385503292084 -0.07640857994556427 -0.14880913496017456 2.535789966583252 -0.8769770264625549
frame-000370.color.jpg 0.4187074910402341 0.8433926701545715 0.32733795046806335 -0.07888419926166534 -0.22900402545928955 2.537454605102539 -0.8566046357154846
frame-000371.color.jpg 0.41512474721244597 0.8354535698890686 0.3501874804496765 -0.08400991559028625 -0.3505524694919586 2.5169007778167725 -0.8472278118133545
frame-000372.color.jpg 0.40770562233853724 0.830876886844635 0.3681711256504059 -0.0887109637260437 -0.436199426651001 2.5179827213287354 -0.8090264201164246
frame-000373.color.jpg 0.4037014262707984 0.8237696290016174 0.38708123564720154 -0.09271854907274246 -0.5305357575416565 2.4961345195770264 -0.7837511301040649
frame-000374.color.jpg 0.3963782003374435 0.82333904504776 0.39543625712394714 -0.09288319945335388 -0.5683576464653015 2.4942309856414795 -0.740867018699646
frame-000375.color.jpg 0.3894698850207704 0.8240280747413635 0.400974839925766 -0.09225023537874222 -0.5932426452636719 2.4922947883605957 -0.6997615694999695
frame-000376.color.jpg 0.38407620199986536 0.8256484866142273 0.4035000205039978 -0.08931831270456314 -0.6074316501617432 2.4934639930725098 -0.6679250597953796
frame-000377.color.jpg 0.3793536658695935 0.8273736238479614 0.4050125479698181 -0.0866512879729271 -0.6175255179405212 2.4919872283935547 -0.6363099813461304
frame-000378.color.jpg 0.3760356613114056 0.8278086185455322 0.40703222155570984 -0.08749165385961533 -0.6251004934310913 2.4931821823120117 -0.6174300909042358
frame-000379.color.jpg 0.3765991583737611 0.8257976770401001 0.4101930260658264 -0.08929106593132019 -0.6335757970809937 2.4853971004486084 -0.6211370825767517
frame-000380.color.jpg 0.37740970023839 0.8222147226333618 0.4151465892791748 -0.09580273181200027 -0.6536639332771301 2.4768385887145996 -0.6270953416824341
frame-000381.color.jpg 0.3809032693222201 0.8195117712020874 0.4162227213382721 -0.10035888105630875 -0.6466460227966309 2.473337411880493 -0.6452174186706543
frame-000382.color.jpg 0.38293386258884166 0.8146547079086304 0.4222458600997925 -0.1068066954612732 -0.6712321639060974 2.463027000427246 -0.6586413979530334
frame-000383.color.jpg 0.38465254330060294 0.8077574968338013 0.4308701753616333 -0.11798790097236633 -0.7116172909736633 2.443730115890503 -0.6723619699478149
frame-000384.color.jpg 0.3851751597240575 0.8045856356620789 0.4347504675388336 -0.12358826398849487 -0.7291565537452698 2.4349331855773926 -0.6744017004966736
frame-000385.color.jpg 0.38511575270733395 0.7975362539291382 0.4462621510028839 -0.12834270298480988 -0.7853678464889526 2.4167394638061523 -0.672036349773407
frame-000386.color.jpg 0.3855459774345105 0.791667103767395 0.454660028219223 -0.13379734754562378 -0.832039475440979 2.397279977798462 -0.6752269864082336
frame-000387.color.jpg 0.3907683890545563 0.7850853800773621 0.45981043577194214 -0.13969747722148895 -0.8648871183395386 2.3754215240478516 -0.70767742395401
frame-000388.color.jpg 0.39422258568528895 0.7824680209159851 0.4599721133708954 -0.14407634735107422 -0.8725705146789551 2.3644635677337646 -0.728290319442749
frame-000389.color.jpg 0.3958056189351285 0.7808341383934021 0.4602351188659668 -0.1477145105600357 -0.8762935996055603 2.3619797229766846 -0.7437043786048889
frame-000390.color.jpg 0.3989005998152767 0.7760060429573059 0.46413883566856384 -0.15253867208957672 -0.9041976928710938 2.347702980041504 -0.7652867436408997
frame-000391.color.jpg 0.4024816292480066 0.7711509466171265 0.4676957428455353 -0.1568291187286377 -0.9309558272361755 2.332021474838257 -0.7866305112838745
frame-000392.color.jpg 0.40477880221804374 0.7665991187095642 0.4728979766368866 -0.15763065218925476 -0.9678712487220764 2.3241090774536133 -0.8007771372795105
frame-000393.color.jpg 0.4075081560003902 0.7634992599487305 0.47758036851882935 -0.1514035314321518 -0.9946081042289734 2.319530725479126 -0.81748366355896
frame-000394.color.jpg 0.4107640156001497 0.7676613330841064 0.46785110235214233 -0.15193521976470947 -0.9299162030220032 2.346100091934204 -0.8468770980834961
frame-000395.color.jpg 0.4103137795179831 0.7761011123657227 0.45375344157218933 -0.15302759408950806 -0.8233674168586731 2.391094923019409 -0.8597406148910522
frame-000396.color.jpg 0.4130105431879893 0.7800378799438477 0.4418438971042633 -0.16042794287204742 -0.7333100438117981 2.4146485328674316 -0.8943566083908081
frame-000397.color.jpg 0.41234774076415803 0.7813786864280701 0.4399971067905426 -0.16068367660045624 -0.7179598212242126 2.4224226474761963 -0.8926967978477478
frame-000398.color.jpg 0.41554994362901254 0.7870096564292908 0.4250328242778778 -0.16516953706741333 -0.5860236287117004 2.466397523880005 -0.9317893981933594
frame-000399.color.jpg 0.4199970523616857 0.786652684211731 0.4202209413051605 -0.16791211068630219 -0.5444843769073486 2.468128204345703 -0.9643319249153137
frame-000400.color.jpg 0.42534704747146 0.7849465608596802 0.4182021915912628 -0.16746853291988373 -0.5184882879257202 2.4646430015563965 -0.9990087151527405
frame-000401.color.jpg 0.4252387248510636 0.7847965955734253 0.41814979910850525 -0.16857346892356873 -0.5117671489715576 2.470097780227661 -1.0006473064422607
frame-000402.color.jpg 0.42409222526824375 0.783842146396637 0.4208727777004242 -0.16912530362606049 -0.5207222700119019 2.472005844116211 -0.9976479411125183
frame-000403.color.jpg 0.42148403764664955 0.7818695902824402 0.4260712265968323 -0.17173926532268524 -0.5466802716255188 2.4773244857788086 -0.9902100563049316
frame-000404.color.jpg 0.4216692097314508 0.776519238948822 0.43224069476127625 -0.1799468696117401 -0.579923152923584 2.471935987472534 -1.0107182264328003
frame-000405.color.jpg 0.416860421062397 0.7653449773788452 0.45023685693740845 -0.19432272017002106 -0.6939545273780823 2.4643361568450928 -1.0148792266845703
frame-000406.color.jpg 0.41621829759075446 0.7634653449058533 0.45270729064941406 -0.19733016192913055 -0.7112106680870056 2.4614851474761963 -1.0184897184371948
frame-000407.color.jpg 0.4113696435771872 0.7525324821472168 0.47093838453292847 -0.206608384847641 -0.8278199434280396 2.451704740524292 -1.0072294473648071
frame-000408.color.jpg 0.4099063938167817 0.743478000164032 0.48412004113197327 -0.21176652610301971 -0.9182860255241394 2.4342401027679443 -1.008506417274475
frame-000409.color.jpg 0.4077052957837034 0.7309445142745972 0.5012322068214417 -0.2196877896785736 -1.0354796648025513 2.40044903755188 -1.001803994178772
frame-000410.color.jpg 0.40568880763875903 0.7240318059921265 0.5112712383270264 -0.22315050661563873 -1.1002182960510254 2.3893258571624756 -0.992976725101471
frame-000411.color.jpg 0.4039989300950003 0.716009259223938 0.5234935879707336 -0.22376352548599243 -1.1711152791976929 2.370163679122925 -0.9756771326065063
frame-000412.color.jpg 0.4021127455384285 0.7106310129165649 0.5303900837898254 -0.22802472114562988 -1.204791784286499 2.361509323120117 -0.9674698710441589
frame-000413.color.jpg 0.40596118620218574 0.7046712040901184 0.5322631597518921 -0.2352229803800583 -1.21772301197052 2.341038227081299 -0.9934487342834473
frame-000414.color.jpg 0.4113849639480647 0.7035070657730103 0.5310903787612915 -0.23191216588020325 -1.2015424966812134 2.332341432571411 -1.0199559926986694
frame-000415.color.jpg 0.408946371312891 0.7069951891899109 0.5288025736808777 -0.2308432012796402 -1.1681804656982422 2.353849172592163 -1.011771559715271
frame-000416.color.jpg 0.40577619060856945 0.7122809290885925 0.524708092212677 -0.22952783107757568 -1.120404839515686 2.383134126663208 -1.0032556056976318
frame-000417.color.jpg 0.4047561286961092 0.7160842418670654 0.5215426087379456 -0.22669166326522827 -1.0787612199783325 2.4013476371765137 -0.9936453104019165
frame-000418.color.jpg 0.40722226413686524 0.7180575728416443 0.516601026058197 -0.22734731435775757 -1.029755711555481 2.408921480178833 -1.01323664188385
frame-000419.color.jpg 0.41168732733448854 0.7179239988327026 0.5135005712509155 -0.22675074636936188 -0.9934102296829224 2.403362512588501 -1.0399447679519653
frame-000420.color.jpg 0.41465335747974624 0.717236340045929 0.5117930769920349 -0.2273816466331482 -0.9672933220863342 2.3974623680114746 -1.0574696063995361
frame-000421.color.jpg 0.4171273965193283 0.7166683673858643 0.5106795430183411 -0.22715134918689728 -0.9449391961097717 2.3900115489959717 -1.0660122632980347
frame-000422.color.jpg 0.4167761169566736 0.7179926633834839 0.5087457299232483 -0.22795160114765167 -0.9146602749824524 2.397041082382202 -1.0567950010299683
frame-000423.color.jpg 0.41550190889771543 0.7189749479293823 0.5092210173606873 -0.22611314058303833 -0.8985512852668762 2.4010164737701416 -1.0387029647827148
frame-000424.color.jpg 0.4130677571969448 0.7231066226959229 0.5065330862998962 -0.2234191745519638 -0.854703426361084 2.4105629920959473 -1.0099804401397705
frame-000425.color.jpg 0.40925595113531593 0.7274987697601318 0.5054858326911926 -0.21849289536476135 -0.8259502053260803 2.425671339035034 -0.9773924946784973
frame-000426.color.jpg 0.4052626263468136 0.7312423586845398 0.5057281255722046 -0.2128048539161682 -0.8045564889907837 2.433086633682251 -0.9412059187889099
frame-000427.color.jpg 0.400900754586535 0.7338501214981079 0.5061917304992676 -0.21097995340824127 -0.7850504517555237 2.430612564086914 -0.9025141596794128
frame-000428.color.jpg 0.3964352201766083 0.729758620262146 0.5137091875076294 -0.21539324522018433 -0.8263220191001892 2.4060111045837402 -0.8684831857681274
frame-000429.color.jpg 0.39351485234952477 0.7257762551307678 0.5226274132728577 -0.21273335814476013 -0.8745788335800171 2.376772165298462 -0.8341466784477234
frame-000430.color.jpg 0.38842019816982654 0.7231417298316956 0.5290353298187256 -0.21521469950675964 -0.9100714921951294 2.3577287197113037 -0.7961676120758057
frame-000431.color.jpg 0.3883144107750639 0.7175451517105103 0.5363854765892029 -0.2159436196088791 -0.9559395909309387 2.317875623703003 -0.7700871825218201
frame-000432.color.jpg 0.38463581753770043 0.7131928205490112 0.5446958541870117 -0.2161427140235901 -1.0029499530792236 2.2816925048828125 -0.7208566069602966
frame-000433.color.jpg 0.3831451779366398 0.7093902230262756 0.5487772226333618 -0.22092697024345398 -1.0322729349136353 2.247889280319214 -0.6924421191215515
frame-000434.color.jpg 0.38065845139229626 0.7066933512687683 0.5527389645576477 -0.22397178411483765 -1.0614553689956665 2.2108144760131836 -0.6552877426147461
frame-000435.color.jpg 0.3798701350898479 0.7068265676498413 0.5546700954437256 -0.22008156776428223 -1.0702470541000366 2.1886682510375977 -0.6215595006942749
frame-000436.color.jpg 0.3781307853523961 0.7086835503578186 0.5546273589134216 -0.21719402074813843 -1.065623164176941 2.1812682151794434 -0.5850558876991272
frame-000437.color.jpg 0.37947521165687975 0.7122266292572021 0.5537816882133484 -0.20507942140102386 -1.050193428993225 2.1717872619628906 -0.56558758020401
frame-000438.color.jpg 0.38624817134278566 0.7160375118255615 0.545272171497345 -0.201942577958107 -0.9951573610305786 2.1740927696228027 -0.5934901833534241
frame-000439.color.jpg 0.3845060785489514 0.7277717590332031 0.5322137475013733 -0.1981208324432373 -0.8929126262664795 2.2078683376312256 -0.5773307085037231
frame-000440.color.jpg 0.37440402801649897 0.7426996827125549 0.5194175243377686 -0.19602064788341522 -0.7648390531539917 2.2536160945892334 -0.525911808013916
frame-000441.color.jpg 0.37381555527486643 0.7496454119682312 0.5101511478424072 -0.19503699243068695 -0.6856981515884399 2.2606098651885986 -0.5138795375823975
frame-000442.color.jpg 0.3667706007665638 0.7596809267997742 0.49944910407066345 -0.1972687840461731 -0.5656014084815979 2.2703051567077637 -0.4855881929397583
frame-000443.color.jpg 0.3607934707341031 0.7628849148750305 0.5014265179634094 -0.19080416858196259 -0.5206602811813354 2.2605230808258057 -0.4399925172328949
frame-000444.color.jpg 0.3524077485802159 0.7622043490409851 0.5090830326080322 -0.18891209363937378 -0.5210268497467041 2.2548465728759766 -0.39180293679237366
frame-000445.color.jpg 0.34923827909620714 0.7589370608329773 0.516507089138031 -0.1877962350845337 -0.5371533036231995 2.250033378601074 -0.36955150961875916
frame-000446.color.jpg 0.3498602769411097 0.7545480132102966 0.5223559141159058 -0.18814709782600403 -0.5543741583824158 2.2371716499328613 -0.37505120038986206
frame-000447.color.jpg 0.3495496881884661 0.748844563961029 0.528653621673584 -0.1938358098268509 -0.5739746689796448 2.2225005626678467 -0.3777906894683838
frame-000448.color.jpg 0.3527499960019816 0.7419481873512268 0.5320941805839539 -0.20483191311359406 -0.5757706761360168 2.2090532779693604 -0.40215426683425903
frame-000449.color.jpg 0.3554747963288386 0.73740553855896 0.5341028571128845 -0.21119876205921173 -0.5810650587081909 2.2028894424438477 -0.4135902225971222
frame-000450.color.jpg 0.3568229813260261 0.734971284866333 0.5358571410179138 -0.21295925974845886 -0.5881447196006775 2.204986095428467 -0.4212571978569031
frame-000451.color.jpg 0.3643850108278913 0.7306224703788757 0.5349336862564087 -0.21739442646503448 -0.5875899791717529 2.1990320682525635 -0.4624209403991699
frame-000452.color.jpg 0.3694555520903945 0.7253462672233582 0.5348837971687317 -0.22643907368183136 -0.590032160282135 2.201575517654419 -0.5072523951530457
frame-000453.color.jpg 0.37159507616371423 0.7142205834388733 0.5438817739486694 -0.2366403192281723 -0.6453297138214111 2.208259105682373 -0.5492697954177856
frame-000454.color.jpg 0.3646334459781772 0.7054744362831116 0.5571752786636353 -0.2427014410495758 -0.7001386284828186 2.2235617637634277 -0.5401763916015625
frame-000455.color.jpg 0.36583007752213625 0.7026413679122925 0.5593866109848022 -0.24402885138988495 -0.7170286178588867 2.21930193901062 -0.5527070164680481
frame-000456.color.jpg 0.36792336438897094 0.6976014375686646 0.5630726218223572 -0.24684807658195496 -0.7463441491127014 2.234200954437256 -0.5853805541992188
frame-000457.color.jpg 0.3717983740987196 0.6907653212547302 0.566664457321167 -0.25199323892593384 -0.7887296080589294 2.245882749557495 -0.6427657008171082
frame-000458.color.jpg 0.3732137711438984 0.6877597570419312 0.5673831105232239 -0.2564653754234314 -0.7997689843177795 2.2565701007843018 -0.6688531041145325
frame-000459.color.jpg 0.3759738029034465 0.6847548484802246 0.5695990920066833 -0.2555611729621887 -0.8241133093833923 2.2672111988067627 -0.6979231834411621
frame-000460.color.jpg 0.3787819158344515 0.6885160207748413 0.5637542605400085 -0.25426578521728516 -0.7958673238754272 2.293704032897949 -0.7279951572418213
frame-000461.color.jpg 0.3855839247125821 0.6990238428115845 0.5502183437347412 -0.24484777450561523 -0.7180344462394714 2.325312376022339 -0.7729446291923523
frame-000462.color.jpg 0.3897195477864615 0.7146046757698059 0.5287630558013916 -0.2405587136745453 -0.589233934879303 2.377127170562744 -0.8150051236152649
frame-000463.color.jpg 0.3951532731776451 0.7292078137397766 0.5055794715881348 -0.23769570887088776 -0.44632482528686523 2.4181365966796875 -0.8654264807701111
frame-000464.color.jpg 0.4039980577122166 0.7422577738761902 0.48288053274154663 -0.22948919236660004 -0.28150469064712524 2.439945936203003 -0.9120539426803589
frame-000465.color.jpg 0.4070333532918293 0.7495560050010681 0.47077178955078125 -0.22552932798862457 -0.19232556223869324 2.4523003101348877 -0.9269040822982788
frame-000466.color.jpg 0.4083825671672587 0.7508721351623535 0.4681127369403839 -0.2242439091205597 -0.17386934161186218 2.4563257694244385 -0.9326083660125732
frame-000467.color.jpg 0.4121514858930219 0.7572917938232422 0.4567999839782715 -0.21903003752231598 -0.09055531769990921 2.470827102661133 -0.9488534927368164
frame-000468.color.jpg 0.42315956568429325 0.7688353061676025 0.4303888976573944 -0.2111717164516449 0.07991891354322433 2.481431245803833 -0.9883739352226257
frame-000469.color.jpg 0.4252294459369752 0.7740347385406494 0.42135441303253174 -0.2061808556318283 0.1441212296485901 2.498366117477417 -0.9883115291595459
frame-000470.color.jpg 0.42802867253594307 0.7764464020729065 0.412649929523468 -0.20890767872333527 0.2147335708141327 2.488365411758423 -1.0196735858917236
frame-000471.color.jpg 0.42643457487101166 0.776702880859375 0.4123515486717224 -0.21178388595581055 0.21764275431632996 2.4914534091949463 -1.0177415609359741
frame-000472.color.jpg 0.4212350599719665 0.7760307788848877 0.4144144356250763 -0.22044913470745087 0.22725723683834076 2.4964451789855957 -1.0178768634796143
frame-000473.color.jpg 0.41836861912515494 0.7752289772033691 0.41799643635749817 -0.22196100652217865 0.2199259251356125 2.509267807006836 -1.0112557411193848
frame-000474.color.jpg 0.41510381579330924 0.7712240219116211 0.4238220751285553 -0.23081834614276886 0.18366043269634247 2.5090973377227783 -1.0208072662353516
frame-000475.color.jpg 0.4123494784086169 0.7697606682777405 0.426821231842041 -0.2350745052099228 0.17575834691524506 2.5148751735687256 -1.0227826833724976
frame-000476.color.jpg 0.41342435804247984 0.7670221328735352 0.4301808476448059 -0.2360125333070755 0.16903242468833923 2.509009838104248 -1.0322165489196777
frame-000477.color.jpg 0.4108717226208715 0.7659709453582764 0.43349412083625793 -0.23781464993953705 0.15110427141189575 2.516902208328247 -1.0288465023040771
frame-000478.color.jpg 0.4114665619793881 0.7642822861671448 0.43719014525413513 -0.2354414016008377 0.15176290273666382 2.5167808532714844 -1.0241427421569824
frame-000479.color.jpg 0.40929543386097655 0.7627179026603699 0.44396892189979553 -0.2315819412469864 0.13637764751911163 2.519648790359497 -1.0173555612564087
frame-000480.color.jpg 0.4074733198286743 0.7626709938049316 0.44704267382621765 -0.2290225625038147 0.14619791507720947 2.5278449058532715 -1.003206491470337
frame-000481.color.jpg 0.405600113401264 0.7622964382171631 0.4492814540863037 -0.2292136698961258 0.1368468850851059 2.5289652347564697 -0.9993123412132263
frame-000482.color.jpg 0.4014670419949998 0.7600861191749573 0.459598183631897 -0.22329959273338318 0.12554162740707397 2.533734083175659 -0.9710618257522583
frame-000483.color.jpg 0.39363627605087737 0.7561841607093811 0.4735221862792969 -0.22138823568820953 0.0493590384721756 2.5516133308410645 -0.935083270072937
frame-000484.color.jpg 0.3891923019676132 0.7556449770927429 0.4790908694267273 -0.21909332275390625 0.033959802240133286 2.5600426197052 -0.9142197966575623
frame-000485.color.jpg 0.3810500811353774 0.7538589239120483 0.4925898313522339 -0.20941105484962463 -0.026162728667259216 2.5897860527038574 -0.8434885740280151
frame-000486.color.jpg 0.3732647552750105 0.7569619417190552 0.4955388009548187 -0.20523954927921295 -0.03409609571099281 2.607372522354126 -0.7891308665275574
frame-000487.color.jpg 0.3723855913477101 0.7589443922042847 0.4935323894023895 -0.2043481171131134 -0.015591192059218884 2.6077871322631836 -0.7818533182144165
frame-000488.color.jpg 0.3653849207498423 0.7693465948104858 0.4878947138786316 -0.19120265543460846 0.031771887093782425 2.6087965965270996 -0.7010088562965393
frame-000489.color.jpg 0.36554881296667996 0.7750803828239441 0.48004433512687683 -0.18756861984729767 0.08530872315168381 2.6023967266082764 -0.6889851689338684
frame-000490.color.jpg 0.3625240325186025 0.7788552641868591 0.47901877760887146 -0.18028244376182556 0.08826007694005966 2.6031739711761475 -0.6524588465690613
frame-000491.color.jpg 0.36297083506843036 0.777188241481781 0.4808720648288727 -0.18163859844207764 0.0667308121919632 2.590742588043213 -0.6577010154724121
frame-000492.color.jpg 0.36026775424638613 0.7796856164932251 0.47937536239624023 -0.18026819825172424 0.08000198751688004 2.587127923965454 -0.6400850415229797
