frame-000010.color.jpg 0.35306230579296677 0.7763710021972656 -0.4806287884712219 0.20393912494182587 3.334724187850952 1.5667307376861572 0.626488208770752
frame-000011.color.jpg 0.35883312769014647 0.776377260684967 -0.4772948920726776 0.2016598880290985 3.3398706912994385 1.581295371055603 0.5815471410751343
frame-000012.color.jpg 0.37115422255105807 0.7727232575416565 -0.4715934991836548 0.20674365758895874 3.3566951751708984 1.5927531719207764 0.5066763758659363
frame-000013.color.jpg 0.3747738606520667 0.7713897228240967 -0.4720127582550049 0.20422132313251495 3.36331844329834 1.5811907052993774 0.4918062388896942
frame-000014.color.jpg 0.38698619591342676 0.7665894031524658 -0.46936097741127014 0.20562733709812164 3.3559420108795166 1.5645958185195923 0.4086904525756836
frame-000015.color.jpg 0.3989759159698365 0.7580452561378479 -0.46827706694602966 0.21656928956508636 3.35545015335083 1.5550390481948853 0.3663877844810486
frame-000016.color.jpg 0.4114890524681932 0.7534649968147278 -0.46672409772872925 0.21245180070400238 3.3217287063598633 1.5225136280059814 0.24943439662456512
frame-000017.color.jpg 0.4174527241961766 0.7465367913246155 -0.4726077616214752 0.21226850152015686 3.333803176879883 1.4585446119308472 0.21883462369441986
frame-000018.color.jpg 0.417151773572975 0.7454131841659546 -0.4734227657318115 0.21497520804405212 3.318810224533081 1.4564796686172485 0.21926243603229523
frame-000019.color.jpg 0.42401632916567317 0.7429140210151672 -0.47120144963264465 0.21507708728313446 3.3212528228759766 1.4530565738677979 0.1640658974647522
frame-000020.color.jpg 0.42517549787679243 0.7426195740699768 -0.47052422165870667 0.21528823673725128 3.3120760917663574 1.4583051204681396 0.14181075990200043
frame-000021.color.jpg 0.4201397437993183 0.7445570230484009 -0.4701582193374634 0.21924549341201782 3.303441047668457 1.4864845275878906 0.1704239547252655
frame-000022.color.jpg 0.42037252815080345 0.7454606890678406 -0.4719715416431427 0.21170271933078766 3.3056812286376953 1.4787672758102417 0.13445702195167542
frame-000023.color.jpg 0.42047603907153724 0.7432866096496582 -0.4754892885684967 0.21126993000507355 3.3057641983032227 1.4796820878982544 0.08985613286495209
frame-000024.color.jpg 0.4128925273608848 0.7411230206489563 -0.48256808519363403 0.21767973899841309 3.3183276653289795 1.4872182607650757 0.12876643240451813
frame-000025.color.jpg 0.4151556559010486 0.7388570308685303 -0.4842432737350464 0.2173580825328827 3.33158016204834 1.471397876739502 0.10838081687688828
frame-000026.color.jpg 0.4201843124606947 0.734436571598053 -0.4862077236175537 0.21828897297382355 3.3541858196258545 1.4593994617462158 0.05840311199426651
frame-000027.color.jpg 0.4280054011584057 0.7320332527160645 -0.4787936210632324 0.22736622393131256 3.34509539604187 1.5817980766296387 -0.033167626708745956
frame-000028.color.jpg 0.4290523319743249 0.7324613928794861 -0.47703734040260315 0.22770573198795319 3.3424181938171387 1.6085526943206787 -0.05860225856304169
frame-000029.color.jpg 0.4315051875017952 0.7323859930038452 -0.47802436351776123 0.22114896774291992 3.346430540084839 1.611185073852539 -0.12061908841133118
frame-000030.color.jpg 0.4350342350839684 0.7317067384719849 -0.4790925681591034 0.21405789256095886 3.3597311973571777 1.5929808616638184 -0.18908336758613586
frame-000031.color.jpg 0.4339761220546123 0.7321003675460815 -0.47988006472587585 0.2130940705537796 3.3655216693878174 1.6030607223510742 -0.19294922053813934
frame-000032.color.jpg 0.44596582955245845 0.7278398275375366 -0.4793478548526764 0.20393477380275726 3.3469717502593994 1.5791244506835938 -0.3120151162147522
frame-000033.color.jpg 0.46071023024844265 0.7430017590522766 -0.441161572933197 0.20265959203243256 3.106750011444092 1.8640609979629517 -0.5914612412452698
frame-000034.color.jpg 0.46689896389766194 0.7458508014678955 -0.4290317893028259 0.2040679156780243 3.0224852561950684 1.9337996244430542 -0.6922126412391663
frame-000035.color.jpg 0.4672893868140543 0.7516853213310242 -0.41883084177970886 0.20295487344264984 2.962226629257202 2.011885404586792 -0.744011640548706
frame-000036.color.jpg 0.4693078206535293 0.7566542029380798 -0.40688732266426086 0.20412582159042358 2.8735218048095703 2.095691204071045 -0.8257421851158142
frame-000037.color.jpg 0.4727277437361371 0.7564721703529358 -0.4026382565498352 0.20533064007759094 2.8447704315185547 2.1185407638549805 -0.8818196654319763
frame-000038.color.jpg 0.465761222740583 0.7564363479614258 -0.41019532084465027 0.20642296969890594 2.862983226776123 2.149893045425415 -0.8579399585723877
frame-000039.color.jpg 0.4649165669954197 0.7492710947990417 -0.42191460728645325 0.21079272031784058 2.9056427478790283 2.118502378463745 -0.8360750675201416
frame-000040.color.jpg 0.46395448421953833 0.7416895627975464 -0.4295048117637634 0.22398295998573303 2.9603466987609863 2.1074705123901367 -0.7990777492523193
frame-000041.color.jpg 0.4711020547751842 0.7349762916564941 -0.4351617395877838 0.22024276852607727 2.9700024127960205 2.0594074726104736 -0.8615264892578125
frame-000042.color.jpg 0.47334888151542487 0.7324670553207397 -0.4359745979309082 0.22216932475566864 2.9797067642211914 2.0456387996673584 -0.8781259059906006
frame-000043.color.jpg 0.4724227603848892 0.7269570827484131 -0.44238173961639404 0.22945286333560944 2.9978702068328857 2.03834867477417 -0.8753688931465149
frame-000044.color.jpg 0.46937434739035605 0.7228333950042725 -0.4511997401714325 0.23155668377876282 3.0688042640686035 2.045865535736084 -0.8771869540214539
frame-000045.color.jpg 0.47737571016869235 0.7197480201721191 -0.4491399824619293 0.22879834473133087 3.056711196899414 2.035626173019409 -0.967271089553833
frame-000046.color.jpg 0.48257521180690166 0.7159276008605957 -0.44931599497795105 0.22952985763549805 3.065692901611328 2.0299651622772217 -1.0102115869522095
frame-000047.color.jpg 0.4893059295685214 0.7118595242500305 -0.44745132327079773 0.23156648874282837 3.0530471801757812 2.0102860927581787 -1.0524883270263672
frame-000048.color.jpg 0.4883178551436788 0.7090108394622803 -0.4487066864967346 0.23981566727161407 3.06796932220459 2.0128870010375977 -1.02263343334198
frame-000049.color.jpg 0.489143529510922 0.7060441970825195 -0.4499202370643616 0.24456490576267242 3.081404447555542 2.0090184211730957 -1.0170449018478394
frame-000050.color.jpg 0.4925106253083113 0.7041357159614563 -0.44980040192604065 0.24352771043777466 3.0694096088409424 1.9869091510772705 -1.0341062545776367
frame-000051.color.jpg 0.4962720768993814 0.6990217566490173 -0.4520846903324127 0.24637804925441742 3.0830864906311035 1.952454686164856 -1.0446972846984863
frame-000052.color.jpg 0.49575151854976107 0.6926376819610596 -0.4590052366256714 0.25258180499076843 3.114673614501953 1.9136440753936768 -0.9971368908882141
frame-000053.color.jpg 0.48348947573667 0.6870976090431213 -0.47686904668807983 0.25832298398017883 3.1575980186462402 1.859085202217102 -0.836258590221405
frame-000054.color.jpg 0.47964612022575037 0.6856502294540405 -0.4834076762199402 0.25717779994010925 3.145937919616699 1.8286644220352173 -0.7778087258338928
frame-000055.color.jpg 0.47094936704866436 0.6883818507194519 -0.4893569052219391 0.2546899914741516 3.1315901279449463 1.835118293762207 -0.7082797884941101
frame-000056.color.jpg 0.4699365602676135 0.688980758190155 -0.4892493188381195 0.2551475167274475 3.1267881393432617 1.8352304697036743 -0.6968409419059753
frame-000057.color.jpg 0.46229824831258187 0.6892004609107971 -0.4932183623313904 0.26080384850502014 3.1182830333709717 1.8306714296340942 -0.6157951354980469
frame-000058.color.jpg 0.438470689210436 0.6957414150238037 -0.5052446126937866 0.2615632116794586 3.0454306602478027 1.8138307332992554 -0.4149039685726166
frame-000059.color.jpg 0.4363529480870134 0.6941341161727905 -0.509343147277832 0.2614257335662842 3.0101003646850586 1.778610348701477 -0.3826601505279541
frame-000060.color.jpg 0.4336675405614832 0.6929916143417358 -0.5110560059547424 0.2655503749847412 3.007805347442627 1.773224115371704 -0.3541194498538971
frame-000061.color.jpg 0.43277115231625984 0.691819965839386 -0.5134417414665222 0.2654651701450348 2.9827516078948975 1.7386329174041748 -0.3335786461830139
frame-000062.color.jpg 0.4257112429781521 0.6919457912445068 -0.5194722414016724 0.2648199796676636 2.959869861602783 1.7017587423324585 -0.25548675656318665
frame-000063.color.jpg 0.41771517902768557 0.690328061580658 -0.5265102386474609 0.267858624458313 2.957568645477295 1.6863130331039429 -0.1761426329612732
frame-000064.color.jpg 0.41018625604364206 0.6931378841400146 -0.5294292569160461 0.2664801776409149 2.933953285217285 1.6826221942901611 -0.12020745128393173
frame-000065.color.jpg 0.39648829869091357 0.6970195770263672 -0.5355707406997681 0.2648109495639801 2.91792631149292 1.6833889484405518 -0.020796893164515495
frame-000066.color.jpg 0.39352603063063735 0.6989118456840515 -0.5389583110809326 0.2572615444660187 2.923128128051758 1.660690188407898 0.004191518761217594
frame-000067.color.jpg 0.38768573261970135 0.6986389756202698 -0.5455669164657593 0.2529032826423645 2.9312233924865723 1.6210085153579712 0.06947578489780426
frame-000068.color.jpg 0.38749155524096196 0.6979791522026062 -0.5470905303955078 0.25172892212867737 2.9368321895599365 1.6069996356964111 0.0778394490480423
frame-000069.color.jpg 0.3764605611686491 0.6936702132225037 -0.5640360116958618 0.24282190203666687 2.973085880279541 1.4816102981567383 0.23010769486427307
frame-000070.color.jpg 0.37001201960796404 0.6911068558692932 -0.5707423090934753 0.24436765909194946 2.98283052444458 1.4308257102966309 0.3188362121582031
frame-000071.color.jpg 0.35968463998418976 0.6855681538581848 -0.5821141004562378 0.2485286146402359 2.9901576042175293 1.3295470476150513 0.4395611882209778
frame-000072.color.jpg 0.3565953468431202 0.6849602460861206 -0.5839895606040955 0.25025057792663574 2.9967055320739746 1.3233895301818848 0.4695780277252197
frame-000073.color.jpg 0.3503191095316395 0.6845468282699585 -0.5897493958473206 0.24671399593353271 2.9914543628692627 1.2895411252975464 0.5164421796798706
frame-000074.color.jpg 0.35369082147600567 0.6836670637130737 -0.5900992155075073 0.24348552525043488 2.992569923400879 1.249367356300354 0.4922209680080414
frame-000075.color.jpg 0.35214690386774805 0.6839542984962463 -0.5906157493591309 0.24366402626037598 2.992218255996704 1.2424391508102417 0.502165675163269
frame-000076.color.jpg 0.34897833242886367 0.6846412420272827 -0.5922178030014038 0.24240192770957947 2.9810619354248047 1.2129887342453003 0.5215461254119873
frame-000077.color.jpg 0.3487434971841316 0.6833775639533997 -0.593997061252594 0.24195154011249542 2.9799392223358154 1.176669955253601 0.5381549596786499
frame-000078.color.jpg 0.3515448930868376 0.6887914538383484 -0.588409960269928 0.2361277937889099 2.9519171714782715 1.164997935295105 0.5148998498916626
frame-000079.color.jpg 0.3510981171457687 0.690906286239624 -0.5869756937026978 0.23417513072490692 2.938352108001709 1.168999195098877 0.5137399435043335
frame-000080.color.jpg 0.3496231786780862 0.6953459978103638 -0.5828077793121338 0.2336510866880417 2.9132442474365234 1.1638604402542114 0.5297504663467407
frame-000081.color.jpg 0.3435730632798054 0.6989516615867615 -0.5823381543159485 0.23303759098052979 2.882549524307251 1.1413931846618652 0.5869596004486084
frame-000082.color.jpg 0.341612251368391 0.700439453125 -0.582014262676239 0.23226040601730347 2.8769030570983887 1.141265630722046 0.6010660529136658
frame-000083.color.jpg 0.33884736693668294 0.7018123865127563 -0.582420825958252 0.2311445027589798 2.863452672958374 1.099259376525879 0.6207779049873352
frame-000084.color.jpg 0.33262404992231787 0.7032670974731445 -0.5886783599853516 0.2196233868598938 2.861022710800171 1.0172964334487915 0.6582404971122742
frame-000085.color.jpg 0.33344673583811246 0.704410195350647 -0.5888437628746033 0.2142019420862198 2.85162353515625 0.9732112288475037 0.6532878279685974
frame-000086.color.jpg 0.3304758272839823 0.7057589292526245 -0.5894837379455566 0.21260042488574982 2.85117506980896 0.9614473581314087 0.6638475656509399
frame-000087.color.jpg 0.32525748164033025 0.7078014612197876 -0.5906772017478943 0.21053563058376312 2.83579683303833 0.9409068822860718 0.6844571828842163
frame-000088.color.jpg 0.32482987359335236 0.696841835975647 -0.603347659111023 0.21182242035865784 2.8407843112945557 0.8129613995552063 0.7329402565956116
frame-000089.color.jpg 0.31518219363410943 0.6922858953475952 -0.6131084561347961 0.21330371499061584 2.8493683338165283 0.7447771430015564 0.8236263990402222
frame-000090.color.jpg 0.3163610256766161 0.6835168600082397 -0.623872697353363 0.20857451856136322 2.8538215160369873 0.6355569958686829 0.840556800365448
frame-000091.color.jpg 0.31585254306393423 0.6780673265457153 -0.6304430961608887 0.2073727548122406 2.8689451217651367 0.5752142071723938 0.8595907688140869
frame-000092.color.jpg 0.308665591617021 0.6702210903167725 -0.6413607001304626 0.21020379662513733 2.8758647441864014 0.49190887808799744 0.9408228993415833
frame-000093.color.jpg 0.3027056732985601 0.6607890129089355 -0.6542713046073914 0.20894068479537964 2.8778162002563477 0.3916884958744049 1.002803921699524
frame-000094.color.jpg 0.2874949295446319 0.6314704418182373 -0.6841884255409241 0.22467295825481415 2.8162403106689453 0.1967008113861084 1.2215559482574463
frame-000095.color.jpg 0.2818732178815625 0.61175537109375 -0.7015336751937866 0.2327088564634323 2.7470273971557617 0.07807260751724243 1.3402197360992432
frame-000096.color.jpg 0.27893164663010134 0.5904379487037659 -0.7173901796340942 0.2427578568458557 2.7050421237945557 -0.02301684208214283 1.4395781755447388
frame-000097.color.jpg 0.2786742901025438 0.5802180767059326 -0.726771354675293 0.23977309465408325 2.6673762798309326 -0.0876450389623642 1.4679222106933594
frame-000098.color.jpg 0.2791417070611169 0.5641418099403381 -0.7369404435157776 0.2464601844549179 2.6312339305877686 -0.1487942636013031 1.5300801992416382
frame-000099.color.jpg 0.2754228758458203 0.5513419508934021 -0.7457193732261658 0.2531141936779022 2.5675125122070312 -0.1853170394897461 1.5900592803955078
frame-000100.color.jpg 0.2756390019411416 0.5457915663719177 -0.7486897110939026 0.25612205266952515 2.5392868518829346 -0.19786010682582855 1.6166359186172485
frame-000101.color.jpg 0.2690186655925617 0.5323235988616943 -0.7568255066871643 0.2673494219779968 2.4769020080566406 -0.2227768748998642 1.708768367767334
frame-000102.color.jpg 0.2622253499846938 0.5187080502510071 -0.7659714221954346 0.27471375465393066 2.4097414016723633 -0.260417640209198 1.7782275676727295
frame-000103.color.jpg 0.2601126303411606 0.5082300305366516 -0.7734320163726807 0.2754025459289551 2.3705880641937256 -0.3111196458339691 1.8039048910140991
frame-000104.color.jpg 0.25569941934201124 0.49688050150871277 -0.7808616161346436 0.27925387024879456 2.3137378692626953 -0.3485375940799713 1.8484246730804443
frame-000105.color.jpg 0.24693113220750834 0.4861157238483429 -0.7870820760726929 0.2884758412837982 2.241140365600586 -0.33893048763275146 1.9049675464630127
frame-000106.color.jpg 0.2453070689761767 0.4804408550262451 -0.7898963093757629 0.2916586697101593 2.2188868522644043 -0.3404686152935028 1.927628993988037
frame-000107.color.jpg 0.24122227386308895 0.46592286229133606 -0.7963604927062988 0.3008947968482971 2.1221840381622314 -0.32262834906578064 1.9668420553207397
frame-000108.color.jpg 0.2411556364151833 0.45540034770965576 -0.8010830283164978 0.3045004606246948 2.068309783935547 -0.31756025552749634 1.9744913578033447
frame-000109.color.jpg 0.24241496089007555 0.45189419388771057 -0.8030604720115662 0.3035134971141815 2.0440850257873535 -0.31746384501457214 1.9565609693527222
frame-000110.color.jpg 0.24047091711732155 0.4496936500072479 -0.8024592399597168 0.3098524510860443 2.0164332389831543 -0.277981162071228 1.962981939315796
frame-000111.color.jpg 0.24380752682082854 0.44589072465896606 -0.8017516732215881 0.3145371377468109 2.001710891723633 -0.25502046942710876 1.951379656791687
frame-000112.color.jpg 0.24486973888012195 0.4440194070339203 -0.8019300103187561 0.31590163707733154 2.0006728172302246 -0.24797634780406952 1.9365659952163696
frame-000113.color.jpg 0.24691322691577647 0.44899803400039673 -0.8006769418716431 0.3104047179222107 2.005955934524536 -0.2381310760974884 1.9009655714035034
frame-000114.color.jpg 0.25096066801249495 0.4521430432796478 -0.7997223734855652 0.3050076365470886 2.0137219429016113 -0.22237272560596466 1.857428789138794
frame-000115.color.jpg 0.25720595396853935 0.4479760527610779 -0.7997464537620544 0.30588939785957336 2.0265231132507324 -0.19758853316307068 1.8272593021392822
frame-000116.color.jpg 0.26621731841185425 0.4487288296222687 -0.7945510149002075 0.3105793297290802 2.049022912979126 -0.14416061341762543 1.783758521080017
frame-000117.color.jpg 0.2772710708730864 0.46163296699523926 -0.7839681506156921 0.30888453125953674 2.0933594703674316 -0.06325317919254303 1.6993416547775269
frame-000118.color.jpg 0.28547873614769853 0.47166451811790466 -0.774509608745575 0.31011176109313965 2.1139612197875977 0.011723305098712444 1.635264277458191
frame-000119.color.jpg 0.2895225153049554 0.48716500401496887 -0.7638803124427795 0.3087617754936218 2.1394739151000977 0.08745120465755463 1.576735258102417
frame-000120.color.jpg 0.2899850578737757 0.5037950873374939 -0.7529338002204895 0.30852842330932617 2.1467947959899902 0.15959985554218292 1.531020164489746
frame-000121.color.jpg 0.292427397521995 0.527536928653717 -0.7392567992210388 0.2994838058948517 2.155644416809082 0.24361534416675568 1.4309555292129517
frame-000122.color.jpg 0.2960803826254784 0.5423689484596252 -0.7284635901451111 0.29582586884498596 2.1577250957489014 0.32894009351730347 1.3612947463989258
frame-000123.color.jpg 0.31949450414551883 0.5744114518165588 -0.6932021975517273 0.29571178555488586 2.188256025314331 0.5558106303215027 1.1711262464523315
frame-000124.color.jpg 0.33501586725280413 0.5851014256477356 -0.6782540678977966 0.2922191321849823 2.196643829345703 0.6266319751739502 1.0746803283691406
frame-000125.color.jpg 0.34206148380037454 0.5941957831382751 -0.6662223935127258 0.29338210821151733 2.1912643909454346 0.6981133222579956 1.0229346752166748
frame-000126.color.jpg 0.3479211779595648 0.6045089960098267 -0.6512627005577087 0.29895925521850586 2.178786039352417 0.7881820201873779 0.9794278144836426
frame-000127.color.jpg 0.35768766544896435 0.6209351420402527 -0.6301690936088562 0.29897478222846985 2.1516575813293457 0.896131157875061 0.8889451026916504
frame-000128.color.jpg 0.3602922190595588 0.6253800392150879 -0.6254042387008667 0.29657888412475586 2.135937452316284 0.9323021173477173 0.8620372414588928
frame-000129.color.jpg 0.3662049340280459 0.6280208826065063 -0.6192288994789124 0.2967143952846527 2.1204769611358643 0.9701021909713745 0.8204710483551025
frame-000130.color.jpg 0.3748412773920073 0.6233708262443542 -0.6200933456420898 0.2939166724681854 2.108241319656372 0.9732105731964111 0.7839678525924683
frame-000131.color.jpg 0.37377099635011585 0.614986002445221 -0.6226041316986084 0.30732986330986023 2.0779707431793213 0.9752798676490784 0.818282961845398
frame-000132.color.jpg 0.3702569827432058 0.6110510230064392 -0.6278062462806702 0.3088458776473999 2.072211265563965 0.9547463655471802 0.8451189994812012
frame-000133.color.jpg 0.36629334224931476 0.6086084246635437 -0.6321561336517334 0.30952152609825134 2.0497188568115234 0.9508411288261414 0.8608378767967224
frame-000134.color.jpg 0.3552561742147378 0.6036948561668396 -0.6409637928009033 0.3138645589351654 2.0317180156707764 0.94852614402771 0.9109113812446594
frame-000135.color.jpg 0.3374687060859743 0.591919481754303 -0.6590322852134705 0.31846922636032104 1.976991891860962 0.9556533694267273 0.981961727142334
frame-000136.color.jpg 0.3228337935527969 0.573527455329895 -0.6699047088623047 0.3436163663864136 1.9170230627059937 1.0186551809310913 1.0419011116027832
frame-000137.color.jpg 0.3218257332826704 0.5711040496826172 -0.6730888485908508 0.34237369894981384 1.914299488067627 1.033818006515503 1.0316836833953857
frame-000138.color.jpg 0.31979056013289164 0.5690279006958008 -0.6748800873756409 0.3442065715789795 1.911421775817871 1.046121597290039 1.037229061126709
frame-000139.color.jpg 0.31695331139374755 0.5672903060913086 -0.6759740710258484 0.3475360870361328 1.8963820934295654 1.0651527643203735 1.0407112836837769
frame-000140.color.jpg 0.3147598357078468 0.5592266917228699 -0.6831898093223572 0.34848740696907043 1.9012387990951538 1.0510926246643066 1.0383507013320923
frame-000141.color.jpg 0.31446744107086944 0.5539616942405701 -0.6878054738044739 0.34808075428009033 1.8953359127044678 1.0411466360092163 1.0514371395111084
frame-000142.color.jpg 0.31105620098972037 0.5478773713111877 -0.6925381422042847 0.3513764441013336 1.8858222961425781 1.0342655181884766 1.0625295639038086
frame-000143.color.jpg 0.302680563952141 0.5443690419197083 -0.6986729502677917 0.35199838876724243 1.867701768875122 1.0295631885528564 1.090456247329712
frame-000144.color.jpg 0.29699298358086706 0.544173538684845 -0.7028982043266296 0.34871822595596313 1.8443124294281006 1.027415156364441 1.1030553579330444
frame-000145.color.jpg 0.29069072118319567 0.5383486747741699 -0.7103440761566162 0.347981333732605 1.8204424381256104 1.0126268863677979 1.1259993314743042
frame-000146.color.jpg 0.2750147652412223 0.5272476673126221 -0.7230247259140015 0.35158511996269226 1.778952717781067 0.9808722138404846 1.1917750835418701
frame-000147.color.jpg 0.2710983628021779 0.5158523917198181 -0.7316892147064209 0.35359999537467957 1.750349521636963 0.967671275138855 1.2228646278381348
frame-000148.color.jpg 0.26532874152643227 0.4926929473876953 -0.7453146576881409 0.3624368906021118 1.7101970911026 0.9337044358253479 1.2749686241149902
frame-000149.color.jpg 0.2605717583542072 0.4780721962451935 -0.7512117028236389 0.37313565611839294 1.6827645301818848 0.9172634482383728 1.2980226278305054
frame-000150.color.jpg 0.24833233468690397 0.45673972368240356 -0.7641776204109192 0.3817754089832306 1.6393609046936035 0.8850788474082947 1.3643344640731812
frame-000151.color.jpg 0.24204728071841997 0.44106990098953247 -0.7726595997810364 0.3871271312236786 1.6199501752853394 0.8555422425270081 1.4024420976638794
frame-000152.color.jpg 0.23249549162617097 0.4226691424846649 -0.7829713821411133 0.3927498459815979 1.5698553323745728 0.8174408674240112 1.448970079421997
frame-000153.color.jpg 0.22831907975399918 0.4131343960762024 -0.7871516346931458 0.3969669044017792 1.5416330099105835 0.8013746738433838 1.4784915447235107
frame-000154.color.jpg 0.22199598037983678 0.40214237570762634 -0.79265958070755 0.40086162090301514 1.5083545446395874 0.7861213088035583 1.513716459274292
frame-000155.color.jpg 0.21647316341594855 0.3911377489566803 -0.7965639233589172 0.4069845378398895 1.478107213973999 0.7771522998809814 1.5485060214996338
frame-000156.color.jpg 0.2146565219591667 0.38456133008003235 -0.7996056079864502 0.4082474410533905 1.4611682891845703 0.7624186873435974 1.566612720489502
frame-000157.color.jpg 0.2137161301224677 0.37850165367126465 -0.8029883503913879 0.40776416659355164 1.4468497037887573 0.7380879521369934 1.582656979560852
frame-000158.color.jpg 0.21066210570804317 0.376020610332489 -0.8057094812393188 0.4062783718109131 1.4227646589279175 0.7155702710151672 1.6011629104614258
frame-000159.color.jpg 0.2165298414097922 0.37324807047843933 -0.8070827722549438 0.40301114320755005 1.4381510019302368 0.6857289671897888 1.595983862876892
frame-000160.color.jpg 0.22374158541275616 0.3745143413543701 -0.8063603639602661 0.39932647347450256 1.4359170198440552 0.6586054563522339 1.5890766382217407
frame-000161.color.jpg 0.2214474335943041 0.3842293918132782 -0.8035389184951782 0.3970564603805542 1.4187381267547607 0.6559932827949524 1.6026630401611328
frame-000162.color.jpg 0.21901748113839298 0.39355674386024475 -0.8000501990318298 0.39631301164627075 1.400510549545288 0.6608431935310364 1.6203285455703735
frame-000163.color.jpg 0.21847925834602805 0.4013838768005371 -0.7965414524078369 0.3958275616168976 1.395073413848877 0.6687378287315369 1.6350841522216797
frame-000164.color.jpg 0.22807348839411157 0.411510169506073 -0.7887880206108093 0.39554446935653687 1.4020124673843384 0.6638391613960266 1.6480680704116821
frame-000165.color.jpg 0.23067339389428473 0.4142390787601471 -0.7880026698112488 0.3927435576915741 1.3939365148544312 0.6460198163986206 1.66587495803833
frame-000166.color.jpg 0.22985079555485405 0.41122233867645264 -0.7906913161277771 0.3909884989261627 1.3799914121627808 0.6111823320388794 1.6875125169754028
frame-000167.color.jpg 0.2272609372807345 0.40761831402778625 -0.7930059432983398 0.39158815145492554 1.367722988128662 0.5872400403022766 1.7290003299713135
frame-000168.color.jpg 0.22390029410003098 0.40182507038116455 -0.7967432737350464 0.3919253945350647 1.3490548133850098 0.5566646456718445 1.779012680053711
frame-000169.color.jpg 0.22546963282152463 0.39388906955718994 -0.7986097931861877 0.39526861906051636 1.3396070003509521 0.5207907557487488 1.8102729320526123
frame-000170.color.jpg 0.2250762493788613 0.3878058195114136 -0.8001658916473389 0.3983488976955414 1.3305184841156006 0.4992831349372864 1.8481537103652954
frame-000171.color.jpg 0.22598595811899033 0.38664519786834717 -0.8002560138702393 0.39878085255622864 1.3280103206634521 0.482229620218277 1.8686548471450806
frame-000172.color.jpg 0.22286091176199532 0.38299527764320374 -0.8027112483978271 0.399126797914505 1.321740746498108 0.4524538218975067 1.903815507888794
frame-000173.color.jpg 0.2166613501650621 0.3805849552154541 -0.8054899573326111 0.3992479741573334 1.2967692613601685 0.41285982728004456 1.9581760168075562
frame-000174.color.jpg 0.21438313480222598 0.3799006938934326 -0.80588299036026 0.4003349840641022 1.2858343124389648 0.3865225613117218 1.992002248764038
frame-000175.color.jpg 0.20738748769323556 0.37649643421173096 -0.8094474673271179 0.40004438161849976 1.248368501663208 0.34350740909576416 2.048400402069092
frame-000176.color.jpg 0.20402733662769346 0.37161627411842346 -0.8120781183242798 0.40100282430648804 1.221443772315979 0.3079555630683899 2.083533525466919
frame-000177.color.jpg 0.20684436785241833 0.3616129755973816 -0.8169882893562317 0.3987249732017517 1.2041651010513306 0.25308212637901306 2.106764554977417
frame-000178.color.jpg 0.20571104011306557 0.35855603218078613 -0.8182492256164551 0.39948567748069763 1.1904374361038208 0.23301270604133606 2.136960983276367
frame-000179.color.jpg 0.20734410576233195 0.35463133454322815 -0.8177241683006287 0.4032023847103119 1.1770180463790894 0.23282642662525177 2.162503957748413
frame-000180.color.jpg 0.2092662790385811 0.35448089241981506 -0.8145570158958435 0.40871500968933105 1.168228268623352 0.24995140731334686 2.186249256134033
frame-000181.color.jpg 0.2110196182495524 0.3560234010219574 -0.8121796250343323 0.41119617223739624 1.1640784740447998 0.2406053990125656 2.215477466583252
frame-000182.color.jpg 0.21124240840193995 0.3583325743675232 -0.8123095035552979 0.40881237387657166 1.1619210243225098 0.2109861969947815 2.2352936267852783
frame-000183.color.jpg 0.2127432752560469 0.3699415624141693 -0.812714695930481 0.39670929312705994 1.1758071184158325 0.12839031219482422 2.242421865463257
frame-000184.color.jpg 0.20790932167617254 0.3764483332633972 -0.8104149103164673 0.3978542387485504 1.1551446914672852 0.11136217415332794 2.2734382152557373
frame-000185.color.jpg 0.20303024798952468 0.38180971145629883 -0.8096914887428284 0.3967362940311432 1.1342405080795288 0.0954747423529625 2.2927324771881104
frame-000186.color.jpg 0.2074055633774145 0.3842596411705017 -0.8088629245758057 0.39378705620765686 1.14200758934021 0.07133491337299347 2.3038158416748047
frame-000187.color.jpg 0.2114338453573768 0.3875744938850403 -0.807854175567627 0.3904527425765991 1.1515538692474365 0.044196173548698425 2.3113925457000732
frame-000188.color.jpg 0.21269109174868625 0.3900495767593384 -0.8064337968826294 0.3902415633201599 1.159390926361084 0.04153179004788399 2.312080144882202
frame-000189.color.jpg 0.20836673775232847 0.39543527364730835 -0.807125449180603 0.38569778203964233 1.158976674079895 0.000543841568287462 2.3254456520080566
frame-000190.color.jpg 0.21239090832397559 0.3989056944847107 -0.8091127276420593 0.3756340444087982 1.1862034797668457 -0.09957002103328705 2.3395259380340576
frame-000191.color.jpg 0.21121514283224802 0.3972458839416504 -0.8112165927886963 0.37351229786872864 1.177416443824768 -0.11777161806821823 2.3416175842285156
frame-000192.color.jpg 0.2070293413210447 0.38860514760017395 -0.8159865140914917 0.3745541572570801 1.1326932907104492 -0.15738247334957123 2.368393898010254
frame-000193.color.jpg 0.19755894306299432 0.37011396884918213 -0.8292812705039978 0.36915940046310425 1.0359172821044922 -0.2699858546257019 2.400739908218384
frame-000194.color.jpg 0.19888979360702017 0.3646363317966461 -0.8339023590087891 0.36344173550605774 1.020902156829834 -0.33412685990333557 2.396479845046997
frame-000195.color.jpg 0.1934683121009257 0.35790708661079407 -0.8408341407775879 0.3570302426815033 0.9855587482452393 -0.4165480136871338 2.410238027572632
frame-000196.color.jpg 0.18996071279590743 0.35188373923301697 -0.8461375832557678 0.3523407578468323 0.9554994702339172 -0.4698999226093292 2.4188530445098877
frame-000197.color.jpg 0.17643654735590225 0.34849491715431213 -0.852113664150238 0.348315566778183 0.8780831694602966 -0.5528919100761414 2.432173490524292
frame-000198.color.jpg 0.1723622071791291 0.3473111391067505 -0.8537610173225403 0.3475031554698944 0.8582271933555603 -0.5670651793479919 2.4355807304382324
frame-000199.color.jpg 0.15822707807261105 0.3285976052284241 -0.8647553324699402 0.34523335099220276 0.7173144221305847 -0.6558741927146912 2.449331283569336
frame-000200.color.jpg 0.15495500437154264 0.325315922498703 -0.8653962016105652 0.3482065200805664 0.655626118183136 -0.6555412411689758 2.456319808959961
frame-000201.color.jpg 0.1562964903442977 0.3293578624725342 -0.8663293719291687 0.34142082929611206 0.6489336490631104 -0.68198162317276 2.441537380218506
frame-000202.color.jpg 0.14599805530560547 0.3381693959236145 -0.8635122776031494 0.34448888897895813 0.5591116547584534 -0.6814520955085754 2.4191195964813232
frame-000203.color.jpg 0.14552701857738692 0.32955464720726013 -0.8663747906684875 0.34584712982177734 0.467683345079422 -0.6488478183746338 2.393745183944702
frame-000204.color.jpg 0.14332967114308195 0.32694515585899353 -0.8657971024513245 0.3506547808647156 0.4473799467086792 -0.6380282640457153 2.393709182739258
frame-000205.color.jpg 0.13690099874992315 0.32265201210975647 -0.8677006363868713 0.35249045491218567 0.4028592109680176 -0.6305618286132812 2.389545440673828
frame-000206.color.jpg 0.13101493857980762 0.31602540612220764 -0.8688163161277771 0.3579399883747101 0.3510782718658447 -0.6057416200637817 2.3908705711364746
frame-000207.color.jpg 0.12976553557892265 0.30120787024497986 -0.8731803297996521 0.3605424165725708 0.29283154010772705 -0.5781673192977905 2.3638761043548584
frame-000208.color.jpg 0.12568851387365648 0.29903513193130493 -0.8732784986495972 0.3635452389717102 0.2593649625778198 -0.5457783937454224 2.35874080657959
frame-000209.color.jpg 0.12432008107965874 0.29867780208587646 -0.8728022575378418 0.36544811725616455 0.23058566451072693 -0.5246254801750183 2.3499696254730225
frame-000210.color.jpg 0.1221239452945945 0.3005356192588806 -0.8661478757858276 0.380200058221817 0.18748120963573456 -0.3928976058959961 2.296123743057251
frame-000211.color.jpg 0.12045858086408058 0.30743589997291565 -0.8644503951072693 0.3790755569934845 0.19092313945293427 -0.37258511781692505 2.266293525695801
frame-000212.color.jpg 0.12190008644327606 0.308430552482605 -0.8608293533325195 0.3859841227531433 0.19469404220581055 -0.29985207319259644 2.229459524154663
frame-000213.color.jpg 0.12509752674741842 0.3091171085834503 -0.8625006675720215 0.38064414262771606 0.20032493770122528 -0.2886715829372406 2.206165313720703
frame-000214.color.jpg 0.13369954417523972 0.31652048230171204 -0.8609528541564941 0.37509918212890625 0.24240577220916748 -0.27438074350357056 2.175137519836426
frame-000215.color.jpg 0.13653173150290857 0.3201274871826172 -0.8607645630836487 0.37143221497535706 0.25513553619384766 -0.26210564374923706 2.155348062515259
frame-000216.color.jpg 0.15397037520366452 0.32619819045066833 -0.8568612933158875 0.36834296584129333 0.3136644661426544 -0.22439822554588318 2.1170270442962646
frame-000217.color.jpg 0.1615755305427213 0.3324880301952362 -0.8535547852516174 0.36713656783103943 0.3436906933784485 -0.1953650861978531 2.0969300270080566
frame-000218.color.jpg 0.17259470419294926 0.3514433801174164 -0.8453091979026794 0.36352595686912537 0.3891925513744354 -0.15856435894966125 2.065361976623535
frame-000219.color.jpg 0.1774223421125677 0.360185444355011 -0.8390524983406067 0.36712217330932617 0.40446242690086365 -0.12726029753684998 2.0434165000915527
frame-000220.color.jpg 0.18391163318828918 0.3743766248226166 -0.8328453898429871 0.36385053396224976 0.43039506673812866 -0.10716194659471512 2.0157322883605957
frame-000221.color.jpg 0.19111130645595512 0.39419054985046387 -0.821405291557312 0.36521729826927185 0.4684477150440216 -0.0576031394302845 1.9717299938201904
frame-000222.color.jpg 0.21564898072814004 0.4119013249874115 -0.8037001490592957 0.37134742736816406 0.5351852178573608 0.08083483576774597 1.915887475013733
frame-000223.color.jpg 0.2195677325399442 0.4126202166080475 -0.8014988899230957 0.3730067014694214 0.5383005738258362 0.0974908396601677 1.9064580202102661
frame-000224.color.jpg 0.22575985585701955 0.4183824956417084 -0.7950773239135742 0.3766172230243683 0.5421163439750671 0.17505379021167755 1.885076642036438
frame-000225.color.jpg 0.22985752456816602 0.41624680161476135 -0.7940180897712708 0.37873387336730957 0.5349389314651489 0.21234659850597382 1.8722007274627686
frame-000226.color.jpg 0.2306521668710959 0.4187312424182892 -0.7930397391319275 0.37756022810935974 0.5340408682823181 0.2372872531414032 1.8561038970947266
frame-000227.color.jpg 0.22674395630375607 0.4252953827381134 -0.7916281223297119 0.3755475580692291 0.5300339460372925 0.259689599275589 1.8256325721740723
frame-000228.color.jpg 0.22144173736021133 0.43198293447494507 -0.7853713631629944 0.3841172754764557 0.5085272192955017 0.31243008375167847 1.797371745109558
frame-000229.color.jpg 0.21685313641620738 0.4396893382072449 -0.781501054763794 0.38588079810142517 0.49585115909576416 0.35709717869758606 1.7679061889648438
frame-000230.color.jpg 0.2176564994073182 0.43749168515205383 -0.7775108814239502 0.39585787057876587 0.46810615062713623 0.41233837604522705 1.7402758598327637
frame-000231.color.jpg 0.2305013706511822 0.4367774724960327 -0.7782725691795349 0.38779664039611816 0.5004059672355652 0.4300917983055115 1.6934183835983276
frame-000232.color.jpg 0.23739631022970553 0.44033655524253845 -0.7764162421226501 0.3833073675632477 0.520817220211029 0.4505517780780792 1.6584700345993042
frame-000233.color.jpg 0.24612068901944223 0.45128023624420166 -0.7685229778289795 0.38097667694091797 0.5486206412315369 0.48922935128211975 1.61314058303833
frame-000234.color.jpg 0.2517308452232391 0.459164023399353 -0.7601461410522461 0.38467881083488464 0.5570472478866577 0.5374091267585754 1.573169231414795
frame-000235.color.jpg 0.25777464529822763 0.4764353334903717 -0.7479197382926941 0.383637398481369 0.5641811490058899 0.5866675972938538 1.5307241678237915
frame-000236.color.jpg 0.26267224354073737 0.4874758720397949 -0.7367719411849976 0.3879918158054352 0.5518407821655273 0.6340304017066956 1.4915924072265625
frame-000237.color.jpg 0.2726205757250565 0.49894678592681885 -0.7260051965713501 0.386841744184494 0.5604767203330994 0.6738041639328003 1.447814702987671
frame-000238.color.jpg 0.2728247246130784 0.5091098546981812 -0.7196909189224243 0.3852516710758209 0.5506641268730164 0.6908970475196838 1.4350359439849854
frame-000239.color.jpg 0.276162643104297 0.5110386610031128 -0.7180419564247131 0.3833921253681183 0.5568059086799622 0.6937234401702881 1.421159029006958
frame-000240.color.jpg 0.28285018187110694 0.5241836905479431 -0.7071036696434021 0.38109269738197327 0.5653465390205383 0.72384113073349 1.3894038200378418
frame-000241.color.jpg 0.284455479253509 0.5323783159255981 -0.702218234539032 0.37755537033081055 0.5631784796714783 0.7327300310134888 1.3766354322433472
frame-000242.color.jpg 0.2919109422443673 0.5379924774169922 -0.699334442615509 0.3691658675670624 0.5834810733795166 0.7423847913742065 1.353708267211914
frame-000243.color.jpg 0.29266940671634023 0.5426369905471802 -0.698243260383606 0.3637942373752594 0.5855531096458435 0.7417929768562317 1.3410990238189697
frame-000244.color.jpg 0.29660354466517735 0.5409309267997742 -0.6990311145782471 0.3616288900375366 0.58732008934021 0.748285174369812 1.325240969657898
frame-000245.color.jpg 0.2968409022321239 0.5384110808372498 -0.699202299118042 0.3648494482040405 0.5725080370903015 0.764201283454895 1.3143033981323242
frame-000246.color.jpg 0.2947456044243575 0.5345160961151123 -0.7030594944953918 0.364862859249115 0.5655152797698975 0.7726081609725952 1.3155757188796997
frame-000247.color.jpg 0.29567089939001784 0.5286453366279602 -0.7049793004989624 0.3689403235912323 0.55640709400177 0.7974863648414612 1.2849596738815308
frame-000248.color.jpg 0.2882158728043099 0.5301459431648254 -0.7060566544532776 0.37062227725982666 0.5254008173942566 0.8171838521957397 1.2638792991638184
frame-000249.color.jpg 0.2849836597680682 0.5242805480957031 -0.7102665901184082 0.3734108507633209 0.5120487213134766 0.8299489617347717 1.2477573156356812
frame-000250.color.jpg 0.28335461641453413 0.5196591019630432 -0.7131946682929993 0.37552353739738464 0.504479169845581 0.846482515335083 1.2243883609771729
frame-000251.color.jpg 0.27927174322843495 0.5189843773841858 -0.7143670320510864 0.3772827684879303 0.49448615312576294 0.8560055494308472 1.2141185998916626
frame-000252.color.jpg 0.2763267081162562 0.5169878602027893 -0.717144787311554 0.3769223988056183 0.4855220913887024 0.867330014705658 1.2000665664672852
frame-000253.color.jpg 0.2761164697257459 0.5157358050346375 -0.7179035544395447 0.37734708189964294 0.48401540517807007 0.8720519542694092 1.1953669786453247
frame-000254.color.jpg 0.27474644648668456 0.5121656656265259 -0.719704806804657 0.37977057695388794 0.48280781507492065 0.8907644748687744 1.1747000217437744
frame-000255.color.jpg 0.2695628439855175 0.5107601881027222 -0.7197940945625305 0.3851706087589264 0.4642551839351654 0.9111394882202148 1.1428779363632202
frame-000256.color.jpg 0.2719541392061894 0.5078703761100769 -0.7217484712600708 0.38365066051483154 0.4677530527114868 0.9179362654685974 1.1219996213912964
frame-000257.color.jpg 0.2725353571360977 0.5068953037261963 -0.7219575643539429 0.384133905172348 0.466744065284729 0.9222619533538818 1.1166446208953857
frame-000258.color.jpg 0.2743434123823787 0.5057370066642761 -0.7232851386070251 0.38186952471733093 0.47265610098838806 0.9239886403083801 1.1064655780792236
frame-000259.color.jpg 0.2825216628165592 0.5132588148117065 -0.7166794538497925 0.3783087432384491 0.45959752798080444 0.9563694596290588 1.0694185495376587
frame-000260.color.jpg 0.28241073869978145 0.5241055488586426 -0.7099468111991882 0.37620896100997925 0.43797537684440613 0.9668688178062439 1.05517578125
frame-000261.color.jpg 0.28417421245682295 0.5337063670158386 -0.7047744989395142 0.3710733652114868 0.4336656332015991 0.9809423089027405 1.0507793426513672
frame-000262.color.jpg 0.2806911617699388 0.5542278289794922 -0.6909468173980713 0.36964359879493713 0.3949623107910156 0.9932327270507812 1.0267783403396606
frame-000263.color.jpg 0.2840860901140107 0.5645347237586975 -0.6855006814002991 0.361503005027771 0.3947966694831848 1.0006110668182373 1.0064940452575684
frame-000264.color.jpg 0.28596254172100527 0.5724766254425049 -0.6815237402915955 0.35499489307403564 0.39433640241622925 1.006827712059021 0.9891019463539124
frame-000265.color.jpg 0.291303285782757 0.5766414999961853 -0.6797139048576355 0.34729835391044617 0.4008938670158386 1.0230633020401 0.9617361426353455
frame-000266.color.jpg 0.2867453868577408 0.577218770980835 -0.6808428168296814 0.34792041778564453 0.38711249828338623 1.0382965803146362 0.9596237540245056
frame-000267.color.jpg 0.2897915603857849 0.5739690661430359 -0.6834790110588074 0.3455963730812073 0.3946235179901123 1.078709602355957 0.9272704124450684
frame-000268.color.jpg 0.2865530627013744 0.5661697387695312 -0.6850523948669434 0.35783010721206665 0.3774847984313965 1.1288219690322876 0.8862818479537964
frame-000269.color.jpg 0.28158131843653744 0.5573108792304993 -0.69112628698349 0.3639521598815918 0.3523550033569336 1.166284203529358 0.8517361283302307
frame-000270.color.jpg 0.27621580471601026 0.5411470532417297 -0.700681746006012 0.37404513359069824 0.34330466389656067 1.2386914491653442 0.7904133796691895
frame-000271.color.jpg 0.27383599775318335 0.5373938679695129 -0.6992811560630798 0.38370251655578613 0.3342166244983673 1.269424319267273 0.7670227289199829
frame-000272.color.jpg 0.27615828931417946 0.5353342294692993 -0.6971354484558105 0.3887878358364105 0.31991949677467346 1.2975338697433472 0.7284988164901733
frame-000273.color.jpg 0.2787831653474332 0.5314971208572388 -0.7012442350387573 0.3847690224647522 0.32569190859794617 1.3122155666351318 0.7007716298103333
frame-000274.color.jpg 0.28306056300408167 0.5331432223320007 -0.7063271999359131 0.3697792589664459 0.3372253477573395 1.3157309293746948 0.6951903104782104
frame-000275.color.jpg 0.2798543247567692 0.5372456908226013 -0.7065552473068237 0.3658254146575928 0.31933408975601196 1.3208266496658325 0.6974486112594604
frame-000276.color.jpg 0.29178415256578405 0.5454064011573792 -0.6978775858879089 0.36105528473854065 0.27648505568504333 1.345849871635437 0.6513747572898865
frame-000277.color.jpg 0.29030882019573745 0.5538736581802368 -0.6911568641662598 0.3622802495956421 0.211774542927742 1.3521199226379395 0.6428327560424805
frame-000278.color.jpg 0.29423078654196283 0.5673924684524536 -0.6810235381126404 0.3573525547981262 0.15061815083026886 1.3709007501602173 0.6378277540206909
frame-000279.color.jpg 0.28678615718093775 0.5716898441314697 -0.6802974939346313 0.3579382300376892 0.110665462911129 1.369674563407898 0.6420252919197083
frame-000280.color.jpg 0.29351133397056445 0.5723239779472351 -0.6849282383918762 0.3423004448413849 0.1044028028845787 1.402043104171753 0.6561719179153442
frame-000281.color.jpg 0.29350973854713563 0.5709861516952515 -0.6861230731010437 0.34214311838150024 0.11382436752319336 1.4286229610443115 0.6459450125694275
frame-000282.color.jpg 0.3012103359263823 0.5679231882095337 -0.6843680739402771 0.34405800700187683 0.11957736313343048 1.4337142705917358 0.6220903992652893
frame-000283.color.jpg 0.3083449117607892 0.5629010796546936 -0.6836524605751038 0.3473975956439972 0.10231312364339828 1.4733445644378662 0.6015793681144714
frame-000284.color.jpg 0.3060679644274995 0.5622826218605042 -0.6834472417831421 0.3507999777793884 0.09445586800575256 1.4888652563095093 0.5768011808395386
frame-000285.color.jpg 0.29926806536554657 0.5605827569961548 -0.6866048574447632 0.3532128930091858 0.07380898296833038 1.4984310865402222 0.567520260810852
frame-000286.color.jpg 0.3010198140702761 0.5562859773635864 -0.6891663074493408 0.35352885723114014 0.07042384892702103 1.5110305547714233 0.5395318269729614
frame-000287.color.jpg 0.2917726363427424 0.5571562647819519 -0.6913981437683105 0.35554784536361694 0.05362103134393692 1.5188226699829102 0.5459110140800476
frame-000288.color.jpg 0.2857747401301768 0.5559883713722229 -0.6920942068099976 0.3608535826206207 0.040126606822013855 1.5077112913131714 0.5285861492156982
frame-000289.color.jpg 0.2796789888469477 0.5584790110588074 -0.6957961916923523 0.35461047291755676 0.043566446751356125 1.4997267723083496 0.5462421178817749
frame-000290.color.jpg 0.2895261666212222 0.5609485507011414 -0.6944180130958557 0.3453911244869232 0.03463255614042282 1.4937657117843628 0.5395740866661072
frame-000291.color.jpg 0.2913875596745048 0.5611351728439331 -0.6942731142044067 0.3438103199005127 0.031947407871484756 1.4918612241744995 0.5380264520645142
frame-000292.color.jpg 0.29223918053316944 0.5726010799407959 -0.6856088042259216 0.34156227111816406 -0.06341733783483505 1.4692375659942627 0.5622780323028564
frame-000293.color.jpg 0.2942362552932522 0.5751965641975403 -0.6836631298065186 0.3393796384334564 -0.11357823759317398 1.4571865797042847 0.5693246722221375
frame-000294.color.jpg 0.29527218178190906 0.5880136489868164 -0.6740691661834717 0.3356858789920807 -0.21550720930099487 1.4277745485305786 0.6147863864898682
frame-000295.color.jpg 0.3028679132406574 0.5920969247817993 -0.672314465045929 0.3250930905342102 -0.2218608260154724 1.424024224281311 0.637758195400238
frame-000296.color.jpg 0.312204789807132 0.5911636352539062 -0.6723573207855225 0.31778818368911743 -0.2163006216287613 1.4262011051177979 0.6448954343795776
frame-000297.color.jpg 0.3272757981400745 0.5874984264373779 -0.6690054535865784 0.31649306416511536 -0.22759264707565308 1.4564323425292969 0.6234555840492249
frame-000298.color.jpg 0.3360890964384385 0.5872018933296204 -0.6648472547531128 0.31656956672668457 -0.24809454381465912 1.4725399017333984 0.6046608686447144
frame-000299.color.jpg 0.335679598097008 0.5951321721076965 -0.6546542644500732 0.32336491346359253 -0.2914344072341919 1.464350700378418 0.5882919430732727
frame-000300.color.jpg 0.34945709604490044 0.605825662612915 -0.639085054397583 0.3200395703315735 -0.34701454639434814 1.4684796333312988 0.5852470397949219
frame-000301.color.jpg 0.34534913414582724 0.6084243059158325 -0.6372136473655701 0.32328417897224426 -0.3589717447757721 1.4587188959121704 0.5901266932487488
frame-000302.color.jpg 0.36089653242407144 0.6248524785041809 -0.6246669888496399 0.2985031008720398 -0.39368748664855957 1.3957074880599976 0.6562820672988892
frame-000303.color.jpg 0.36291562803139904 0.6379316449165344 -0.616962730884552 0.2840639054775238 -0.41877251863479614 1.3687652349472046 0.7063696980476379
frame-000304.color.jpg 0.3630533655463819 0.6475556492805481 -0.6104784607887268 0.27600741386413574 -0.44025224447250366 1.3467363119125366 0.7381827235221863
frame-000305.color.jpg 0.3626636811592268 0.6658093929290771 -0.5947045087814331 0.2673937678337097 -0.49693629145622253 1.3087761402130127 0.7889054417610168
frame-000306.color.jpg 0.3593174383488385 0.6706395745277405 -0.5905027389526367 0.2691468894481659 -0.5431106686592102 1.294096827507019 0.8034783005714417
frame-000307.color.jpg 0.3576446945639188 0.6672203540802002 -0.5899585485458374 0.28081339597702026 -0.5868366956710815 1.2901238203048706 0.7937487363815308
frame-000308.color.jpg 0.35244969538900595 0.6618096828460693 -0.5944259166717529 0.290594220161438 -0.64069002866745 1.2874242067337036 0.7833189368247986
frame-000309.color.jpg 0.3493227252603869 0.6566822528839111 -0.6007199883460999 0.29304856061935425 -0.6706641316413879 1.2973557710647583 0.789504885673523
frame-000310.color.jpg 0.34646964987993545 0.646821141242981 -0.6077313423156738 0.3037166893482208 -0.7121466398239136 1.299421787261963 0.7585840821266174
frame-000311.color.jpg 0.3447423646990643 0.6399511694908142 -0.6149697303771973 0.30565905570983887 -0.7325757145881653 1.3148183822631836 0.7554263472557068
frame-000312.color.jpg 0.33768931363878985 0.6284846663475037 -0.6283544898033142 0.3100704550743103 -0.7745358347892761 1.3253072500228882 0.7465337514877319
frame-000313.color.jpg 0.33113663847083386 0.6198156476020813 -0.6378968358039856 0.3150632977485657 -0.7872610092163086 1.326248049736023 0.7335659265518188
frame-000314.color.jpg 0.3235304084775933 0.6057455539703369 -0.6504020094871521 0.3246190547943115 -0.8084161281585693 1.339730143547058 0.6881163120269775
frame-000315.color.jpg 0.3228032174547563 0.5968592762947083 -0.6542576551437378 0.3339221477508545 -0.8269673585891724 1.349998116493225 0.6492561101913452
frame-000316.color.jpg 0.32130006104131353 0.5891610980033875 -0.6597223877906799 0.3382629454135895 -0.8375828862190247 1.356547236442566 0.6253620982170105
frame-000317.color.jpg 0.32137038969550363 0.5827335119247437 -0.6658939719200134 0.33723562955856323 -0.8594030141830444 1.3891994953155518 0.6226946711540222
frame-000318.color.jpg 0.3165640088173528 0.5782841444015503 -0.6716518402099609 0.33802148699760437 -0.8763264417648315 1.4032994508743286 0.6038381457328796
frame-000319.color.jpg 0.3151049225230563 0.5789819359779358 -0.6716979742050171 0.33809855580329895 -0.904554545879364 1.4063870906829834 0.5895654559135437
frame-000320.color.jpg 0.3168054211443559 0.5773467421531677 -0.672812819480896 0.3370874226093292 -0.9186951518058777 1.4194833040237427 0.5694200992584229
frame-000321.color.jpg 0.3191368458991604 0.5788918137550354 -0.6707193851470947 0.33640971779823303 -0.9467790126800537 1.4252369403839111 0.5516610145568848
frame-000322.color.jpg 0.31969545512561987 0.5829191207885742 -0.6693042516708374 0.3317107856273651 -0.9811283349990845 1.4403690099716187 0.5425320863723755
frame-000323.color.jpg 0.31940797445198127 0.5786282420158386 -0.6699987649917603 0.33803796768188477 -1.0055352449417114 1.4601706266403198 0.5020356774330139
frame-000324.color.jpg 0.3174158143948465 0.5793477892875671 -0.6729741096496582 0.33272984623908997 -1.023882508277893 1.4629641771316528 0.4952835738658905
frame-000325.color.jpg 0.3253897076333988 0.5806178450584412 -0.6717318892478943 0.32523950934410095 -1.0361566543579102 1.4802242517471313 0.5047358274459839
frame-000326.color.jpg 0.3292280119879667 0.5845326781272888 -0.6669563055038452 0.3241909444332123 -1.0634942054748535 1.4843521118164062 0.4990893602371216
frame-000327.color.jpg 0.33618576336427053 0.5903427600860596 -0.6582227349281311 0.32437241077423096 -1.0875446796417236 1.4694054126739502 0.5032597780227661
frame-000328.color.jpg 0.3397742922887894 0.5930943489074707 -0.6535282135009766 0.32510510087013245 -1.1450904607772827 1.4631998538970947 0.4932294487953186
frame-000329.color.jpg 0.33367475893069704 0.5902206897735596 -0.6598601937294006 0.3238598108291626 -1.1775116920471191 1.4753308296203613 0.4908038377761841
frame-000330.color.jpg 0.3267756116368662 0.5797634124755859 -0.6694992184638977 0.3299437463283539 -1.1703952550888062 1.4918047189712524 0.4461146593093872
frame-000331.color.jpg 0.32139725635391964 0.5733742117881775 -0.6768328547477722 0.33142611384391785 -1.191524624824524 1.4980648756027222 0.42400601506233215
frame-000332.color.jpg 0.31189140843920193 0.5658233165740967 -0.6876314878463745 0.3312561810016632 -1.1867295503616333 1.508080005645752 0.41229161620140076
frame-000333.color.jpg 0.29709633995847334 0.5587661266326904 -0.7022772431373596 0.32606884837150574 -1.1940118074417114 1.502562403678894 0.3990156650543213
frame-000334.color.jpg 0.2877996521483818 0.55717933177948 -0.7117100954055786 0.31653016805648804 -1.1862096786499023 1.4952197074890137 0.42290371656417847
frame-000335.color.jpg 0.2716968207888633 0.5640267729759216 -0.7153743505477905 0.31031298637390137 -1.1968635320663452 1.4499976634979248 0.451862633228302
frame-000336.color.jpg 0.26899708037367664 0.5720119476318359 -0.7163006663322449 0.2955608665943146 -1.2286967039108276 1.4098951816558838 0.5029814839363098
frame-000337.color.jpg 0.2645180000643636 0.5762946605682373 -0.7179208397865295 0.2872355878353119 -1.2452102899551392 1.3925182819366455 0.5324444770812988
frame-000338.color.jpg 0.2561834218820025 0.5785218477249146 -0.7192090153694153 0.2870905101299286 -1.2600098848342896 1.3491265773773193 0.5177361965179443
frame-000339.color.jpg 0.2510432893945468 0.5817780494689941 -0.7229012250900269 0.2755456864833832 -1.268902063369751 1.3377654552459717 0.5664809942245483
frame-000340.color.jpg 0.24441270805754983 0.5815879702568054 -0.7241902947425842 0.2785072922706604 -1.2714383602142334 1.3079888820648193 0.5180014967918396
frame-000341.color.jpg 0.24013499295662674 0.5809398889541626 -0.7287530899047852 0.2715931534767151 -1.2885531187057495 1.310675024986267 0.5735816359519958
frame-000342.color.jpg 0.23485504932240553 0.5790418982505798 -0.7332363724708557 0.26817527413368225 -1.3048402070999146 1.301731824874878 0.5878151655197144
frame-000343.color.jpg 0.22744516811799995 0.572961688041687 -0.7402331233024597 0.2683998942375183 -1.3472532033920288 1.2979120016098022 0.5696579813957214
frame-000344.color.jpg 0.22326832877355693 0.5630205273628235 -0.7493131160736084 0.267748087644577 -1.3456430435180664 1.322875738143921 0.5675061345100403
frame-000345.color.jpg 0.21320253382079224 0.5348944067955017 -0.7709457278251648 0.2721678912639618 -1.336655616760254 1.4039808511734009 0.5166437029838562
frame-000346.color.jpg 0.19766388202657686 0.5117118954658508 -0.7888923287391663 0.27699944376945496 -1.3278923034667969 1.4858852624893188 0.4698191285133362
frame-000347.color.jpg 0.19091940301296673 0.4814338684082031 -0.8047984838485718 0.2899491786956787 -1.2983627319335938 1.5575922727584839 0.38461795449256897
frame-000348.color.jpg 0.17933135762227775 0.4563363492488861 -0.8189941048622131 0.29807049036026 -1.2803747653961182 1.6213284730911255 0.30687159299850464
frame-000349.color.jpg 0.1794764270185302 0.44564229249954224 -0.8240939378738403 0.3001004457473755 -1.2790710926055908 1.6475458145141602 0.2813873589038849
frame-000350.color.jpg 0.17226556544285795 0.42895156145095825 -0.832694947719574 0.304867684841156 -1.290018916130066 1.6816840171813965 0.2169802188873291
frame-000351.color.jpg 0.16756348217246048 0.42750266194343567 -0.8321990370750427 0.31081947684288025 -1.3138983249664307 1.6792042255401611 0.16604794561862946
frame-000352.color.jpg 0.16899838754742103 0.43697959184646606 -0.8300798535346985 0.30241671204566956 -1.364559292793274 1.679432988166809 0.2291770875453949
frame-000353.color.jpg 0.16622625993156448 0.43903499841690063 -0.8286694884300232 0.30483439564704895 -1.3964884281158447 1.68177330493927 0.21053579449653625
frame-000354.color.jpg 0.1651963068442614 0.44208383560180664 -0.8251569271087646 0.3104642331600189 -1.4360681772232056 1.6694449186325073 0.18957316875457764
frame-000355.color.jpg 0.16462182480841908 0.4366852343082428 -0.8273306488990784 0.3126174211502075 -1.440984845161438 1.7067370414733887 0.15471918880939484
frame-000356.color.jpg 0.16786868350791279 0.44204628467559814 -0.8249658942222595 0.3095909655094147 -1.4763436317443848 1.705128788948059 0.17984263598918915
frame-000357.color.jpg 0.16844449124360641 0.43779027462005615 -0.8261355757713318 0.31219562888145447 -1.4913920164108276 1.7352195978164673 0.1427232176065445
frame-000358.color.jpg 0.17206781460938742 0.4350881278514862 -0.8267387747764587 0.3124006390571594 -1.5024737119674683 1.7599555253982544 0.14318734407424927
frame-000359.color.jpg 0.18674359319011893 0.4476203918457031 -0.8136313557624817 0.3205728232860565 -1.5910764932632446 1.7562953233718872 0.15019427239894867
frame-000360.color.jpg 0.19272908894879484 0.44918397068977356 -0.8077617287635803 0.3295607566833496 -1.6067211627960205 1.7644171714782715 0.10483706742525101
frame-000361.color.jpg 0.20436225868814273 0.44918590784072876 -0.7988993525505066 0.34384283423423767 -1.634403109550476 1.7566943168640137 0.06924035400152206
frame-000362.color.jpg 0.20790512391799676 0.44984424114227295 -0.7941492795944214 0.35177046060562134 -1.6611993312835693 1.7526774406433105 0.04135865718126297
frame-000363.color.jpg 0.21337898001799052 0.4483661651611328 -0.7916111350059509 0.35607436299324036 -1.6708587408065796 1.7683247327804565 0.030590031296014786
frame-000364.color.jpg 0.21580938309239955 0.4494155943393707 -0.7875008583068848 0.36234569549560547 -1.6823792457580566 1.7571018934249878 0.008088811300694942
frame-000365.color.jpg 0.22011896067219855 0.44902169704437256 -0.7849709391593933 0.36571556329727173 -1.6795042753219604 1.7563402652740479 -0.003018735209479928
frame-000366.color.jpg 0.2249244379223389 0.4495103359222412 -0.7821689248085022 0.36818641424179077 -1.6796989440917969 1.7512376308441162 0.00028801654116250575
frame-000367.color.jpg 0.23131456059581562 0.4493291676044464 -0.7794246673583984 0.3702620565891266 -1.6800910234451294 1.7629752159118652 -0.006528882309794426
frame-000368.color.jpg 0.23501309979046942 0.44443073868751526 -0.7781700491905212 0.3764325976371765 -1.671814203262329 1.7734975814819336 -0.042267922312021255
frame-000369.color.jpg 0.23260215746930102 0.44545137882232666 -0.7782608866691589 0.3765357732772827 -1.6761444807052612 1.7866075038909912 -0.03777341544628143
frame-000370.color.jpg 0.23125935554464766 0.4421473443508148 -0.779775083065033 0.37812116742134094 -1.6695371866226196 1.8039060831069946 -0.05783790349960327
frame-000371.color.jpg 0.22778087218365417 0.4368657171726227 -0.7823755145072937 0.38098931312561035 -1.665013313293457 1.8240747451782227 -0.0797782763838768
frame-000372.color.jpg 0.2204425709531647 0.43059423565864563 -0.7860591411590576 0.38484397530555725 -1.6784124374389648 1.855292797088623 -0.15078118443489075
frame-000373.color.jpg 0.2178103131205608 0.41951626539230347 -0.7929221987724304 0.3844984471797943 -1.6545180082321167 1.917906641960144 -0.18474499881267548
frame-000374.color.jpg 0.21222875201116434 0.411008358001709 -0.7974154353141785 0.38750460743904114 -1.6484826803207397 1.968820333480835 -0.2530762553215027
frame-000375.color.jpg 0.21030071905809206 0.4100781977176666 -0.7986037731170654 0.3870934844017029 -1.654798150062561 1.9908925294876099 -0.28161460161209106
frame-000376.color.jpg 0.21392155211271632 0.4096563756465912 -0.8000712394714355 0.382498562335968 -1.6693146228790283 2.0301899909973145 -0.2935708463191986
frame-000377.color.jpg 0.21653728979826412 0.41528746485710144 -0.7956809997558594 0.38410910964012146 -1.7120391130447388 2.0267231464385986 -0.3268759548664093
frame-000378.color.jpg 0.22083254549409342 0.4289822280406952 -0.7869519591331482 0.38459572196006775 -1.798995018005371 2.002351999282837 -0.32499924302101135
frame-000379.color.jpg 0.23475423676266122 0.449158251285553 -0.7729611396789551 0.38167843222618103 -1.9024174213409424 1.9649176597595215 -0.30886000394821167
frame-000380.color.jpg 0.23774508885598897 0.47438162565231323 -0.7564283609390259 0.3824337422847748 -2.073237895965576 1.8839869499206543 -0.3007168471813202
frame-000381.color.jpg 0.24123777616187086 0.47939637303352356 -0.7532116174697876 0.3803361654281616 -2.1343746185302734 1.8888424634933472 -0.31029966473579407
frame-000382.color.jpg 0.23586384672446745 0.48395103216171265 -0.7559681534767151 0.37238672375679016 -2.1840012073516846 1.9289538860321045 -0.2947891056537628
frame-000383.color.jpg 0.24054809576293792 0.4825417995452881 -0.7580016255378723 0.36704719066619873 -2.202848434448242 1.9762693643569946 -0.2937408983707428
frame-000384.color.jpg 0.23750585688198192 0.48043233156204224 -0.758272647857666 0.3712121546268463 -2.252828598022461 2.0079281330108643 -0.3631810247898102
frame-000385.color.jpg 0.23050183464804344 0.4806191921234131 -0.7574284076690674 0.37706273794174194 -2.294015884399414 2.012455463409424 -0.44477254152297974
frame-000386.color.jpg 0.23021495859251567 0.4765836000442505 -0.7586492896080017 0.37989526987075806 -2.3074004650115967 2.036249876022339 -0.5028014779090881
frame-000387.color.jpg 0.2242790331458463 0.4646003544330597 -0.766884446144104 0.38175079226493835 -2.295576572418213 2.1160409450531006 -0.5902495980262756
frame-000388.color.jpg 0.21791525704289805 0.453326940536499 -0.7764992713928223 0.379547655582428 -2.2892837524414062 2.204092025756836 -0.6659205555915833
frame-000389.color.jpg 0.21774201677619753 0.4496009945869446 -0.7812712788581848 0.37424930930137634 -2.2909483909606934 2.256688117980957 -0.6732516288757324
frame-000390.color.jpg 0.22005907325192664 0.4541228115558624 -0.7771414518356323 0.37602895498275757 -2.346005916595459 2.246175765991211 -0.7175927758216858
frame-000391.color.jpg 0.23390418231382826 0.46217888593673706 -0.769230842590332 0.37411680817604065 -2.460845708847046 2.2464733123779297 -0.707713782787323
frame-000392.color.jpg 0.23355634430339137 0.4778943657875061 -0.7579721808433533 0.3775533139705658 -2.568342924118042 2.153658151626587 -0.698392391204834
frame-000393.color.jpg 0.24368058277099525 0.4948217570781708 -0.7408577799797058 0.3832765519618988 -2.684709310531616 2.0375194549560547 -0.6768983602523804
frame-000394.color.jpg 0.2510948691345592 0.5030955672264099 -0.7355623841285706 0.3778814673423767 -2.74123215675354 2.035118579864502 -0.6246808171272278
frame-000395.color.jpg 0.2527385845815524 0.5116639733314514 -0.7289026379585266 0.37818533182144165 -2.8151841163635254 1.98828125 -0.6190241575241089
frame-000396.color.jpg 0.25793082684995683 0.5079300403594971 -0.7309321761131287 0.37578853964805603 -2.820943593978882 2.0434720516204834 -0.6355899572372437
frame-000397.color.jpg 0.2603695375018232 0.5030496120452881 -0.7325654029846191 0.377487450838089 -2.8511297702789307 2.089668035507202 -0.700234591960907
frame-000398.color.jpg 0.259795269329316 0.5043056607246399 -0.7312549948692322 0.3787457048892975 -2.896312713623047 2.1002159118652344 -0.7331463098526001
frame-000399.color.jpg 0.25374293652636276 0.5234653949737549 -0.7217435240745544 0.3750797212123871 -3.0194530487060547 2.001802921295166 -0.7002716064453125
frame-000400.color.jpg 0.25067159418445284 0.5308685898780823 -0.7195709943771362 0.370890736579895 -3.0876874923706055 1.9884271621704102 -0.6913783550262451
frame-000401.color.jpg 0.2496070792017461 0.533333957195282 -0.7246721982955933 0.35791242122650146 -3.097954511642456 2.0442051887512207 -0.6307733058929443
frame-000402.color.jpg 0.2531730415210876 0.5324282646179199 -0.7269318699836731 0.3521273136138916 -3.124854564666748 2.083176612854004 -0.6150662899017334
frame-000403.color.jpg 0.26500621461467133 0.5331527590751648 -0.7261872887611389 0.34376123547554016 -3.153578519821167 2.127603530883789 -0.5494065284729004
frame-000404.color.jpg 0.2664235710771977 0.5377283096313477 -0.7223226428031921 0.34368109703063965 -3.197230100631714 2.1108789443969727 -0.5472465753555298
frame-000405.color.jpg 0.2677520279826578 0.5494713187217712 -0.7099406123161316 0.3498205542564392 -3.3270864486694336 2.002715826034546 -0.5556315779685974
frame-000406.color.jpg 0.2614155069753985 0.5541054010391235 -0.7053070068359375 0.3566104769706726 -3.38466477394104 1.9379675388336182 -0.5976597666740417
frame-000407.color.jpg 0.2631196558005651 0.5602116584777832 -0.703213632106781 0.3498879671096802 -3.445420026779175 1.9313615560531616 -0.5448219180107117
frame-000408.color.jpg 0.2637945776224832 0.5610496401786804 -0.7025396823883057 0.3493904769420624 -3.4919159412384033 1.9306790828704834 -0.5504779815673828
frame-000409.color.jpg 0.26574248880749607 0.5606617331504822 -0.7035892605781555 0.34641239047050476 -3.501978635787964 1.9443682432174683 -0.5331393480300903
frame-000410.color.jpg 0.2647544712962207 0.5614849328994751 -0.702984094619751 0.3470635712146759 -3.515671968460083 1.934398889541626 -0.549619197845459
frame-000411.color.jpg 0.26673252508286294 0.5626462697982788 -0.7029776573181152 0.34366437792778015 -3.5436160564422607 1.946353793144226 -0.5046325325965881
frame-000412.color.jpg 0.2645731819403455 0.5607656836509705 -0.7069566249847412 0.3402281403541565 -3.54837965965271 1.9818004369735718 -0.5072038173675537
frame-000413.color.jpg 0.26351917357663585 0.5571393966674805 -0.7094978094100952 0.3417106866836548 -3.538215398788452 2.0007572174072266 -0.5371585488319397
frame-000414.color.jpg 0.2624109010412869 0.556686520576477 -0.7108166217803955 0.3405586779117584 -3.5398507118225098 2.011507034301758 -0.5363833904266357
