seq4/frame00001.png 0.24382990618946532 0.8981860402592983 0.08934360886412301 0.3547203595596019 -9.524862873325244 3.045634123315324 3.8764871883652687
seq8/frame00001.png 0.20305702798055833 0.9791328890449655 0.005020625037887666 -0.006436016034084026 -14.171258215067903 12.572642321133365 33.361012126363015
seq4/frame00002.png 0.24832670216422895 0.8980015299461657 0.08166134426537619 0.35391881280790305 -9.367451254918636 3.1973962554220168 3.8123847899443226
seq8/frame00002.png 0.2010078033209629 0.9795193919908869 0.011053037067412314 -0.003931168970001512 -14.558288837988052 12.139818184413857 33.06285775384593
seq4/frame00003.png 0.24423918666459635 0.8989051700958616 0.08012567120865072 0.3548190971265639 -9.484485727952666 3.14638606072828 4.044051676245681
seq8/frame00003.png 0.20132339897910215 0.9793746587642168 0.014076476674956484 0.009798959046479547 -14.895856884897395 11.898822813312279 32.97397077028162
seq4/frame00004.png 0.2231412492338766 0.9146907747510591 0.055703120640131776 0.33233406660558157 -9.127083766118274 3.357856642119992 4.618460658042435
seq8/frame00004.png 0.21210250192147212 0.9761959320157266 0.03169641096756709 0.03239395817700904 -17.27588072636531 11.779074634976569 31.95885567369586
seq4/frame00005.png 0.2227958590292721 0.93585426706494 0.06477163581683815 0.2652233609796914 -9.55431840424748 2.798712917652803 4.827490497694042
seq8/frame00005.png 0.211356916307466 0.970074697152237 0.012760532442723599 0.11882972980602452 -21.728191346516358 11.697974056284387 29.52544678320371
seq4/frame00006.png 0.2216116175775751 0.9386808779277191 0.05712652151249198 0.2578818739411121 -9.57418765548082 3.0519303045995794 5.024559714436082
seq8/frame00006.png 0.18625263202406792 0.9777866221339852 -0.004301975463866098 0.0960456747960403 -19.98187475017181 11.090622930200091 30.992801779234128
seq4/frame00007.png 0.23020286899099257 0.9413825958612392 0.03299951856415029 0.24436955434833751 -9.941896139711387 3.6949996813028343 5.89345890202265
seq8/frame00007.png 0.19807809028428267 0.9727659266759479 -0.008151050617722255 0.12010446461911145 -19.074355347006755 12.209629015117544 30.830981151997086
seq4/frame00008.png 0.22290911260218946 0.9500630979936168 0.03635010518617826 0.2153376585797975 -10.757555160867206 3.7152597409345725 6.797431531541689
seq8/frame00008.png 0.19967965558403514 0.9743149449966885 -0.023461364915493443 0.10142971684000275 -17.996455165027466 12.66013444373458 30.81919827440044
seq4/frame00009.png 0.22946007769815555 0.962192868988743 0.027801421978026042 0.14408343605691776 -11.810341945627478 3.7830426945020843 7.232236224386067
seq8/frame00009.png 0.2164176432622147 0.9722785772446885 -0.028987823554509684 0.08365092947149891 -17.78052405106623 13.876272516552273 30.82131316823642
seq4/frame00010.png 0.2310170225090297 0.9585057741927642 0.023228432185452397 0.1654033134142062 -11.906742558286771 3.944771701167303 7.074393572948793
seq8/frame00010.png 0.2020146787193786 0.9720594488318554 -0.01624499940128002 0.1184339373366774 -18.74001877984106 12.385093875694775 29.91083600760347
seq4/frame00011.png 0.22463377272919496 0.9680137071055779 0.0009186512563665872 0.11175100485022063 -13.337306834347121 5.00203482229652 8.820680460110433
seq8/frame00011.png 0.2076649800495541 0.9708392704909088 0.008254064673707567 0.11949157857380814 -18.721005132089186 11.944395739195576 30.644644759542793
seq4/frame00012.png 0.2423716982009043 0.9601333255185314 0.018772016955576953 0.1380129288123229 -14.2713706414654 5.094590958702669 9.181936440039323
seq8/frame00012.png 0.20622315217101397 0.9709838744563787 0.01452435888287254 0.12021385133740554 -18.462834376863004 11.036465472329601 29.704916608301247
seq8/frame00013.png 0.2275553147203801 0.9701089973757131 -0.0005231848355946034 0.08430206540070852 -15.029030447134543 13.004643630362798 29.84524318315453
seq4/frame00013.png 0.22063410082535287 0.9740056285140615 0.005428717174420589 0.0510309534082625 -14.181268240458742 5.2614503462365025 11.214716690354146
seq8/frame00014.png 0.21801511772294213 0.9713236631692335 -0.007286029414629441 0.09458680450846285 -14.96457872041937 12.770223368990042 30.09960643988436
seq4/frame00014.png 0.23595435287763322 0.9704512651551392 -0.011520634624190562 0.04916462442389777 -15.175680593576967 6.091061186658156 11.435095518075197
seq8/frame00015.png 0.23148130106883513 0.9662764346483214 -0.010587523554932865 0.11231279287677483 -15.241779759177676 13.8829408104499 29.43204944669587
seq4/frame00015.png 0.22900967575859427 0.9715145068004528 -0.025884968923814394 0.055173361951487185 -15.601047021532835 6.5149126347880095 11.651457925434427
seq8/frame00016.png 0.21529729809223982 0.9650691161046244 -0.00946396259926302 0.14899365082828153 -15.316895198343838 12.723796209138154 29.968718154926783
seq4/frame00016.png 0.20898512852247644 0.9774961908059651 -0.025545656907276698 -0.013184552682895171 -13.862319281022016 6.307223893435515 13.954791798460063
seq8/frame00017.png 0.23462434290309628 0.9653622165679849 -0.053832244947242314 0.10064441337787906 -12.971947833303632 15.652638739989706 31.156475240500374
seq4/frame00017.png 0.20921911100467197 0.9771612258860742 -0.03705089224989 0.0032455506045391607 -14.727647389472876 7.382667844240059 14.101516994846323
seq8/frame00018.png 0.23164827682498265 0.9630870657748056 -0.04377177760876999 0.12994772435968163 -13.869582463568465 15.441176288642716 31.09809409039317
seq4/frame00018.png 0.17623042598542463 0.9842047088233901 -0.010411471478442819 -0.013248748941522896 -14.91276811075565 5.68338413613879 15.928008440329226
seq8/frame00019.png 0.23105615647392364 0.9662906277777921 -0.04311472242365394 0.10505520422439672 -10.79157367927272 15.555058910463533 32.613241766513454
seq4/frame00019.png 0.18022693285392336 0.9815484964001902 -0.04850688348288815 -0.0415678258196288 -13.097520991119469 7.230720907197105 17.085677731618603
seq8/frame00020.png 0.2272247868142473 0.9644460034623775 -0.04109597021020911 0.12854541569091202 -12.733170721491517 15.29001171451084 32.41693596166598
seq4/frame00020.png 0.14518808881203019 0.9885135007182331 -0.018037361415873976 -0.03789632380649942 -14.19027329525202 5.441188063463646 18.492482321831936
seq8/frame00021.png 0.21782708163644504 0.9680081055807914 -0.04931575032441887 0.11436619607898425 -10.96090181499567 14.672182969727155 33.21547440911245
seq4/frame00021.png 0.14513281521076246 0.9848401981552393 -0.004525050842991624 -0.094898756374445 -12.403541705449259 5.527404450888401 20.636208796457137
seq8/frame00022.png 0.2107477668371058 0.9661358656096362 -0.03996914922990341 0.1434201347988828 -12.215798435922089 13.995655972576554 32.827592584521234
seq4/frame00022.png 0.1376737135808421 0.9860295845599006 -0.01032527748499562 -0.09319332382927367 -12.80396704694056 5.376291644073392 21.045328018376896
seq8/frame00023.png 0.21851893073939496 0.9686840064206667 -0.04040292920949168 0.11076270096296116 -10.235440934426421 14.967745630526043 33.886151585419626
seq4/frame00023.png 0.15872006347846143 0.9846034218686465 0.015235018273006717 -0.07163754122083192 -13.659214174227435 5.582922807947372 21.086788220409275
seq8/frame00024.png 0.1937673065670086 0.9569371423209625 -0.01855847025216878 0.21536276310972638 -15.05441133913823 12.302577813586108 32.00776940914029
seq4/frame00024.png 0.168401892485011 0.9829266547379989 0.028806037677853946 -0.06830963479872769 -13.807485061333606 5.97310553273731 21.791810500753908
seq8/frame00025.png 0.18899449104556892 0.9653188434703838 -0.004485147952499602 0.18005692500781825 -12.365889479405023 12.332563878172916 34.58411404188734
seq4/frame00025.png 0.1878261607339391 0.9820012983830606 -0.007018300144455064 -0.018588350680304313 -14.69596514510332 7.870222365578731 20.366150405610686
seq8/frame00026.png 0.19514293225823776 0.9695069584936672 -0.005385451991540807 0.14814347886040166 -11.05921642386318 12.427222365928033 35.18493063420437
seq4/frame00026.png 0.19473657700292643 0.976036119305242 -0.005662113847373779 -0.09694895489651302 -12.138401679260264 8.771425056488129 23.183736481900528
seq8/frame00027.png 0.16385543074909847 0.9679722586575825 -0.023530104659868822 0.18875232040444162 -12.519442177072136 10.44778557744504 35.831782527059666
seq4/frame00027.png 0.21901525072775233 0.974354162178505 0.010909679145777257 -0.05047044179536581 -13.41808933098097 9.122413566163795 21.959286091108122
seq8/frame00028.png 0.2018844775892791 0.9703240162169171 -0.047077704131018 0.12448956195170757 -10.012429615071085 13.93119291873053 36.89243258176299
seq4/frame00028.png 0.2001901046075688 0.9761770490164002 0.011894768902297681 -0.08282997925633062 -13.27581599733739 8.528795700214815 23.8586915632426
seq8/frame00029.png 0.19998977474746701 0.9761837637301177 -0.06262936443473263 0.05609734518371123 -7.403708254611421 14.022063670854234 37.183119944392075
seq4/frame00029.png 0.1750612328088781 0.9763064601972617 -0.011619233837629445 -0.12666591471092348 -11.0295731951652 8.45101756256472 25.749678602646892
seq8/frame00030.png 0.1989369906035594 0.976693101435733 -0.059910609534547715 0.0539015606698666 -6.824026023587594 13.925291084045982 37.62272139735201
seq4/frame00030.png 0.15887633082689948 0.9794766687075884 -0.01090551872711365 -0.12355094747414663 -10.734459656907996 7.678502101188027 26.460856493774152
seq8/frame00031.png 0.19469880191000308 0.9730061918607017 -0.03656382268157243 0.11838249028659202 -8.700298966286864 13.069652682583156 38.83559416830389
seq4/frame00031.png 0.20477379783128272 0.9697657742120528 0.004285775428451821 -0.13267881148709337 -11.508329585637998 9.810202762188462 26.968550716678312
seq8/frame00032.png 0.20530052983488037 0.9674301523981516 -0.03054882171263079 0.1449046658060969 -9.818880630997642 14.029766534691868 39.2737901137574
seq4/frame00032.png 0.20101976886123682 0.9697698857474306 0.0054351834131671495 -0.1382312555309247 -11.162940674711438 9.76120436412628 27.05090179391831
seq8/frame00033.png 0.19983095472533138 0.966569483190138 -0.03587109760424845 0.15660232455419826 -10.9202411915933 13.908985445992345 39.49975458370855
seq4/frame00033.png 0.21322503240928542 0.9675016467794949 -0.002799602015859881 -0.13589632541602237 -10.360382972813923 10.901788869476468 28.25383381946362
seq8/frame00034.png 0.20374168918483423 0.9559504994516238 -0.029342127055277833 0.2092534498309963 -14.641505019834522 13.91791243596711 36.81985164458148
seq4/frame00034.png 0.1852349272664541 0.969970592211369 0.01494067550967862 -0.1569135054131156 -9.675105268238129 9.314100480108259 30.174537989947762
seq8/frame00035.png 0.20503711387374754 0.9494338505674229 -0.04836264496416626 0.2328007729864969 -15.486568789735092 14.30888051041301 35.94520560972295
seq4/frame00035.png 0.18193223590405816 0.9769412433994508 0.015133212202331853 -0.11071338840684267 -12.58930542486259 8.869057218725711 28.175135951887412
seq8/frame00036.png 0.20482623141092351 0.94620476795831 -0.030279700044217983 0.2486481284550356 -15.921996628056922 14.17592772157599 36.057982133933315
seq4/frame00036.png 0.1781623178454627 0.9769206897549305 0.009625734686716236 -0.11743721582370757 -13.14714851478705 9.216698425408655 29.631230198074988
seq8/frame00037.png 0.1511872432188677 0.9606084520993979 -0.01283417195260006 0.2328284846692277 -14.250346171365454 10.044711549017341 39.781291594456754
seq4/frame00037.png 0.1854897358815098 0.9766802066966526 0.009072817837139147 -0.10773586081749022 -14.544809219313228 9.23585705482764 29.742685309710623
seq8/frame00038.png 0.1253502078820075 0.9689182507145625 -0.02811883443300009 0.21140974425579226 -13.598683285691951 8.278094036343294 41.86425125478607
seq4/frame00038.png 0.1955919469164005 0.9707023523593241 0.017956498388825015 -0.13841350219952725 -12.570129018706032 10.305181674061874 31.526365530318806
seq8/frame00039.png 0.11543430887246871 0.9720090784718651 -0.03998958295692437 0.20068409243969051 -14.127967875497337 7.985812935913762 41.62079077883811
seq4/frame00039.png 0.19584674289194634 0.9646639554945114 0.018249175979719034 -0.17531250338854956 -10.100870762845814 10.651970651300848 32.515420760879
seq8/frame00040.png 0.1727394177248987 0.950689105175828 -0.09307801529164195 0.2401828510394013 -17.088726699450973 12.147240662715676 36.706522269705125
seq4/frame00040.png 0.21436346386561997 0.9575264431288341 -0.006783990175184995 -0.19273140259407567 -10.60533617619965 12.991441189882869 33.58112591736334
seq8/frame00041.png 0.18011519157064135 0.9425292306920375 -0.04875532102401198 0.2771643659065728 -17.740763296202296 11.83466896718823 36.391767562894124
seq4/frame00041.png 0.20375482242553655 0.9537728267004791 -0.007197746081014422 -0.2207930248840957 -9.887567618787694 12.646658931584692 34.169869961355104
seq8/frame00042.png 0.19201852710485673 0.9365617511598504 -0.03792421295866133 0.2907623180268411 -17.791997568297294 12.45181387749261 34.52608628101568
seq4/frame00042.png 0.18722080732718485 0.9615247023283239 -0.0005977028892216185 -0.20104292792197767 -11.178057630296964 11.242020081452406 34.527002734222464
seq8/frame00043.png 0.17609945630862822 0.9338767236417987 -0.019100547480948304 0.3106419411698831 -17.910370841061162 10.999942621123793 35.54534700943259
seq4/frame00043.png 0.2009014066996473 0.9601376719218678 0.009340831316666853 -0.19413146219217595 -13.265524038097936 11.827085917173287 34.7729166041332
seq8/frame00044.png 0.17047929869015618 0.9248598403296971 -0.0017619373635515134 0.3399529085625927 -19.458216870430086 10.207995329383381 34.26278243626102
seq4/frame00044.png 0.18453418894808232 0.9645166164299425 -0.012054383791050671 -0.1884397027465992 -13.981304771503643 11.18527750515624 33.663489245544426
seq8/frame00045.png 0.17594443337645835 0.9285038194399712 -0.013459605519884399 0.3267155531474918 -17.979559874391118 11.01055057445938 35.5348238540448
seq4/frame00045.png 0.16616294411703525 0.9589042607066972 -0.025138000256571313 -0.2286057211532605 -11.15949956130602 11.175713695267792 34.92238912590745
seq8/frame00046.png 0.17482937260395084 0.9198787181775424 -0.01564536750958445 0.3507321724541971 -18.87036195978747 10.865166923800295 34.16878791515143
seq4/frame00046.png 0.18589781848262338 0.9580282504620411 -0.009674427231290417 -0.21801439828091337 -13.322843708177972 11.267795624490637 33.5031459602558
seq8/frame00047.png 0.14714525645281606 0.9323832739965422 0.0046271042833817 0.33013375135068274 -16.1419167895745 8.936427039680853 36.73664537928914
seq4/frame00047.png 0.18937360278070264 0.9543914567268912 -0.028469955360309773 -0.22905031660829708 -12.35566023241532 12.150925893147171 32.70104388348389
seq8/frame00048.png 0.1278433773405876 0.9448134819116513 0.0022247060005679553 0.3016266002051955 -14.232237696059133 7.724258746490687 37.484349220724205
seq4/frame00048.png 0.1701877441468026 0.9594076744121903 -0.01793734128005703 -0.22416801245721435 -12.057586895410243 10.553395948635801 33.0910370784507
seq8/frame00049.png 0.1212332390413776 0.9570772323010073 0.005590900990492476 0.26320033242512175 -11.6091129462031 7.391699473558637 37.803088837827055
seq4/frame00049.png 0.15596306533479115 0.964949466868075 -0.02020863778850468 -0.2100944064013283 -12.830844946930599 9.843442087626668 32.509494139263246
seq8/frame00050.png 0.14048665096624985 0.9551096470875167 0.011896244106649467 0.26055237921923 -10.787589129028326 8.617193132422448 37.47167060619346
seq4/frame00050.png 0.1408637845528606 0.9659417996039447 -0.031857826151109714 -0.21470657393816303 -11.20149307868365 9.059557872867462 32.278277137801304
seq8/frame00051.png 0.13522931734769386 0.9505162578988959 -0.0010618177742197643 0.27969760053059145 -12.3633736295124 8.145745643990553 36.267774805376305
seq4/frame00051.png 0.10864240910228132 0.978082558332912 -0.03919599795289491 -0.17324840482346412 -11.240200659956264 6.571057182915811 31.062139632774286
seq8/frame00052.png 0.13001888448291188 0.9481126295873681 0.005775496545490533 0.2900761536810606 -12.001070733133039 7.981712559383626 36.44820300367863
seq4/frame00052.png 0.12815784331285318 0.9814926794459305 -0.026554032204896577 -0.13979474512694373 -11.551621734957926 7.424196825339442 29.44887944606354
seq8/frame00053.png 0.12783976831644003 0.9620035140347666 -0.0020452814571069733 0.24125100921098905 -9.245492366759727 7.638838261537603 35.51670349671126
seq4/frame00053.png 0.12958679061635012 0.9839958554035637 -0.018119527162223814 -0.12095909631681598 -10.900082018768352 7.256781344283101 30.41457712980976
seq8/frame00054.png 0.12431885789687781 0.9652676665504765 0.0027406962633885756 0.22977302293221052 -8.735263163303651 7.060930772219856 35.2344346812711
seq4/frame00054.png 0.14586508101453835 0.9722357884343832 0.004826488025467035 -0.18291433744060487 -9.163867398683738 7.4215547477004815 30.4685559805544
seq8/frame00055.png 0.15457748673632854 0.9568189362670431 -0.026669530131545494 0.24472854340605038 -9.25936117746155 9.87489075478267 35.45492551130639
seq4/frame00055.png 0.1443492695572989 0.9772613729092802 -0.014919334217587815 -0.15459919425484453 -9.52126008833675 7.353507126880859 28.876884016609093
seq8/frame00056.png 0.14610146556495449 0.951490465443262 -0.01761689245913095 0.2702034437797201 -10.457232628258385 8.886189199404923 35.17361831141912
seq4/frame00056.png 0.20031912334140015 0.9687668681542292 -0.027751907979278984 -0.14350204038231887 -10.588457526577772 10.606058231029726 27.78061350986648
seq8/frame00057.png 0.15003686996939178 0.9465410111678746 0.007021056687094129 0.285481622158208 -9.948815139501562 8.9667680825944 35.46146098053724
seq8/frame00058.png 0.145518459300346 0.9456741698400163 -0.01251465778800337 0.2904619180558762 -10.238515881969763 8.592679026488696 34.207722845118525
seq8/frame00059.png 0.11728457442343054 0.9419036400875256 0.0018848556037905362 0.31473529943674344 -10.770405568893635 6.569347980569057 34.02659765686711
seq8/frame00060.png 0.1508785180930081 0.9350199004795954 0.023701920800615006 0.3200182454728894 -9.179775329219286 9.085691003129925 33.77556351239468
seq8/frame00061.png 0.13574523121906687 0.9449673638662345 -0.002818476023735861 0.29766082984142445 -9.38364814606799 7.563117280499424 33.2166588413603
seq8/frame00062.png 0.15847744280377007 0.9456913990442057 0.0045500886838754084 0.2837815613974234 -8.024548480495255 9.4414823846818 33.32075025537969
seq8/frame00063.png 0.15642330346505956 0.9511731958985822 0.023716678689263082 0.2650260754890082 -5.976186341387937 9.285069341065174 33.370271598149984
seq8/frame00064.png 0.17216178973905982 0.9440051075382435 0.004492014233846042 0.2814151682189076 -6.50108879610434 10.165150752656615 31.97604792407492
seq8/frame00065.png 0.1811819450014276 0.9337418958533079 0.017827292563215025 0.30819046444307063 -7.821783177402272 10.51804359445659 30.93633774551208
seq8/frame00066.png 0.1982369997965829 0.9168197342818479 0.03851456279603793 0.34447103680228536 -9.348048652928295 11.358391552466703 29.40313746960293
seq8/frame00067.png 0.1946879880288849 0.9240908556847787 0.021743079734888704 0.32814618120691386 -8.811145214095282 10.873452775592861 29.78120601878113
seq8/frame00068.png 0.18660939400483403 0.9207682662892615 0.014499161806138527 0.34227548578701306 -8.831538163278326 10.311655594252716 28.604181834385017
seq8/frame00069.png 0.16607041352572982 0.9295354918268357 0.01540864956397342 0.3288570520822848 -7.734877110999644 9.016937983851227 29.653478030966667
seq8/frame00070.png 0.18132865356835554 0.9210616564984707 0.015298510279483146 0.3442837491178011 -8.387836940828155 9.972132409361226 28.682674093723836
seq8/frame00071.png 0.17479666878281658 0.9244812597755637 0.03134954448448124 0.33733919275238755 -8.350964106175937 9.705528877312075 28.568940489425795
seq8/frame00072.png 0.15888149490085546 0.9219689850662511 0.012612470746650728 0.3529458694129185 -9.724664811211477 8.484457336274604 28.39250361189594
seq8/frame00073.png 0.13743716941062112 0.924053452676256 0.02635700800969676 0.3557267900935537 -10.221288747658164 7.535430877882417 29.288718082201356
seq8/frame00074.png 0.1014242106817923 0.9223113773229082 0.006700162131228482 0.3728403955792753 -13.174679981434847 5.595644292611479 28.398373954404008
seq8/frame00075.png 0.12920703253886873 0.9165460991145493 0.010945078072895464 0.3783239302586883 -12.565407505661733 7.398403021330239 27.832872982134763
seq8/frame00076.png 0.1174061604718858 0.9145508469255771 0.010885851127814095 0.38690314048374236 -13.097577842162853 6.6889519013961865 27.442229437333417
seq8/frame00077.png 0.12387175766139329 0.9163961116424251 0.03270515744267566 0.3792154096251511 -12.634182383023326 6.7326974553484265 27.28294054689243
seq8/frame00078.png 0.14300130515416834 0.9279281859293779 0.03267708693401622 0.34268369741136695 -10.819228121826301 7.449043012370898 27.194636641551398
seq8/frame00079.png 0.15850513337083336 0.9217200170710828 0.0334082553818385 0.35240916744307216 -10.445915055979622 8.172357780703663 25.66080841309208
seq8/frame00080.png 0.16264061996971815 0.920659301824416 0.020791851740184053 0.35426286511749844 -10.456184919527246 8.15259007081661 25.418713824455796
seq8/frame00081.png 0.15787976490772643 0.9226004499551336 0.010994153297820997 0.35179755281771097 -10.148979938169827 8.009755099212313 25.07759575997065
seq8/frame00082.png 0.1674829366769905 0.9295640567442126 0.02735875879930344 0.3272791295641305 -9.165084356880516 7.996441937651622 24.462843250599466
seq8/frame00083.png 0.1707669933937702 0.9156116614762727 -0.0025315945351008784 0.3639883382266819 -10.718287088085383 8.442447676921834 23.434249513707147
seq8/frame00084.png 0.193877059906154 0.9058800739681844 0.013460180027776991 0.3763134342315752 -10.485951420910874 9.304106609260655 21.85262975695868
seq8/frame00085.png 0.18501882929206756 0.900100594884332 0.01612440121300357 0.39411540896263697 -10.269956430792805 8.519641631913856 21.061574786286794
seq8/frame00086.png 0.19343010331279412 0.8955444426202087 0.043202553890706374 0.3983948867164112 -8.772590466984328 9.07521391786379 20.98515067443158
seq8/frame00087.png 0.19567818654168154 0.8920281964357948 0.039454708262933125 0.4055108754042841 -7.994671648796943 9.208075961127088 20.42430450851234
seq8/frame00088.png 0.2026305630413219 0.8960341762476485 0.019142349773768552 0.3945848202388093 -7.756166202968575 9.128779654961289 19.904740481135992
seq8/frame00089.png 0.19696007807740604 0.8867938065070246 0.028036495525718297 0.41715396115002945 -8.112851259125982 9.092714088613425 20.076037280385233
seq8/frame00090.png 0.207091238184723 0.894814587750133 0.013783666892644486 0.3952595136662373 -7.332075171775644 9.074123321750662 19.78142663916393
seq8/frame00091.png 0.2149488472252882 0.9000524708907348 0.0028082182283693524 0.3790707805019857 -6.378481834040067 9.296837737026923 19.49094241600271
seq8/frame00092.png 0.2192287915622808 0.8880674680706276 0.009711133724121246 0.4039561894395965 -6.093823166380429 9.225366177001273 18.921997702846983
seq8/frame00093.png 0.21303117115344264 0.8830556549984332 0.03764859641037516 0.41642888166001346 -5.442528651188872 9.107650075750742 19.332259608798942
seq8/frame00094.png 0.19936444238087972 0.8838571125978405 0.025892175652116878 0.42235058762166927 -4.95522498706248 8.341894788977646 19.03625164745234
seq8/frame00095.png 0.2038553819507684 0.896533269431905 -0.00047105942293751424 0.3932821609919086 -3.6150182610932187 8.225463622408922 19.294842798784508
seq8/frame00096.png 0.19803687855022856 0.900642730690448 -0.005283601427362727 0.38677661504347977 -3.365309643721007 7.871382786531874 18.827760414044086
seq8/frame00097.png 0.19884490072247366 0.8798527231743359 0.011086024575674702 0.4315054936365033 -3.7693888273272993 8.206829662364276 18.58241274111124
seq8/frame00098.png 0.19450343412286325 0.8806078429416724 0.028690461880909013 0.431132344484948 -2.498164438901505 8.301926649190372 18.725830174209506
seq8/frame00099.png 0.19919324478768416 0.875057984702562 0.04463904780008032 0.43886550337289754 -2.40974555242883 8.248116521863254 17.78225172888411
seq8/frame00100.png 0.18192642855194455 0.8626943903776315 0.03287156015068948 0.4707235111385033 -4.1316381492214465 7.644960295324231 18.081415523432828
seq8/frame00101.png 0.17945899477922128 0.8507309899255535 0.03516789284657873 0.49276208385573966 -4.850659234024623 7.6033700307112 17.593294924127516
seq8/frame00102.png 0.17726263473907333 0.8513831445753594 0.03464430079711045 0.49246773689310247 -5.881288604491217 7.188037396149782 16.651257330864713
seq8/frame00103.png 0.18334828543990694 0.8508847205306794 0.053873387850123744 0.48936311331691534 -5.531452742536626 7.38588744535415 16.252118030980565
seq8/frame00104.png 0.17184671693369416 0.844726616895584 0.05755108017517829 0.5035807003429759 -6.710720990055394 6.998648411807411 15.601197054542347
seq8/frame00105.png 0.18380032120901407 0.8466802570836134 0.06116922761154919 0.49558885155105753 -6.176527624664048 7.344907936496696 15.503735356236701
seq8/frame00106.png 0.17652516172577712 0.8455475600024948 0.060034930426163924 0.5002839175710543 -6.471973647462734 6.867852035804884 14.360541666839868
seq8/frame00107.png 0.18623582859820811 0.8458827163677028 0.07664650474750867 0.49388658577321676 -5.883231628603979 6.945573634501809 13.981503505288705
seq8/frame00108.png 0.19081677008997175 0.8503805075678934 0.06809241076067818 0.48559795736576344 -4.455064207616877 6.73091115415464 13.30787759715828
seq8/frame00109.png 0.19399656615627991 0.8477222514341135 0.06312799661768376 0.4896398398681295 -3.9494669342810576 6.750589782129962 13.0188634829921
seq8/frame00110.png 0.17934724915165576 0.8589968705030545 0.054494432381425484 0.4764339382612436 -3.517948206495997 5.985091486917697 11.917784360649609
seq8/frame00111.png 0.1951562608035565 0.845708622533211 0.044550132298545986 0.4946779208276176 -3.8226716227389788 6.362995150138774 12.39787941510544
seq8/frame00112.png 0.19531440595112867 0.8444746002566778 0.06489191289406782 0.49447342900324853 -3.936219279407005 6.28192510802061 11.840101218568387
seq8/frame00113.png 0.17495763512941892 0.8426119595539521 0.03587366256698021 0.5080432972302662 -4.551399463699782 5.927066722805159 12.70548611753371
seq8/frame00114.png 0.16914081837700976 0.8400834001549916 0.0356650291007119 0.5141782473442735 -4.792024120132722 5.855346237600579 13.091012605574765
seq8/frame00115.png 0.14490301514821016 0.8320803124157817 0.027350577343938975 0.5346937589031371 -6.219580941776041 5.519914784903915 14.126323041258562
seq8/frame00116.png 0.16503467310379769 0.8275100644618657 0.051186514697089236 0.5342008897418704 -6.769378964098709 6.2865814029718985 14.01934912381512
seq8/frame00117.png 0.152834728344834 0.8440532667042985 0.049162450443916206 0.5116626645006574 -7.106520779235089 5.794197545890148 13.91578551304205
seq8/frame00118.png 0.15570231082987432 0.8376100573679085 0.0414204549795949 0.5219679378157717 -5.251896329163616 6.294932345514317 15.084331359660752
seq8/frame00119.png 0.13652972291632137 0.8391392354488021 0.026984058965882962 0.5258106492384103 -5.349148709034254 5.869947708825362 15.290643103829057
seq8/frame00120.png 0.16652316661755573 0.8382905657570083 0.035064942870638216 0.517985918847159 -4.7579593978993255 6.535061683692836 15.596347458962299
seq8/frame00121.png 0.1719240993537592 0.832061142004497 0.0240686712194772 0.5268178614030659 -5.669014661093254 6.488395802428868 15.46154692598251
seq8/frame00122.png 0.17736535208773133 0.8369111597783022 0.024453609191140147 0.5172265108391674 -5.680389449120687 6.397351588511046 15.175172551278681
seq8/frame00123.png 0.14727687709208473 0.8421906300127523 0.017085697313040438 0.5183941966689576 -6.6335071547595215 5.495777610365382 14.950173478327867
seq8/frame00124.png 0.14602453207292618 0.8390139143276377 0.014135494394381443 0.523958658097874 -8.06814553204417 5.361067384850919 14.23109794926511
seq8/frame00125.png 0.14598301821650844 0.8282500526359247 0.035255693713533875 0.5398590971371734 -7.339843059280439 5.501172042258556 14.913994103055112
seq8/frame00126.png 0.13069545010006803 0.8424258982612097 0.05774251765508964 0.5195219984916771 -5.914737649582077 5.6806238171426005 16.15215467783398
