seq3/frame00001.png 0.6368430249000069 0.6232455010608713 -0.3254756909896054 0.316325120119208 1.367069679843055 2.1613657577889773 13.553312652193922
seq1/frame00001.png 0.707194305398235 0.6738908745273517 -0.15870255631443297 0.1433903841278504 -3.4845019500848142 2.5755681850451926 9.463770034060898
seq3/frame00002.png 0.6348764477047901 0.6222941695525026 -0.32868820948983324 0.3188195784971118 1.5211364978193753 2.1020520243368637 13.770601437937446
seq1/frame00002.png 0.7059889542981306 0.6721197473988153 -0.16825698781339915 0.14671137521524058 -3.5970614277480975 2.5682338104556566 9.429135799629902
seq3/frame00003.png 0.6344380887888427 0.6254474160505586 -0.3269277008655965 0.3153127331021935 1.413398568298516 1.9875756409945249 13.868745184743288
seq1/frame00003.png 0.7077795909002045 0.6742133020705199 -0.1590248048021614 0.13854813414095504 -3.449651776162894 2.5530577162318386 9.777059723273087
seq3/frame00004.png 0.6387775923895305 0.6306895557243515 -0.3166989900728012 0.30642392440559063 1.40294114923931 1.9928738964700663 13.65534266405822
seq1/frame00004.png 0.704811348033967 0.6744444422376074 -0.162550660484986 0.14813149831565156 -3.5478038485852985 2.570901079310966 9.677216830908561
seq3/frame00005.png 0.6327114223784336 0.634083669916156 -0.31127382421423055 0.3173684954379791 0.8415450640025162 1.9969963662143557 14.207309144089914
seq1/frame00005.png 0.7385465768215025 0.6580171366653439 -0.11324811198678963 0.09347334834812727 -2.3009100696207914 3.5860657719739697 9.33759077496456
seq3/frame00006.png 0.6428165217250754 0.6442117433986746 -0.2829656529461091 0.30283425882369774 0.9032157057427797 2.075488471551513 13.505289261885142
seq1/frame00006.png 0.739201995785111 0.6513567752089556 -0.13960696043884524 0.0991194098737759 -1.830138734507005 3.6826717901936603 8.973125011156563
seq3/frame00007.png 0.638478447742028 0.6486737244241537 -0.2926374970225035 0.29313984094119955 0.6076978434864277 1.795838430844909 13.333892871658094
seq1/frame00007.png 0.7363296380691202 0.6599436510878964 -0.11664568449936275 0.09320314252990822 -1.278803855709506 3.49443637158486 9.31803982623542
seq3/frame00008.png 0.6515227344461895 0.6361783387582463 -0.2804780659641919 0.3035247968577596 0.2426076767517609 2.3813469007569594 12.677462767561169
seq1/frame00008.png 0.7301978979514984 0.6526099179025346 -0.14426258580455187 0.14177316819287103 -1.3484660786537803 3.384606474263132 8.465393015063938
seq3/frame00009.png 0.662796770792493 0.6463258836282582 -0.2486176384396197 0.28487288855891646 0.8687303866076269 2.467515455808561 12.071854954821843
seq1/frame00009.png 0.72064754420752 0.6395433411096042 -0.18039801181733084 0.19775739986758697 -1.9456666187150247 3.2559202503206626 7.811143377223056
seq3/frame00010.png 0.667019058514032 0.6437307648300141 -0.2711243936101111 0.2592061750421262 0.6114356131516828 1.9784790549708153 11.163947631303907
seq1/frame00010.png 0.7106062725536244 0.6328197236866394 -0.20608911688216514 0.22826563171738956 -1.401573472710262 3.505974472753572 7.826670594133901
seq3/frame00011.png 0.6689036657214238 0.6369800453917361 -0.25912962029509445 0.28226963641685493 0.5972183458847139 2.39853820222612 10.63903508307281
seq1/frame00011.png 0.683644658456816 0.6622831108616271 -0.21187694180196281 0.22162857118060594 -0.43889192002846167 2.843116971568137 8.72770025512136
seq3/frame00012.png 0.6715303612600316 0.6429024461636996 -0.26946517534883174 0.2512208946264733 1.114263504652529 1.9345384724083026 9.601915048539148
seq1/frame00012.png 0.6778869818742511 0.6487787348316565 -0.23180269403252085 0.2565597475733867 -1.184794202991223 2.733377916922507 9.063938459104829
seq3/frame00013.png 0.6737467892236938 0.6466171884557597 -0.2749662502016256 0.22879037753889345 1.4515607060581426 1.795718944401105 9.13315710254759
seq1/frame00013.png 0.6593395900435489 0.6430890570949407 -0.2709650659217189 0.27979582322826746 -1.0699253712172077 2.5282647443083115 9.146572319411426
seq3/frame00014.png 0.6780622744273045 0.6481432833695914 -0.2582834541951763 0.2311525329957798 1.7994898866924187 1.8838213456869202 8.459235028310426
seq1/frame00014.png 0.6564628230610849 0.6181028318649657 -0.3032914897311547 0.30825269412583856 -0.8002211202245652 2.8996959235285886 9.583214338979104
seq3/frame00015.png 0.6722914678979914 0.6638323150372151 -0.24220176417289752 0.22065616949324618 2.1760294899670427 1.68802515810559 7.801193555336552
seq1/frame00015.png 0.6354844638159809 0.612907578087925 -0.32581339914773866 0.3381559195204271 -0.9905319569002898 2.634490891670559 9.336950229322497
seq3/frame00016.png 0.697060291207894 0.6649575636212974 -0.20007024631504167 0.17863450266796957 2.14517482636194 1.8398187779053097 7.076381517271926
seq1/frame00016.png 0.6246841621102662 0.6001992458248154 -0.3390962118400742 0.36680283809647507 -1.468030257066011 2.8374707716950684 8.883224282318295
seq3/frame00017.png 0.6872619582109222 0.6969322757637763 -0.1599625082906957 0.12793904695659303 2.215356878431721 1.713167189849105 6.696254004520513
seq1/frame00017.png 0.6189653956928104 0.6015430256108409 -0.33075725309101756 0.38161167015892183 -1.2510415280544371 2.907323279644462 8.93657825588547
seq3/frame00018.png 0.6901143547236388 0.6817234446156927 -0.16410881691631196 0.17906316951293721 0.8403186111776353 1.9617771022605577 7.01330131678484
seq1/frame00018.png 0.625116570209094 0.5740187723869163 -0.34006723524687643 0.40507529930740327 -0.36586321749761486 3.2454767670653832 9.220771733857035
seq1/frame00019.png 0.6142110048852628 0.5675458412449292 -0.35857985468492226 0.4147975980855738 -0.18419365824850664 3.209080212697815 9.246653336976147
seq3/frame00019.png 0.6985076829217907 0.6751709664853641 -0.16543268716907278 0.16989175651122776 -0.27844434802139933 1.900512251957844 7.239809386078676
seq1/frame00020.png 0.6167271764806291 0.5537611399112606 -0.37160504804277883 0.4182175008097292 0.20900128158896455 3.496269499195706 9.760098412189006
seq3/frame00020.png 0.6875129254274297 0.6870065505453994 -0.16450437996768064 0.168185272391427 -0.7825182726653288 1.8659441444712854 7.149304259699458
seq1/frame00021.png 0.5962794934252518 0.5634373085134209 -0.3915837449151175 0.41671493351442224 0.34216290576830666 3.159885413167785 9.710192061800983
seq3/frame00021.png 0.6958822654778601 0.6821957440636158 -0.15458825203033366 0.16266318486091633 -1.5910065316193733 1.977835919170291 7.623986450077577
seq3/frame00022.png 0.6938108347735031 0.6930541003753468 -0.1317834593985885 0.14469160076781679 -1.9817589058126979 1.756916046001378 8.101610555046335
seq1/frame00022.png 0.596609692787705 0.5421641797359752 -0.39181291127938034 0.44339318808226375 0.35557624770688634 3.4897671511212818 8.694592742902815
seq3/frame00023.png 0.7020575375369658 0.6900714097459175 -0.09995690440024796 0.14465573165807627 -2.4169793386111564 1.772427429503714 8.505486949608292
seq1/frame00023.png 0.6037439642496186 0.5256219927676905 -0.3918846058693315 0.453476793269199 0.666188491874886 3.7409181091267247 9.436071907828689
seq3/frame00024.png 0.7134591638233273 0.6828540880821855 -0.09985934303966248 0.12130304016657131 -2.1806969488565704 2.0819684983723103 9.072916019485545
seq1/frame00024.png 0.600713537072732 0.5225171107264043 -0.40107911536778984 0.45305039299341643 1.8903758396264492 3.6931163780749516 9.553896009047167
seq3/frame00025.png 0.7208410237237284 0.6713365483023302 -0.1254459963004364 0.11814719396850452 -2.3221280103014488 2.4310849078676537 9.393262603110177
seq1/frame00025.png 0.5923594152049075 0.5259808225532709 -0.40339733999396843 0.45795751288746694 1.7979834896082618 3.6439214720366855 9.267298366359976
seq3/frame00026.png 0.702324417083986 0.6883676088096283 -0.14148986351714965 0.11345072424296263 -1.149749072419301 2.1166280034217957 8.605348703956317
seq1/frame00026.png 0.5768958512475841 0.5231566491347899 -0.4135131908797598 0.4717045031031852 1.9642175182452102 3.5705967710049675 9.68516731993868
seq3/frame00027.png 0.7219055573255189 0.6581692228356252 -0.16692176671230008 0.13342699956202783 -1.2080639986504542 2.6069593836967786 8.121333142021747
seq1/frame00027.png 0.5888367718169072 0.539467123860313 -0.38339632384148636 0.4639544560567984 1.914161932488823 3.834949494194306 9.654606378512232
seq3/frame00028.png 0.69807908275253 0.6725910527330222 -0.19037033330441144 0.15513222168343557 -1.2254234965057624 2.044851074726577 7.269976350318597
seq1/frame00028.png 0.5619141424879855 0.5293555565619034 -0.417231821409782 0.47953393874897454 1.5624613829395617 3.3917830581494073 9.915769151093647
seq3/frame00029.png 0.691009086693456 0.6693735988144769 -0.19892809043467685 0.18674325196173747 -0.9904908613132221 2.0196867432505408 7.3597026521172335
seq1/frame00029.png 0.5286759619548601 0.5120062489431614 -0.4527143091820688 0.5033895932139029 2.1013735592968437 3.2014850817586518 10.94421590134197
seq3/frame00030.png 0.685310822009483 0.6563891201766207 -0.23318719348716044 0.2124291245192848 -0.559170831261891 2.1109630062911537 7.202359273541901
seq1/frame00030.png 0.508288798351692 0.5009470057051288 -0.4677823094747954 0.5214156747621665 1.7304492175004187 3.1991040903758776 10.975890534472965
seq3/frame00031.png 0.6633756829991002 0.6432436438229069 -0.2733785210671612 0.26727233696370156 -0.7680884928327499 2.122908340433468 7.032000089846126
seq1/frame00031.png 0.5237898393731008 0.5144618136663436 -0.4594588434147072 0.49987080096426717 3.712081429412014 2.953620571409188 11.198893473344546
seq3/frame00032.png 0.657129681900611 0.6277705758522286 -0.28935480857864104 0.30059687292415616 -0.3242791402922842 2.167293293361199 7.133964012010253
seq1/frame00032.png 0.5644118992091969 0.543435514085815 -0.44328738650611843 0.4354461425089532 4.590175189810237 2.069362363374955 10.147490116506077
seq3/frame00033.png 0.633912290346074 0.5974812764400342 -0.323148029469679 0.3697927575029636 -1.315384758359555 2.3538453354212505 7.007663755768545
seq1/frame00033.png 0.5909388814962199 0.5818176573588119 -0.4040818383425496 0.3860017096376727 4.982072092419429 1.7676028605027272 9.096228335113313
seq3/frame00034.png 0.6264847055598264 0.5812878501701462 -0.3362491201030403 0.3956739543792573 -1.5638078425121396 2.373826038141564 7.3757989544120965
seq1/frame00034.png 0.5890787763281001 0.5625206637038092 -0.4144529324530162 0.4059377599671035 5.900593600489307 1.9473735936898229 9.369858764073054
seq3/frame00035.png 0.6292013126606587 0.582048629264868 -0.33286920564621636 0.3930943821138246 -0.2287079003458916 2.6132432710917595 7.408268566670665
seq1/frame00035.png 0.5865146443714072 0.5613686199435951 -0.41955086572379274 0.4060085165990006 6.173353107464645 1.991799270101882 8.177463676387143
seq3/frame00036.png 0.5917463649818099 0.5675006583195485 -0.36815448404102713 0.4384535530910639 -0.7958160218141747 2.5041134150772946 7.6707283359444025
seq1/frame00036.png 0.5730416841423074 0.546999020899616 -0.44202756257126874 0.42074568720013406 6.58621864868262 1.8221833159025798 8.373829824255763
seq3/frame00037.png 0.5742226867096503 0.5233929913410517 -0.4203388928730377 0.4686611759270077 -0.7391373656574488 2.4511557011342964 7.2258250925665735
seq3/frame00038.png 0.5635784170788448 0.5023743686426986 -0.4366378619920005 0.4892307625331911 -0.13586479775310092 2.5334725134705054 7.5556735767106336
seq3/frame00039.png 0.5184777750891201 0.4752107328185708 -0.49325643823485654 0.5119117524461962 0.159904464505256 2.2852913279960836 7.909976063639782
seq3/frame00040.png 0.5086952404983717 0.48781475131808394 -0.4670028846668135 0.5340170656483324 0.0932871987995578 2.337967386665388 7.640552960997992
seq3/frame00041.png 0.4880015357085868 0.4696547245608999 -0.4818324682249704 0.5559823858791924 0.9858963522106844 2.5435303040043857 8.572900740738033
seq3/frame00042.png 0.4922610128111139 0.47422144313473225 -0.4757998033102526 0.5535410240508948 1.274626210110966 2.6157616699378567 9.003337171810783
seq3/frame00043.png 0.4651899566925295 0.45387612453865783 -0.4999548347651839 0.5723984023048014 1.252698939737149 2.5689062194101244 9.320524253536439
seq3/frame00044.png 0.47857010968722086 0.45278443061817397 -0.4807407438481055 0.5786581432142017 1.9823809540720663 2.925689901110551 9.165004892954439
seq3/frame00045.png 0.4380760569869782 0.4239272970126881 -0.5208525303652514 0.5975681189240037 1.789544750176707 2.752338384157241 9.547401263713207
seq3/frame00046.png 0.4624950898504982 0.4297431759858142 -0.49714737130398523 0.5952004584703737 2.9491564529851093 2.981137181216624 9.431973420871993
seq3/frame00047.png 0.43005387317281396 0.41648706548753095 -0.5198380195018182 0.6093936526836112 2.9298221757615694 2.9278991990323604 9.748801075441083
seq3/frame00048.png 0.4277271011331008 0.43594633260295124 -0.4951037045164913 0.6179584482959664 3.7826776385765988 3.2200218045363105 9.213286385576385
seq3/frame00049.png 0.39288964004937493 0.4215331132908434 -0.5158665641257626 0.6339000340418687 3.811893755825535 3.257915216036538 9.819081272459163
seq3/frame00050.png 0.38619927275604465 0.41042338218643554 -0.5292954794982294 0.6342310812788102 4.539424692577091 3.187302734553641 9.473882168986197
seq3/frame00051.png 0.3558319854580182 0.3842444769692439 -0.5440742790670349 0.6555325765370653 4.120556872901206 3.374883976595765 10.004394252602191
seq3/frame00052.png 0.3675392727931739 0.3933813849250634 -0.5442419356712697 0.6434024280385442 5.142253892173399 3.1015101791576405 9.653646741629771
seq3/frame00053.png 0.3767057039487749 0.37815667740112197 -0.5363700196077732 0.6537564852568265 5.993391464085256 3.5797821702732446 9.97536577870801
seq3/frame00054.png 0.41458975889612815 0.39886658542091885 -0.5175153311472999 0.6334024478012443 6.854930658195511 3.5171086354765997 8.793258854967942
seq3/frame00055.png 0.39011240359750027 0.37765068397422763 -0.531027930168485 0.6505394767684382 6.707958485972579 3.668055872414747 9.8996771033917
seq3/frame00056.png 0.3141694422253204 0.32757662154328204 -0.5805553876320807 0.6759782248574913 4.952434420888555 3.427280014403008 11.835893272646114
seq3/frame00057.png 0.30013610704396954 0.33182428502474876 -0.5767563226213934 0.6834933104519403 4.480910790112256 3.5230125734766045 12.341903269878852
seq3/frame00058.png 0.25857962999399603 0.3026768509138016 -0.5989700703929897 0.6948079976846047 3.079243596023593 3.375658458657968 12.799183558701086
seq3/frame00059.png 0.26481740450949 0.2863762899045377 -0.604554688303688 0.6945314907903021 3.4459059837252664 3.336322210148739 13.304275826369276
seq3/frame00060.png 0.2576331179275486 0.3066505901993591 -0.6048229143904791 0.6883166671710933 3.8545009958328604 3.257915592089333 13.714393883950503
seq3/frame00061.png 0.24748488793854245 0.29350326402457994 -0.6156236066799674 0.688196657320648 4.390965706823056 3.2183379001563206 14.431627930918696
seq3/frame00062.png 0.25071506728878984 0.29929956420167964 -0.5946020924118012 0.7028585046811138 5.085730154303843 4.014197042322676 15.129674221555204
seq3/frame00063.png 0.2462997943496634 0.29292387469308867 -0.6115472356333713 0.6924897064413906 5.5844965011035965 3.562377445583565 15.645181687345604
seq3/frame00064.png 0.2569775356804723 0.2832455249417535 -0.5997416035577819 0.7028830114023267 6.227318685616294 4.149922434472677 15.891968472061494
seq3/frame00065.png 0.23284226431435617 0.2646587122919916 -0.6221136132799059 0.6990814674476277 5.736507475336498 3.64572315271335 16.469500959591112
seq3/frame00066.png 0.20325996545881658 0.2153103013628778 -0.6386532957382914 0.7102456113284515 4.216206773027885 3.4876642836130944 16.86446304149589
seq3/frame00067.png 0.17933737430966012 0.16831447970227104 -0.6571042728055096 0.7125463611295849 2.8966555569627137 3.149126049574928 17.577570540591513
