seq7/frame00001.png 0.6181636366259969 0.5395484312974121 -0.3701301007843869 0.43562015234739054 -1.4333852436082675 7.827806110285661 42.199315148476444
seq2/frame00001.png 0.641582339419543 0.6264296808386113 0.32054843814530365 -0.30529765068206444 -12.556839478338919 1.996713705055954 75.03398600398303
seq3/frame00001.png 0.6393749621458994 0.5457064493278697 -0.33897090456333634 0.4224959819955836 1.5404814777855442 8.547740137456454 38.791568307719096
seq7/frame00002.png 0.621011720491087 0.5424349597985777 -0.36644226606140784 0.4310786738459652 -0.7294716295688415 7.725958028036337 41.73375614030267
seq2/frame00002.png 0.6413236650540541 0.6243828571412531 0.3255610031933447 -0.3047294497574935 -12.163616774852573 1.7663623191984195 75.02030506956449
seq3/frame00002.png 0.6458687831446934 0.5382384406054646 -0.3311742157315273 0.4283416099895019 1.485230963502903 9.542803798384268 38.51484552473111
seq7/frame00003.png 0.6217540909845912 0.5486700430388706 -0.36367977683036634 0.4244055302894421 -0.02738998978193329 7.415634702963522 42.10495309101875
seq2/frame00003.png 0.6424207300276477 0.6228995015531182 0.32438962524331094 -0.3066972246860506 -11.998358239666969 2.1448646529571582 75.04717232766077
seq3/frame00003.png 0.6444871683954985 0.5368426587330679 -0.34284154789139343 0.422960899584579 1.4255628412655639 8.93623233061519 38.771821633710076
seq7/frame00004.png 0.6338619249586112 0.5460593967139117 -0.36442382095743375 0.40894189571012 1.258923825188525 7.415141459011001 42.025040410125584
seq2/frame00004.png 0.6343854348387374 0.6083224885626772 0.35500819352841206 -0.3185405037056838 -6.540437345724538 1.6604125172927757 75.25443904508609
seq3/frame00004.png 0.6427898099167065 0.544556500753391 -0.35057897911489544 0.4091135015582153 1.4521344905575386 7.862908095221109 38.20275172828458
seq7/frame00005.png 0.6553717387000538 0.544136112059928 -0.3410859446884361 0.39757282855040627 3.0049701591311027 8.924407140521987 40.9412279697382
seq2/frame00005.png 0.632262056860339 0.6089936137655969 0.35401626128650876 -0.3225584545352602 -5.709910334207123 1.6055646641822998 73.97206143662326
seq3/frame00005.png 0.6308435021839908 0.5568372211891537 -0.35826189650756435 0.40449622787039957 0.4738176699386928 6.308313769311649 36.73066589192927
seq7/frame00006.png 0.6495392261123571 0.5492997954976615 -0.34916614980890337 0.39300321657107806 3.001916262812919 7.850303964053915 40.63291547526201
seq2/frame00006.png 0.6486888322136705 0.6194078385975741 0.3119594049894143 -0.3133976038258698 -10.777756219255279 4.101412356929017 72.18120852409255
seq3/frame00006.png 0.6293205380387573 0.5289192083470922 -0.39374985249554517 0.4112920921970555 -2.1487282079715126 6.429297001016386 35.484531239037125
seq7/frame00007.png 0.6511483999107693 0.5392291713556485 -0.35107921515204743 0.4024686903859324 2.085912892840411 8.447499257817407 39.94782396077753
seq2/frame00007.png 0.6671315483480431 0.6048081339271486 0.2952411581454445 -0.3193356805482904 -11.4266584198113 8.096072121167138 69.14054241165566
seq3/frame00007.png 0.6333012264478269 0.542890897307255 -0.3693828998338988 0.4095794227142058 -0.9288128102316336 6.58551182082009 35.83805741252065
seq7/frame00008.png 0.6657410226390256 0.5537117201975976 -0.33764513410056496 0.3690365633776326 4.792759311190438 7.7917954254154465 38.684877611006264
seq2/frame00008.png 0.6675866617184416 0.6066812646290757 0.2889328330295471 -0.3205989866503201 -11.472957996929601 8.393870592815432 68.28622704378064
seq3/frame00008.png 0.6461564355726523 0.5480570393892745 -0.359058024996862 0.39139836104570025 0.33511629048503977 6.768150760366918 35.386629293526866
seq7/frame00009.png 0.6668288368039286 0.5485377584832735 -0.33224204818379066 0.3795534894366075 4.559162798020173 8.359981318744884 38.02854068605328
seq2/frame00009.png 0.6616808666292786 0.6141643883050082 0.28155781847892025 -0.32512417585909187 -10.231754265382211 7.499029022690607 66.78600802521117
seq3/frame00009.png 0.656727434732659 0.5789424229009682 -0.32677775488800165 0.3560211318803635 3.518916923352084 5.655432360682834 34.78953264769243
seq7/frame00010.png 0.6627733858980819 0.5518282133566684 -0.3203456340532651 0.3919129197051192 4.899992986602082 8.98212649017404 38.294624329349226
seq2/frame00010.png 0.6699635959798673 0.6021228859188031 0.31083607807377855 -0.3032783257706504 -9.165369442926298 6.258316438579784 65.0239755779882
seq3/frame00010.png 0.6530332343956834 0.5850161911169734 -0.32617708711539173 0.3534291424693499 3.3756261427862855 5.225408682983776 34.07295600461823
seq7/frame00011.png 0.6737890228093527 0.5534567525207793 -0.32338204557699823 0.3675840426748785 5.841311861971811 8.181891546135384 37.043262723035596
seq2/frame00011.png 0.66005884335377 0.6135770649316148 0.30227769188410336 -0.31060216626676446 -8.674467629073865 5.4267619190379355 63.80589701458772
seq3/frame00011.png 0.6605971067963899 0.5902620911460714 -0.31610311496423815 0.33953048016048815 3.9394263339679165 5.025550445419737 33.37823770086817
seq7/frame00012.png 0.6600816279441851 0.5420376634698466 -0.34552265251285963 0.3887177799267501 2.8912544688026083 8.03805580264559 36.313026064427234
seq2/frame00012.png 0.6636598039506003 0.620543744776702 0.2983486715452709 -0.2923511512307249 -10.189215200686068 4.409199980884845 61.80539546794397
seq3/frame00012.png 0.6526173196493433 0.5842027307490875 -0.3308581518636978 0.3511846904754748 2.0854241792938346 4.94122681140936 33.311814055585884
seq7/frame00013.png 0.662594979696606 0.5464696439678454 -0.3196670265995284 0.4001897215165921 3.22805193951153 8.956612179129674 36.00836686853796
seq2/frame00013.png 0.652495814631694 0.6122790877621506 0.32174130927654343 -0.30959014920098227 -6.130999110152391 4.021126184270419 60.25822366609212
seq3/frame00013.png 0.6543725330052907 0.5798017812191908 -0.327950329078028 0.357875766434257 1.5492492133459588 5.364580012860739 32.786935889924294
seq7/frame00014.png 0.6605642055028543 0.5470300992854349 -0.3226284584263641 0.4004046437013168 3.194385374751339 8.58318764323887 35.17321185212672
seq2/frame00014.png 0.6647958530854999 0.6181031122315231 0.2896641811595452 -0.3034628124222099 -7.783235679143979 5.363247390376511 58.761018665550566
seq3/frame00014.png 0.6605439083107045 0.5750921256433673 -0.33712138272409464 0.3453982708798751 0.5736304295981945 5.189156229563269 31.812421193042702
seq7/frame00015.png 0.6797705303804026 0.554799899154222 -0.30521371581014467 0.37007254100537645 5.399808440863193 8.301063475676672 33.24829042754453
seq2/frame00015.png 0.6636556864045946 0.613339950612766 0.30435308861244514 -0.3012381654725056 -6.316601084473162 4.902861254101925 57.134795676163044
seq3/frame00015.png 0.6606431133380397 0.5808827183636541 -0.3336943519806922 0.3387831515315651 0.6998908416593134 4.91632527420324 31.45487535027243
seq7/frame00016.png 0.6796459203550302 0.5373112141231775 -0.3296781973479612 0.3750871476279065 3.8159931611204563 8.317084177019623 32.27010156439568
seq2/frame00016.png 0.6679012237542346 0.6108228798988266 0.28640856113087654 -0.31428251750716263 -5.759709197397171 6.449321190899103 55.07908785190759
seq3/frame00016.png 0.6662356650625816 0.5741366724512237 -0.33356482424156864 0.3394578441779592 0.21397299724618085 5.200858998229807 30.545780671387487
seq7/frame00017.png 0.6663116331980801 0.555813091040786 -0.29798379585892043 0.3978772080656337 3.665692597750146 8.374079799992359 31.529280143724286
seq2/frame00017.png 0.6801241084526878 0.6221639631750356 0.2582959683656755 -0.28918228291824527 -9.652032541690533 6.723545306377008 53.198681271339986
seq3/frame00017.png 0.6688482756339134 0.5930420003334181 -0.30503491693929996 0.32847658892212317 1.0059881152846262 5.044939860845482 30.13997306986234
seq7/frame00018.png 0.6745701996017777 0.5436188210594443 -0.32604064830718094 0.3783267355746762 3.2394030396313105 7.982020767705608 31.242384774785666
seq2/frame00018.png 0.6929260850209694 0.6075641741024289 0.26379759642560796 -0.2848333603439351 -8.01906636353521 7.886202303963814 50.96948609875099
seq3/frame00018.png 0.660794805407378 0.6068639244603393 -0.30351417616233956 0.3208512851832102 0.9653766507275021 4.023627525962058 29.59321191810039
seq7/frame00019.png 0.6657831038368554 0.5470184774702884 -0.32397266828539695 0.3905705495240141 1.887184232113393 7.748937932095101 30.461031029097946
seq2/frame00019.png 0.6928585734329631 0.6305775980552075 0.22974229679755398 -0.26369938777621266 -11.353875074019161 7.117733693236493 49.05791506200618
seq3/frame00019.png 0.6756200349950229 0.5918133399965243 -0.3139048523125393 0.3078283330204121 -0.04021114251295468 4.848558273626748 28.841286233276378
seq7/frame00020.png 0.6533889568864608 0.5375500538751022 -0.33795033285454423 0.41220429779564427 -0.15543626009577124 7.649635738938926 30.49195836198627
seq2/frame00020.png 0.7103336796371434 0.6277041437874998 0.20885904418100631 -0.24039856719405436 -13.97491998752222 8.254672819076983 46.799770824547345
seq3/frame00020.png 0.6754339794761771 0.597051198105318 -0.3123780171054673 0.2995643180341024 0.13507108101961354 4.445982436316527 28.387073558736667
seq7/frame00021.png 0.6766602506497872 0.5575115150686528 -0.2913757184258753 0.3826382187762059 2.4501199561664824 7.739456992026591 28.513152848838665
seq2/frame00021.png 0.7218216545647134 0.6144084532180973 0.2081622992378921 -0.2411311029120868 -12.157802528067437 9.267978857767003 44.94582001381457
seq3/frame00021.png 0.6627921954450412 0.6051660981838545 -0.3090309584371397 0.31461145241948 -1.2310441559058865 4.02319864228421 28.426794672759236
seq7/frame00022.png 0.685406459062838 0.5375525978957102 -0.3048561744629267 0.38512063468781377 2.4189153591923356 8.59169586060778 29.47917273150791
seq2/frame00022.png 0.7017615620227742 0.6330106690832633 0.21933836614089341 -0.24231979703020462 -9.925027956131988 6.202649651148774 43.675581245169695
seq3/frame00022.png 0.6576045041815943 0.5999714597389932 -0.3244898282015556 0.31983888908709385 -2.2386432330904906 3.854620848851123 27.346419954894433
seq7/frame00023.png 0.6820366063285388 0.5459938768976543 -0.29862290527616553 0.38411081013496856 2.1923470515260512 8.164929761149182 28.807327738812777
seq2/frame00023.png 0.688728936170351 0.6575515604858515 0.20977132163501566 -0.22197835571013871 -11.022123958859336 3.7738880809992295 42.1854952625041
seq3/frame00023.png 0.6762509845421474 0.5923432677881817 -0.2994717510185446 0.3195789876598314 -2.5290287559405753 4.939932509266871 26.39363134435763
seq7/frame00024.png 0.6577064886554126 0.5260645417898984 -0.3381390510056418 0.41992886878250646 -2.7742005236330014 7.790383027121009 27.828440203822986
seq2/frame00024.png 0.6945788587282399 0.6571189536781438 0.20329301300750557 -0.21077675532906293 -12.01581098701441 3.9766062356557277 40.698631333028544
seq3/frame00024.png 0.6558985534790392 0.6186203311205895 -0.3043620973066501 0.3073592152375684 -2.4459272224451856 3.229545925439276 26.468983846693
seq7/frame00025.png 0.6321435774707533 0.5569223065268677 -0.3531425619062136 0.4068444087431797 -3.048061457852933 5.212113510048257 27.727599901899232
seq2/frame00025.png 0.694544419679159 0.6353180814178687 0.23131324457481794 -0.24591292646042268 -7.20564341384693 5.358199488459382 40.58376111274607
seq3/frame00025.png 0.6612112461302799 0.5990541139976535 -0.31919959615357496 0.3194455733121434 -3.662170091716968 3.8637937013655748 25.37002420046799
seq7/frame00026.png 0.6258232426934041 0.5347745060592813 -0.36672660226578324 0.43344330167203965 -5.7347999392649855 5.776022034788152 26.281909262398067
seq2/frame00026.png 0.6792770601289202 0.6285972538874881 0.22697244002327388 -0.3032023737664355 -4.713430443414322 7.221937280624619 42.41060726861805
seq3/frame00026.png 0.6596919661759961 0.6157853013028192 -0.3195253548320912 0.28899570945201014 -2.991287744151866 3.14701702862767 25.937519348400215
seq7/frame00027.png 0.6261404865752678 0.5617945516501139 -0.3488525889040426 0.4130821274546768 -4.604936154357712 4.819854035944748 26.598053988990433
seq2/frame00027.png 0.6713617785687396 0.6353569614212344 0.21929127003792437 -0.3122598801251103 -4.639610963297582 6.954748758526554 43.157346143345265
seq3/frame00027.png 0.6664097496919111 0.6121841059465521 -0.3187483312621422 0.2820073886613342 -3.193059270139241 3.3773885369231214 25.242396630791774
seq7/frame00028.png 0.6513811677346877 0.5415146677638161 -0.3409903982562278 0.4076640617154004 -4.534638000013695 6.280769510649507 25.79365952126699
seq2/frame00028.png 0.7274244184822776 0.6205551689197688 0.19048504072246075 -0.222442008136142 -8.11017763517536 8.01161690901928 38.5581879955319
seq3/frame00028.png 0.6657280509694004 0.6194835485584531 -0.31026385524799227 0.2770967977883589 -3.477925388683698 3.2588638754279105 24.986109537495352
seq7/frame00029.png 0.6507860181986933 0.5721677814199551 -0.31717818211524074 0.3853564443630446 -3.3317214238366035 5.138220080202717 25.973067474590902
seq2/frame00029.png 0.6955872245644064 0.6373128118499749 0.20756234232981952 -0.2586670967116292 -4.957828446701259 6.013639884673527 39.34869566216251
seq3/frame00029.png 0.6718302715166874 0.5972727808335836 -0.29956845680179445 0.31963737459584235 -4.670558781236381 4.482556411823129 23.924930493969725
seq7/frame00030.png 0.6723105792507803 0.573426972668647 -0.29757322277313747 0.3614279584259631 -2.144256900634776 6.0521666945832635 25.536699848521078
seq2/frame00030.png 0.6875724398318024 0.6723630388110186 0.16078059448522275 -0.2220848586949002 -8.550391999924033 4.069597797762638 37.636966668534754
seq3/frame00030.png 0.6767218091377937 0.6040437539357993 -0.28332394260537364 0.3112977351587478 -4.142018772253858 4.340688314167276 23.21667091354071
seq7/frame00031.png 0.6922218069652183 0.5848594136810839 -0.2677373051897697 0.3272387073684098 -0.8390370248195482 5.9262254412777775 24.980127579938923
seq2/frame00031.png 0.6887368483095542 0.6843882260470976 0.13638825329443316 -0.19660252844768386 -10.249845080192825 3.6608124816258547 36.70540250701158
seq3/frame00031.png 0.6853226785971583 0.6075925094551884 -0.27736844937471794 0.29022562248331407 -4.381680267951503 4.2308355143848955 22.585555304858982
seq7/frame00032.png 0.6638544693244679 0.5675602055113089 -0.3173591926361755 0.3693992413733474 -4.65661493817363 5.358663403476029 24.243869237399643
seq2/frame00032.png 0.709438965180798 0.6650836654999995 0.14421274868364253 -0.1832014074328901 -12.435018939438335 4.53414029771955 37.24132540457827
seq3/frame00032.png 0.6805280234708201 0.6313713599080127 -0.270927175164396 0.2546571831232062 -3.527704305072214 3.2911108374097453 22.790258008060107
seq7/frame00033.png 0.6620351861905797 0.574330127418732 -0.3231810888643396 0.3569429937472458 -5.1152529703140885 4.953656148923114 23.731762837777058
seq2/frame00033.png 0.75804504369774 0.6497687210134744 0.043584524291133464 -0.03561895787527908 -15.243298788124504 4.372724346343707 24.300149351438133
seq3/frame00033.png 0.7030784078929903 0.6073283474392746 -0.24694685208807388 0.2754093008508038 -3.7105196323849055 4.907078992944962 22.347805306422874
seq7/frame00034.png 0.6585026698671347 0.5739075559584355 -0.34207672536809763 0.3463926456394685 -6.072750741498793 4.598640731245494 22.860130960237395
seq2/frame00034.png 0.738631659528845 0.6634463489420102 0.05379488165235091 -0.1066223443992445 -18.582864920505592 3.8621713390617076 23.80685544418869
seq3/frame00034.png 0.7016751003135046 0.6199072331498378 -0.23659127788129175 0.25959900446466105 -3.2440861943781822 4.4448662582183625 22.06363759044942
seq7/frame00035.png 0.6686872064183523 0.582047755745136 -0.3139583505500886 0.33986465559739776 -5.48889687840216 4.7019922566099215 22.829789048684145
seq2/frame00035.png 0.6779202509146104 0.7078312757837705 0.11027132556782782 -0.16504318580209748 -12.000019317563915 1.8350463616622212 34.311219086600815
seq3/frame00035.png 0.6951857668483145 0.6166857834714705 -0.2471333010013369 0.2744822864446482 -4.775353856122259 4.297247275077988 21.756507578854617
seq7/frame00036.png 0.6858763785024469 0.5699942959445641 -0.3215952734393609 0.3182083847174548 -4.8613334056621165 5.455779581994941 22.584174230020917
seq2/frame00036.png 0.6778984443043826 0.7108027920481614 0.09294846409832869 -0.16301433387281564 -12.555109902086834 2.128595793251688 33.01244490064607
seq3/frame00036.png 0.692214321466686 0.6163008401431422 -0.25417522540493565 0.2764191787586791 -5.8351440528319625 4.253721129320305 21.053764072469598
seq7/frame00037.png 0.685143805067278 0.5797418448436693 -0.28624959077437717 0.3354676310714526 -5.611130734239647 5.449130615898393 22.0375807020313
seq2/frame00037.png 0.7057421156364575 0.6872699532013375 0.10560340988151673 -0.13577922324496147 -12.78222782499267 3.0536515826652244 31.769849402612138
seq3/frame00037.png 0.682688126596889 0.6252454862813904 -0.2663605148269641 0.26843449821044346 -7.337098042860994 3.581547181397862 20.63599092240919
seq7/frame00038.png 0.6784279628602207 0.5645113245007385 -0.3105373098524672 0.3530283882485173 -7.1387451966972915 5.427166175859789 20.75578200836799
seq2/frame00038.png 0.7300471495076448 0.647762659238432 0.1391370192723581 -0.1675577114313774 -9.909515428073606 5.851917329927993 32.650541234310566
seq3/frame00038.png 0.6849521231787125 0.6235145571441976 -0.27128241271412157 0.26167926653492135 -7.690211905573906 3.7177004211261364 20.757100650279874
seq7/frame00039.png 0.6768397565870834 0.5692027248155593 -0.31187181145287957 0.3473214292075568 -7.572424338399597 5.177413157311503 20.148392679461708
seq2/frame00039.png 0.7266070048304771 0.6559983719983933 0.13486782460026914 -0.15335927214985196 -10.575782357774552 5.131423771788976 31.93588773989816
seq3/frame00039.png 0.6865011436266203 0.6238651128382188 -0.27558866541274574 0.2521098734256964 -8.86627794901845 3.674517082150187 19.440450748373824
seq7/frame00040.png 0.6724457345207309 0.5628263358559755 -0.3165851599031453 0.3616864475217616 -8.899541288475389 5.161501998451016 19.088794662784128
seq2/frame00040.png 0.7386283537360302 0.6503313882991473 0.10231304796360619 -0.14501476016772175 -10.84662814720297 6.672680031730173 30.34887643140075
seq3/frame00040.png 0.6913365207710425 0.6283993955563185 -0.25500696060473105 0.24927788661608302 -8.489050934833205 3.605966705887994 19.872959219588815
seq7/frame00041.png 0.6822904432291567 0.5607074908334814 -0.3120964478861391 0.3502608571025842 -8.695209940307322 5.428123427649865 18.58355096547532
seq2/frame00041.png 0.7475950939731996 0.6440366356001167 0.09808050403911683 -0.12922307146759177 -10.920400588896959 6.785527390261211 29.060527969833235
seq3/frame00041.png 0.6922302018212848 0.6253457824320179 -0.2715635431261192 0.23667116876742644 -9.542098301797553 3.872799992850727 19.045039141946706
seq7/frame00042.png 0.6728412556636436 0.5625466994697178 -0.31301588637666644 0.36448170114359446 -9.468371027552553 5.0649219319477465 18.10012241227597
seq2/frame00042.png 0.7527600969047922 0.6484297523407662 0.07471797787758594 -0.08548869263864962 -12.11997323187209 6.415152229447194 27.777718524585627
seq3/frame00042.png 0.6970954295311472 0.6247837394752721 -0.2554036508916887 0.24181028953557124 -9.698047312546908 3.933533420370575 18.49099478975214
seq7/frame00043.png 0.6936791605262429 0.5804999473462741 -0.3001714358318719 0.3028632405776781 -7.914972298142327 5.020270878920331 18.69486015509265
seq2/frame00043.png 0.7297274515799659 0.675074702893183 0.07221897532235233 -0.0809716711429256 -11.727877213262097 4.103899338525614 27.49112059707783
seq3/frame00043.png 0.707204736607783 0.6200567022930599 -0.25229551785585236 0.22746014624724858 -10.013948111362083 4.238694399753439 18.15246097032328
seq7/frame00044.png 0.6931318524607802 0.5674186378664559 -0.2873367617296655 0.33917828625189544 -9.283491489594555 5.305302915517577 17.3538708967212
seq2/frame00044.png 0.7471457526819855 0.6633972541926899 0.034002265899077955 -0.022828782109383574 -12.902519166683557 4.349560968052147 24.799716666772458
seq3/frame00044.png 0.6920531886899286 0.6380299813058107 -0.24551533239525103 0.23173767181418356 -10.813349098692921 3.1274713668037983 17.437801977723264
seq7/frame00045.png 0.7202733994713769 0.581078148206335 -0.2556147109575002 0.2796704046429594 -7.450800115598111 5.5716206202390985 17.88096130142173
seq2/frame00045.png 0.7179868475912515 0.6940871398559816 0.011484430809580393 -0.05104935671975192 -8.070992327741012 3.5280182215473914 24.820104499628997
seq3/frame00045.png 0.7152287151370865 0.624203032572491 -0.22753588320614349 0.21690062476686928 -11.366976553423909 4.416290667064568 18.733591087295842
seq7/frame00046.png 0.7326643806264225 0.5704565001663341 -0.25605351932873743 0.2687357103524697 -7.31576444268225 6.241737153543771 17.252510544173496
seq2/frame00046.png 0.7242188562747802 0.6881541281384604 -0.0392229746642998 -0.02031015510842187 -12.004282545955965 4.134544215705793 22.910991188690375
seq3/frame00046.png 0.7145167767214837 0.6299728978593259 -0.21813261068777212 0.21217466366369298 -12.212591282024729 4.001848276913859 17.754647735927755
seq7/frame00047.png 0.7269833782397327 0.576811047956068 -0.24392096488736137 0.28157902195900053 -8.454595936054227 5.844443853306559 16.920106393737793
seq2/frame00047.png 0.738397158377461 0.6725592087893234 -0.046751537139279264 0.01574931579099716 -12.3281235258286 4.362005309050171 21.590555470126613
seq3/frame00047.png 0.7223297915560559 0.6334607512908279 -0.20893869688584565 0.1825151219715478 -11.513689804478714 4.474399859131471 18.237822316877594
seq7/frame00048.png 0.7357684003898366 0.5751528437169723 -0.23418402084512935 0.2701886595193616 -8.16607322259803 6.139100234178364 16.83323141416047
seq2/frame00048.png 0.7646968709446931 0.6391588041941636 -0.060330803352312445 0.05545189586791653 -12.560360012661146 5.5047641795341855 19.945310675320346
seq3/frame00048.png 0.7150322406182202 0.6421728857179898 -0.19947506951374583 0.19118728087297968 -12.086750062157591 4.167841954296559 18.474064063527102
seq7/frame00049.png 0.7267131935285259 0.5833555397882577 -0.2342601540373419 0.2769592547295034 -9.121589303512007 5.573856772864438 16.92215288256347
seq2/frame00049.png 0.736223414271116 0.6659042657640873 -0.09734970850217328 0.07120131579342122 -12.068682089520632 4.289079811109567 18.76408518272937
seq3/frame00049.png 0.7131354960868267 0.6361148248380104 -0.2104938486588317 0.20612625625838168 -12.682527561690325 4.1591297317871705 18.52385668247159
seq7/frame00050.png 0.7351479976293565 0.5835535843544986 -0.22704709031649095 0.259754219498703 -9.82670986536542 5.790507588770849 16.047106552263244
seq2/frame00050.png 0.7470525691153457 0.6593956911777717 -0.06602921861763156 0.05243971513172134 -8.995005387515562 4.408511374665645 19.911567892575903
seq3/frame00050.png 0.7076790531579098 0.6355393781238867 -0.20154712752885928 0.2337922410181598 -13.867531173303373 3.608132020008177 17.497297095857064
seq7/frame00051.png 0.7261629796373674 0.5910420842344969 -0.2301479466836832 0.2653083193290543 -9.853857104036239 5.257169872145754 15.967140241341477
seq2/frame00051.png 0.7366872736707514 0.6578809356182052 -0.12858392393906315 0.08916675314322024 -11.00442763880532 4.580589848998672 18.35589772758945
seq3/frame00051.png 0.7047999442099263 0.6577473057568389 -0.17671580181119362 0.19848689075485815 -14.05593756201226 3.174683388751147 18.237216183907222
seq7/frame00052.png 0.7190886539006524 0.5896740629527033 -0.24269550275901186 0.27621531502208463 -10.718511436586782 4.931030594014782 15.66540565345783
seq2/frame00052.png 0.7134101558422522 0.6468136094356578 -0.1781495884635016 0.2023384005082441 -12.673180355635854 3.3628919587057977 15.763471774381237
seq3/frame00052.png 0.6928402790482356 0.6710992676930464 -0.18456976455956464 0.18849966217647826 -14.188017036722142 2.4452705894113387 16.738913726714785
seq7/frame00053.png 0.7322907404447632 0.5923189467401583 -0.20877565366163187 0.2632893146894645 -10.20970214850232 5.1872293433617855 16.488842815997838
seq2/frame00053.png 0.7185156145810642 0.636747722392716 -0.19017980006273738 0.205229854745798 -10.766733210854769 3.653068659656701 15.838214693939229
seq3/frame00053.png 0.7121168017730546 0.6725311424335271 -0.14871577745464293 0.13592328948944712 -12.566027183478795 3.053108669460381 18.65457490341018
seq7/frame00054.png 0.7547188564453117 0.5844189625622279 -0.19384099686437728 0.226449976502968 -10.104858702251686 6.207004636278045 16.74493418062798
seq2/frame00054.png 0.6875111684127343 0.6528715837782781 -0.21835436305586475 0.2311027056030887 -11.530408253248064 2.7801989511879808 15.4800426723941
seq3/frame00054.png 0.726321238081312 0.6623576660233657 -0.1349165318989971 0.12464874966262725 -12.634625501960585 3.944909234279406 18.265636045148774
seq7/frame00055.png 0.7401927751898393 0.591404217649275 -0.1931334221405001 0.25505918559368257 -11.859692128432743 5.304838509791895 16.170570938802737
seq2/frame00055.png 0.6982633913977979 0.6430506186261343 -0.20565082287263492 0.2379535189275401 -9.471124282467951 3.238647451451656 16.477097780935143
seq3/frame00055.png 0.7392969121547296 0.6416524462368274 -0.14499559901147552 0.14386969863067398 -12.194432600988621 4.666048770547042 18.060904455573795
seq7/frame00056.png 0.7359168813835542 0.5952820075730123 -0.18312058114635665 0.2655796074911787 -12.39745542143695 4.71044991723098 15.416745259686849
seq2/frame00056.png 0.6791654078097457 0.6520970107353794 -0.2401065655282707 0.23633170463317554 -8.091689007359376 2.5139428681543654 17.041386069291924
seq3/frame00056.png 0.7529450810839418 0.6387047365866192 -0.10925028284814353 0.11486661843597158 -12.881029467582058 5.19637430882965 18.869395915336636
seq7/frame00057.png 0.7377604547737827 0.5957855332525281 -0.20647398331939215 0.24107592984619072 -13.755780184020605 5.118756563288237 15.272865023544252
seq2/frame00057.png 0.6919815231886101 0.6297393088654667 -0.24411405651189277 0.25494764530884406 -6.7869094434971915 3.5836978193066877 17.810212810575276
seq3/frame00057.png 0.7627431703196323 0.6237328965514377 -0.12621359976015178 0.115109761210308 -13.645630434402582 6.211962976118094 18.200946256426178
seq7/frame00058.png 0.7432209213948235 0.5989708095929418 -0.20367715364759365 0.21765166743818093 -13.449193126062704 5.433314593420138 15.447415567587386
seq2/frame00058.png 0.6962546756068314 0.6367068621295673 -0.22795941808818976 0.24055831334135935 -3.5650309994827962 3.56023483011846 19.41848428145898
seq3/frame00058.png 0.7528755101006087 0.6346857119805164 -0.11173169502402092 0.1336732644383023 -14.407628194458772 5.430140515000183 18.214321188623497
seq7/frame00059.png 0.7438650309568704 0.605054625473437 -0.19346072410292248 0.20771775114877902 -13.425018054929035 5.399532924828551 15.94085791660605
seq2/frame00059.png 0.6750401864568174 0.6397221456580101 -0.26018337013175385 0.25957838301742153 -3.397757781434517 2.8643590488523665 19.872708461638435
seq3/frame00059.png 0.7609456447487184 0.6215085136980156 -0.11347825313488213 0.14768743753040275 -16.02505809419009 5.4424049620513495 18.200769752193185
seq7/frame00060.png 0.7424174025844156 0.6116846119448885 -0.19562672179262597 0.19075775625203562 -13.704001326778027 5.233734701742375 15.56855668944015
seq2/frame00060.png 0.66592834166912 0.6363445850926596 -0.27930185195982216 0.2712848839815428 -3.4140347989292454 2.7805137039555547 21.36614738411276
seq3/frame00060.png 0.7618478583860546 0.6271902348073533 -0.10207904517220256 0.12569852255142047 -15.802346705449375 5.476246594578926 18.777894286311568
seq7/frame00061.png 0.7442604048277398 0.6054675758029487 -0.1844358024409407 0.2132343762973395 -14.374896154086073 5.402119994890607 15.554453237300697
seq2/frame00061.png 0.6679367417658577 0.6142309276092098 -0.2852361277280385 0.30857937067512065 -2.987022344127268 3.839267088128374 23.29450394355167
seq3/frame00061.png 0.7619389307191764 0.6232757491146597 -0.11663450025730415 0.13180591705157274 -16.908475877102298 5.572632816826536 17.867639474968612
seq7/frame00062.png 0.7441677547936636 0.6060739660263723 -0.19479511553001239 0.2023451590626036 -15.101444657242299 5.269075657088089 14.877242439800911
seq3/frame00062.png 0.7654540498032492 0.6230057726910369 -0.11492555841092877 0.11285398024609417 -17.840846230974456 6.407198592533257 18.608392066111772
seq7/frame00063.png 0.7376081187892473 0.6128383933881872 -0.18743959364414386 0.21267290711346182 -15.634667933695543 4.777513902240864 14.891597027197832
seq3/frame00063.png 0.7737144495726896 0.6198438701185011 -0.09397967027257381 0.0912543082512076 -17.73196552232219 6.696862884585903 19.64379707729278
seq7/frame00064.png 0.7461423394714574 0.6147955474547547 -0.15738163118082082 0.20131832068824052 -15.054943524928646 4.82532699006559 15.598783998483364
seq3/frame00064.png 0.7681867069686409 0.6301283226150237 -0.06978546686648945 0.08920464611934546 -17.755256520000934 5.946661386221224 20.396044156870964
seq7/frame00065.png 0.755908079079565 0.6056434501195156 -0.1769088811838816 0.1746488908291121 -16.681716255606943 6.091166076583392 15.131775122107493
seq3/frame00065.png 0.7661154811058549 0.6371832436060346 -0.04827234257016044 0.06880671929707725 -16.644321555892496 5.839736090352976 21.986174632787527
seq7/frame00066.png 0.7642506032135817 0.6033449157683881 -0.17641077289477136 0.1441359334474999 -15.997632830870234 6.9808919740524855 15.626129859862761
seq3/frame00066.png 0.7594349709943696 0.6465936661060954 -0.03395830739973804 0.06341915436841694 -16.498627578140148 4.024887288501304 23.600609207188615
seq7/frame00067.png 0.7694205905253282 0.6006253629531673 -0.16319022548678042 0.14356210697327018 -16.69211916898136 6.675802979730828 15.362943323568073
seq3/frame00067.png 0.7595576614019215 0.6463635893907375 -0.03850884716060321 0.06167120888978576 -17.206140715588226 5.09442672998889 22.76128743446083
seq7/frame00068.png 0.7744878825080735 0.6088658185152739 -0.12957445606987705 0.11252286534780709 -15.815124147196551 6.92618702694636 17.172317288656792
seq3/frame00068.png 0.7628794197689395 0.6464791533804782 -0.007561647343563682 0.0047451687976466945 -14.762502731453296 5.6964412288161865 24.19207977191975
seq7/frame00069.png 0.7752831214344309 0.6137120082256784 -0.11420312326847581 0.09618367436428912 -15.33548128488333 7.011697309946678 17.88378878756011
seq3/frame00069.png 0.7706840569880444 0.6349996953663066 0.03712954795361634 -0.03798510047251504 -10.475036381329007 6.665099058578791 25.74883333043827
seq7/frame00070.png 0.7780812934620456 0.625390951327591 -0.04880629353209498 0.03306969116366512 -13.325748778240348 6.6828553791780685 20.733483642713818
seq3/frame00070.png 0.769128143478299 0.6352140401788964 0.02690393864535945 -0.06497076384493605 -12.839387950929744 7.084313702717659 26.299327391540142
seq7/frame00071.png 0.7842640753936773 0.6167411990484939 -0.059848688915337234 0.03127759386911229 -13.77242966632947 7.500920776402331 20.20021654880037
seq3/frame00071.png 0.7852495036612641 0.6183596929809811 -0.0023826918275391407 -0.031762082360269187 -15.979434427802584 8.626646538433006 25.606730498823097
seq7/frame00072.png 0.770027197733088 0.6361834535947833 -0.03282545840848916 0.035372551559286446 -14.064258435432942 5.941081271240372 21.537659511876885
seq3/frame00072.png 0.7714189655666622 0.6353224361186572 0.006569523251462206 -0.035142895335535926 -16.335912938339746 7.184605706963806 25.757326495885593
seq7/frame00073.png 0.7723235208823874 0.6347759003717981 -0.02215141562057743 0.009233102675144746 -13.131020427122898 6.506077453027714 22.450018872721618
seq3/frame00073.png 0.7757868955076739 0.6304697967798613 0.003530780321258642 -0.02549630752185082 -17.46808508531846 7.412746064187037 25.631493776280674
seq7/frame00074.png 0.7617709683238418 0.6474555245730654 -0.010876962017156488 0.019698406434303446 -14.640916449144761 5.557940465962234 23.091655570620567
seq3/frame00074.png 0.785575188133067 0.6170429658172862 0.025791293752717714 -0.03826762720192027 -16.8815601304291 8.238317636278987 26.34552998591388
seq7/frame00075.png 0.7756327850634507 0.6304232584326157 -0.029149706852734547 -0.010516299364237305 -14.024475046300132 7.442304576074602 22.8142234256388
seq3/frame00075.png 0.7665041780808437 0.6418197097404975 0.018592251080243982 -0.013897243359831835 -19.248869186181803 5.944172394964515 26.392105572807324
seq7/frame00076.png 0.7534462004723813 0.6571608878878207 -0.01771156781155503 0.012028748475228323 -15.592309886973924 5.479256152647535 24.09779130051466
seq3/frame00076.png 0.7666352150475573 0.6408927506343783 0.028094117831132248 -0.027159708698301328 -18.785335387800142 6.166309691028454 26.90690977718048
seq7/frame00077.png 0.7667225243765323 0.6418094511308802 -0.013181625510221728 0.006591191217421514 -16.19827344763986 6.369273543805258 23.836511852190668
seq3/frame00077.png 0.7854219611600299 0.6177514387594348 0.03240062162024138 -0.02111166873562456 -19.584689226795508 7.343780677498647 26.437691497802387
seq7/frame00078.png 0.7691026142357598 0.6384243835900592 0.02137845496486257 -0.02093888432292598 -14.342798336550334 6.645564309570119 25.523417440390567
seq3/frame00078.png 0.7821340448402585 0.6200698782639137 0.046502033661740216 -0.0402149578753268 -18.663685964386744 7.709635651957027 27.817632512201467
seq7/frame00079.png 0.7881250511592888 0.6153786968693388 -0.01295615634368863 0.00031809960817727776 -17.00618318250701 8.261026038533206 23.910461497058805
seq3/frame00079.png 0.7801930295538302 0.6185102314273168 0.06424620942294024 -0.06794376226061058 -17.450138479983725 8.092458540467575 29.85215004527846
seq7/frame00080.png 0.7677965320796646 0.6392626230658176 0.03309886852195765 -0.027133908307079815 -14.515505129707787 6.31369430477373 26.57114865092896
seq3/frame00080.png 0.7790906912670265 0.6095478498039076 0.10333272937611482 -0.10388195521928922 -14.60098526262609 8.387550039377361 31.402603849549347
seq7/frame00081.png 0.7679826689348008 0.6402920845382433 0.013405694322521922 -0.00699671731475704 -16.475928197361906 6.21308801010507 25.41072147538885
seq3/frame00081.png 0.7807230635024335 0.610145212503275 0.06306135490860854 -0.11923750790669495 -16.73467032196926 10.329432652756061 32.022733861911156
seq7/frame00082.png 0.7662252254322511 0.6413504908906916 0.03698516510585281 -0.014161543265382671 -16.716581817863354 6.071825341661874 26.97167749850024
seq3/frame00082.png 0.7719103476310542 0.6217520809567554 0.06537819744915896 -0.11534494503162221 -17.413391647601795 9.660419335334327 32.171047727078594
seq7/frame00083.png 0.7646883715174528 0.635083614792158 0.0782422795278257 -0.07614881734341986 -13.050057102336048 6.65291275434936 29.052202447042973
seq3/frame00083.png 0.7838563565912812 0.6047070095116146 0.07414629770233172 -0.1200040474984067 -18.078037451819718 11.083084436343377 32.618436976505286
seq7/frame00084.png 0.7555153759136265 0.6393423307133217 0.10990115439165538 -0.09143105150620601 -12.093191310057065 6.0770915483737085 30.44709744201408
seq3/frame00084.png 0.7723599755943144 0.6130370321972397 0.08083668046741621 -0.14529658064028508 -16.64681283207241 10.990414455100874 33.842274739920576
seq7/frame00085.png 0.7733510868204974 0.6211434508427297 0.09355085099545546 -0.08577382040440643 -14.785582296545925 7.781794717215326 29.82785489137386
seq3/frame00085.png 0.7834041870102121 0.6054889069848722 0.06742297580423584 -0.12294391252451367 -20.16156422463655 11.530610774785782 33.00648868333322
seq7/frame00086.png 0.7675270383522556 0.6366026698757818 0.05157352618915112 -0.054584407129319536 -18.46473428161427 7.238739782790522 28.755987151183263
seq3/frame00086.png 0.7681993688066342 0.6084436104318965 0.09295713681056239 -0.17613935791205076 -15.881166705146239 12.1361103972882 35.63797026008208
seq7/frame00087.png 0.7811766126307967 0.6217999270286128 0.04092479628401691 -0.038119701926918916 -20.141745265813412 7.843645870556694 27.37880071765773
seq3/frame00087.png 0.7549837280418471 0.6214178159767977 0.10727029823383882 -0.17981254543408215 -16.095040444519597 10.991660735417396 37.52249097078454
seq7/frame00088.png 0.7901811690832679 0.612002609981181 0.013503214594333679 -0.029735308944793332 -21.483678962305476 8.711722670562416 27.063750989166664
seq3/frame00088.png 0.7424644450081842 0.6198677089722763 0.14180092092570185 -0.21072035994837487 -12.99714111965988 10.164845895875192 39.4729715142165
seq7/frame00089.png 0.7806400832657189 0.6188539277306696 0.04502907596392369 -0.07478809296304996 -19.011465494701394 9.253253844154266 29.143799557119404
seq3/frame00089.png 0.7291068208085009 0.6233791100410473 0.16143668066075822 -0.23181873770726347 -11.539438553432264 9.295210368636303 40.06073727514222
seq7/frame00090.png 0.7964715776191309 0.6042206526340823 -0.010191631235053844 -0.021131957507644572 -23.98186694709629 9.592232187626102 25.09741962476478
seq3/frame00090.png 0.7162869945228043 0.6362256831257508 0.1796001856824928 -0.2233687420197214 -11.320103410373527 7.448822282938305 41.244132444193625
seq7/frame00091.png 0.8021144947018175 0.5959060575002557 0.027358027507604188 -0.027565310711895982 -23.750015699436773 9.189354548100987 27.00879151648914
seq3/frame00091.png 0.7340905823388499 0.6108652882530011 0.18491362845745285 -0.23186540608655867 -10.943297866778636 9.651169113043352 41.996228643856035
seq7/frame00092.png 0.7984555285364515 0.5979921154623594 0.049787224072228686 -0.04894314164016386 -21.866558618903916 9.48892100302427 28.65442112179563
seq3/frame00092.png 0.7215507616933956 0.6215536582799426 0.1849978788101625 -0.2425104802152711 -11.20377848254444 9.059264914744933 42.7278104649983
seq7/frame00093.png 0.7786385142144224 0.6127490686733489 0.07880054672205616 -0.10977757903235887 -19.7873044594522 9.84804382805899 31.568915476116928
seq3/frame00093.png 0.7221654127579811 0.6204088690555442 0.19535932018114766 -0.2353820040522954 -11.261887350870827 8.271110646677192 43.464166326236
seq7/frame00094.png 0.7732191773482093 0.6272511766245299 0.05135882230693711 -0.0777839094886939 -22.54392820194229 8.657854536331469 29.659853845097537
seq3/frame00094.png 0.7058440610750465 0.6409589201627817 0.18764869088216218 -0.23610123447169315 -12.476211642407396 6.8148313465305925 44.13981688466262
seq7/frame00095.png 0.7664477283958298 0.6335871522746324 0.054059880665380367 -0.09056892078322938 -22.842412563857774 8.433781873849194 29.868047509594483
seq3/frame00095.png 0.6848006672153913 0.6661180002632311 0.19235947359883898 -0.22434947921367285 -13.923219132732376 4.165784753325389 45.32858290822644
seq7/frame00096.png 0.7706435216130467 0.630573493673049 0.046405568721086476 -0.07957483813668031 -24.714804691276466 8.594887826283207 28.90833184475994
seq3/frame00096.png 0.7073849817596775 0.6452844615128523 0.18025640373216667 -0.22521563050657648 -14.80331967719733 7.122372861548436 45.592036115041324
seq7/frame00097.png 0.7521603514718863 0.6368788771559912 0.10506559967727513 -0.13266997124695204 -19.741082906482667 7.432215889372599 32.43752173451942
seq3/frame00097.png 0.7030215300134257 0.6486568285333334 0.2023045552996332 -0.2099474077946124 -15.080389803939234 5.51918545759863 46.50773959085356
seq7/frame00098.png 0.7474358511903164 0.6337190261805972 0.1025559823493869 -0.17094477089538299 -18.346505573367065 8.889197832534942 32.71205839822508
seq3/frame00098.png 0.6925616844590621 0.6611986255600938 0.17960380138198517 -0.2256483221870033 -15.845870944409755 5.7160737173717315 46.92735611583394
seq7/frame00099.png 0.7226504660292535 0.6357134987146179 0.15272836728228378 -0.22431829467747386 -13.525143520448312 7.987913833242204 35.02276086720454
seq3/frame00099.png 0.7145118450570038 0.6589008511549997 0.1505876677615876 -0.18068161483277292 -22.253677116528205 6.516618759805971 45.25504996702958
seq7/frame00100.png 0.7134952075731764 0.6509046430546728 0.12977403235619556 -0.22451377451281662 -15.056723439278278 7.706534256893119 34.5330643016029
seq3/frame00100.png 0.7089732432256346 0.6631894781853626 0.16392685102791438 -0.17511323172856855 -22.356150355487802 5.307493693698199 45.569798642626125
seq7/frame00101.png 0.7161102009966107 0.644297795892714 0.14480498814354714 -0.22604876828934842 -15.034546711352862 7.534852505618098 35.054251987352906
seq3/frame00101.png 0.7137498354717156 0.6514914523163932 0.18676878038287426 -0.1767412871885615 -20.91342365197039 5.234670720125832 47.1011745446844
seq7/frame00102.png 0.7286226580255093 0.632677892906062 0.15974004281151533 -0.20811252908549907 -15.697986692567252 7.348831205592012 34.55738389343796
seq3/frame00102.png 0.7094479803258451 0.6670374455620364 0.1566978663666122 -0.16489508211527593 -24.528860951841327 4.578795130953444 45.97811235259241
seq7/frame00103.png 0.7081742910116215 0.6462036760370964 0.17978552512293888 -0.22042492504841477 -15.003634973332801 5.90968709910723 35.531126352584046
seq3/frame00103.png 0.7182796424821698 0.6652309551330651 0.137373302631557 -0.15056794895506315 -26.84022093574735 5.512959111804661 45.96674665022371
seq3/frame00104.png 0.706277556164595 0.6636642203153849 0.17312430949009805 -0.17535617980247095 -23.64674119793926 4.336836513191582 48.25853146523973
seq3/frame00105.png 0.7108364481638101 0.6313125921759976 0.18436926450569147 -0.2493269524690659 -17.32283139837907 9.396751452008345 51.14289454632615
seq3/frame00106.png 0.6843869871925817 0.6440296511108594 0.23174535432180066 -0.25126549902791834 -13.579770234074394 5.117668759744805 53.54581208662333
seq3/frame00107.png 0.7002467694466086 0.6316007364231727 0.20721497640307585 -0.2603784268782022 -15.325648153943513 8.396059761041636 53.01846799627589
seq3/frame00108.png 0.6890146785455665 0.6566269677344966 0.1839301242637451 -0.24549848753276027 -19.647748417439228 6.57496767385468 53.27964822125251
seq3/frame00109.png 0.7010959517471825 0.6388834679194901 0.1999621498930264 -0.24557589350959663 -18.22599962990997 7.626045953437153 54.057956378046065
seq3/frame00110.png 0.6892980163949028 0.6580095436898019 0.21726981600234796 -0.2113894795430846 -20.358035054513966 3.5330534406256913 54.25165797271155
seq3/frame00111.png 0.7037582794065399 0.6595216840325968 0.1781249024441055 -0.19500500400459356 -26.000833121682263 5.668391541033264 52.84334509378302
seq3/frame00112.png 0.7030962120811148 0.6552987049693072 0.1964518964043338 -0.1940257102084109 -25.40349997391992 4.954947358313165 53.76644309656668
seq3/frame00113.png 0.6875691543481606 0.654605106008636 0.20752607522314193 -0.2359528369798858 -20.74825577878752 5.404995543725599 56.971266013603405
seq3/frame00114.png 0.6883953229163179 0.6513033345148138 0.21615841389181567 -0.23492846983836804 -20.422032877014235 5.321703968959 57.47534401361574
seq3/frame00115.png 0.6753755104645264 0.6331410347874794 0.24446311863189019 -0.2885101966340019 -13.47369365054918 7.108821393772239 61.24875569174836
seq3/frame00116.png 0.6782457052498132 0.6400100916278857 0.2418937470317225 -0.2680620470555309 -15.950363684159322 5.9725580517144845 60.85668127013757
seq3/frame00117.png 0.6932732745775629 0.6485887313847222 0.2270163221206133 -0.21718290394984888 -22.85675163134119 4.3301904735704655 58.69319845397589
seq3/frame00118.png 0.688424172585781 0.6529629026874723 0.2052527046400121 -0.2399644422648764 -23.1559699756404 6.383962952658035 59.52065538891194
seq3/frame00119.png 0.6917982849358489 0.6574034316571482 0.20960458668862592 -0.21284214395723838 -26.246667838864848 4.1623203508937285 58.60515134299986
seq3/frame00120.png 0.6872722144781751 0.6549841869083108 0.22469384700088668 -0.2194659272558416 -24.534745011438694 3.7582614310382882 60.277389065444495
seq3/frame00121.png 0.6835105790942745 0.6548548413547811 0.23165728453070478 -0.22430632524356922 -24.255664327428104 3.475033870955576 61.21604314209485
seq3/frame00122.png 0.6705746232165808 0.6489105746919458 0.260097881492405 -0.24818104841843147 -18.99636062192383 2.5129926211205325 64.48195709790569
seq3/frame00123.png 0.6827106888952743 0.6509689957859688 0.23254127423153892 -0.23679112646448366 -22.813473063278945 4.3028181797853655 62.624176345020125
seq3/frame00124.png 0.670962765157287 0.6634411815767153 0.2386993366875526 -0.22951556161947234 -23.907894704122366 1.5483415846115345 64.48417353480906
seq3/frame00125.png 0.6696241077090902 0.6676745884087447 0.21867221268246373 -0.24082496085035207 -25.381618040844025 3.2778969990303857 64.44843716537697
seq3/frame00126.png 0.6766351065976794 0.6685093979933732 0.2055442082740072 -0.23024268882875867 -27.538895071307245 3.7781141750913627 62.802249939018964
seq3/frame00127.png 0.6930006716347096 0.6728662340761711 0.1801992722749035 -0.1858206727616385 -33.46131456906407 4.013848778463797 58.966786779605975
seq3/frame00128.png 0.6761846455501921 0.6596513331206749 0.23594899241393796 -0.22795288287960835 -26.440883568222766 2.6717071051378207 65.4941868822421
seq3/frame00129.png 0.685353067807444 0.6397216023348513 0.26581828054459467 -0.22447290634143438 -24.582449140543634 2.616382408173131 67.82930581434621
seq3/frame00130.png 0.6618880474843077 0.6368543325568691 0.2868651798257319 -0.2720829658477464 -16.747945519398566 2.6431844840203698 71.02830234588828
seq3/frame00131.png 0.6453384113180058 0.6453784458214922 0.2863769673259825 -0.2915702816333657 -14.897443251023526 1.744803009437071 72.16819772681485
seq3/frame00132.png 0.6369855567228219 0.6458047358477271 0.2885696442869121 -0.3064526131056619 -13.052657811314079 1.788827434058984 73.81878007360012
seq3/frame00133.png 0.6603755259235653 0.6465555164180363 0.2610587238196852 -0.2787803286966614 -19.560445968975003 3.919901920514187 71.99988261189557
seq3/frame00134.png 0.6059413001312358 0.6702756276112856 0.29532857300846804 -0.31039774127777886 -13.001420409263678 -3.3338446875549015 75.18862746928018
seq3/frame00135.png 0.6374781353952156 0.6754818091030107 0.2511286377712827 -0.2725442344925008 -22.3374966976133 -0.11758796375370074 72.17335420423072
seq3/frame00136.png 0.6182814125547629 0.6662063655885395 0.2931352906938469 -0.2965954731421754 -15.802385676892538 -1.8839869087801517 75.91679236967647
seq3/frame00137.png 0.6504515849540298 0.6576055771977669 0.25466113378786037 -0.2821619170034534 -21.313668285920635 3.2810177682533723 74.4359837617236
seq3/frame00138.png 0.6487494718535997 0.661250295642242 0.250472174246019 -0.28131096532342065 -22.33065134169571 2.704828729071882 74.7792646575551
seq3/frame00139.png 0.6567146559664071 0.6674344585146389 0.2401443382172651 -0.2561011539380224 -26.66446730912656 1.7523651060250396 74.04204923578375
seq3/frame00140.png 0.6301326340298843 0.6583623800233733 0.2785815112087294 -0.30312403684495265 -17.28030700356087 0.6991349031640394 78.195117653205
seq3/frame00141.png 0.6259346118098706 0.6366391848505326 0.319993525099009 -0.31701822336576513 -10.881011855141596 0.44709514267115213 80.92139943340747
seq3/frame00142.png 0.6371455188044962 0.6295198979688684 0.3234123179790499 -0.3052126447381118 -12.616466069660614 1.3449682266475378 80.88462184439707
seq3/frame00143.png 0.6555162973604803 0.6416199015524756 0.2823784903794735 -0.28086415577215884 -20.898609701860334 2.812539612147589 78.93461020834836
seq3/frame00144.png 0.6503123093951408 0.634645322172195 0.29935142868228815 -0.29104628058091075 -17.599367400274044 2.5094812346629785 80.51719006110969
seq3/frame00145.png 0.6747926385374331 0.6504928138552144 0.25808369523173025 -0.23432200142955034 -30.247067884075776 1.8303314171395944 76.41136044808147
seq3/frame00146.png 0.6627045667922721 0.6610360371588138 0.2524984364820606 -0.24515006486671154 -29.70178573231668 1.014298926555064 77.29706728238223
seq3/frame00147.png 0.6741192757742744 0.679876995315391 0.1767481070977862 -0.22823360819089036 -41.03913639142526 5.357949900284115 71.4782641574935
seq3/frame00148.png 0.6711617854608226 0.6699925397218636 0.19782310776397616 -0.248027967150258 -38.14172508617832 5.913098164463759 75.96241538058864
seq3/frame00149.png 0.6782023088678532 0.6600803027361193 0.21074692318468524 -0.24478839137976738 -36.3684645547337 5.931357527885663 76.77150252388296
seq3/frame00150.png 0.6778779040285121 0.6514599704904253 0.24033519231560885 -0.24149627204813076 -34.190275779580446 4.242052145786567 80.19147989969473
seq3/frame00151.png 0.7041685166356138 0.6679279719341206 0.14432473572432847 -0.19284526218000578 -46.87903379629096 8.211164157585682 63.92274181333463
seq3/frame00152.png 0.6996269392360938 0.6782116694297451 0.11399099713354388 -0.19379661998330744 -49.85659976981239 9.351640818526775 61.99980553249811
seq3/frame00153.png 0.6867595840385499 0.6788002017685248 0.1285341912463447 -0.22598787907951284 -46.122620214222984 9.97710855985623 66.23333191044725
seq3/frame00154.png 0.6874415748138293 0.6883194278922169 0.15197733143795822 -0.17476652177293867 -48.541789826433416 2.8150176887852902 64.77464196880729
seq3/frame00155.png 0.6680625035499825 0.6947537494089286 0.14132798645270028 -0.2259117510843348 -46.792328547449934 6.616735389521379 69.96166226916229
seq3/frame00156.png 0.6794735489400942 0.6867757262139543 0.17255861618831347 -0.19203729365210176 -47.114478271132725 2.405428436915234 71.96048003561285
seq3/frame00157.png 0.6786899981408753 0.6793223464370997 0.19472909233386548 -0.1999540363522605 -43.871496896594365 1.6527711802951415 74.09256204561474
seq3/frame00158.png 0.6958653237588974 0.673893044531129 0.15744303205860166 -0.19196694345299267 -47.607360306051206 5.68369131612232 67.84284203352121
seq3/frame00159.png 0.6981685933646414 0.6381315267185839 0.22868258659640117 -0.23033246500358215 -36.20209020956175 6.7730983455877425 77.56355095617177
seq3/frame00160.png 0.6794718346406122 0.6413092534806857 0.24501435904631774 -0.25885986786539195 -34.711905122083124 6.664012504846368 89.28481489937478
seq3/frame00161.png 0.656450405865788 0.6212104015432043 0.2990670752813258 -0.30615255369806477 -20.44755339871347 5.930343761553275 94.19161447778755
seq3/frame00162.png 0.660564691037548 0.6105376950849832 0.308340523673189 -0.30955473392556704 -18.461062033857594 7.05735877429038 95.05529354792846
seq3/frame00163.png 0.6643085857129027 0.6319614744063945 0.26899428023732497 -0.2948912935537813 -27.689875644378564 7.2691813509330325 93.35341601413508
seq3/frame00164.png 0.6866911847215917 0.6536711680527529 0.19130995597512135 -0.2541057292290029 -42.22358559982032 10.811845436152199 83.21373344244198
seq3/frame00165.png 0.668695852967848 0.6214796197132441 0.2559061821983123 -0.31799522703551436 -27.176377427001974 12.377574639449378 95.58741292333474
seq3/frame00166.png 0.6699878746030299 0.6165044646955066 0.2677856728375214 -0.31516555382588524 -25.988186683478506 11.747404661707613 95.49326297353964
seq3/frame00167.png 0.6367314171197277 0.6079590728536908 0.31610229889853925 -0.3536074162381829 -12.898871365811784 8.069500709584018 101.00283230057556
seq3/frame00168.png 0.6417331957062905 0.5965243377762407 0.2837523652870326 -0.38964318955067495 -11.525286530672673 15.565747296017774 98.92135684119559
seq3/frame00169.png 0.5983485124707437 0.5949398415691317 0.35297764201866977 -0.40426776618064014 1.4369166717980353 5.863815985751494 100.56215967495523
seq3/frame00170.png 0.6154043690794304 0.6220922466088015 0.30531459172560127 -0.3755818143981306 -11.18842007595547 6.46496427096327 100.43726789894438
seq3/frame00171.png 0.6347325052024209 0.6384780456407471 0.22740980487965234 -0.37114042183360835 -22.267826943874905 13.68965978321713 96.25902620469935
seq3/frame00172.png 0.6126742466689846 0.6526237593010973 0.2566722110884968 -0.3644610710614197 -19.878694430036266 6.2453870302612104 97.21081401100858
seq3/frame00173.png 0.5766308131316648 0.6174223632393201 0.3219135619689504 -0.4273852937801571 -0.38443464955203344 4.617682444161286 102.42439767131796
seq3/frame00174.png 0.5947563247399891 0.6013787932263608 0.3471871338010172 -0.4050550028853132 -0.7199159917044182 5.208321132925298 102.17073274790508
seq3/frame00175.png 0.6020508929526129 0.58787009572624 0.3385796796257763 -0.4210787021333299 0.7757230710896129 9.522204566824383 102.40889395484358
seq3/frame00176.png 0.603950783920597 0.6086448334994926 0.35139627260965767 -0.37591964148220625 -6.452988205787064 2.6074334391858764 102.7952615100931
seq3/frame00177.png 0.5998637605373109 0.6002316953229491 0.34334728797560554 -0.40248977696777727 -3.415029827639786 5.928458806263918 103.39120762045202
seq3/frame00178.png 0.6133925671305661 0.6076313226755072 0.3196697336753568 -0.3903139706243094 -9.558411355430492 7.8489416979994875 103.69568272513007
seq3/frame00179.png 0.6659055132349537 0.6478297883196974 0.18686836941826945 -0.3193221340901791 -38.6822790494856 16.06182114724927 90.13593552283292
