seq5/frame00001.png 0.9957225038055811 -0.06983833165271791 -0.0557941273158552 -0.023373450840025657 -4.089773697120094 1.7730262826017267 11.371966124876163
seq13/frame00001.png 0.9784075539536295 -0.15114234163567425 -0.1381492045247904 0.028097121214249506 -8.203861583555586 4.326566796187523 12.9111265359611
seq3/frame00001.png 0.9520978373907946 -0.09583029459298568 0.29038963798677486 0.0003475973292228215 -12.674745169534726 5.302464800798893 26.734928102458415
seq5/frame00002.png 0.9953251517741193 -0.06846753424913125 -0.06494196428682297 -0.020556757386303057 -3.963474733911329 1.621157822981978 11.686544541541114
seq13/frame00002.png 0.978246310401824 -0.15306445325343784 -0.13767976187776365 0.02548945869817677 -8.005522437071829 4.352626351667272 12.84651485468797
seq3/frame00002.png 0.9495110722616246 -0.10471192923426352 0.2957136046480583 -0.004195182316719634 -12.808860253793883 5.838919481584705 26.782400666017242
seq5/frame00003.png 0.9954039756753714 -0.06659135597608451 -0.06861588139584973 -0.005327038502017016 -3.597851122575552 1.2649457037562235 11.845521727204671
seq13/frame00003.png 0.9768746367684037 -0.15863059660359802 -0.1423313704413639 0.017148144158152318 -8.160031907716625 4.609503924457331 12.379130539400732
seq3/frame00003.png 0.9519058949885522 -0.11063227740977338 0.2855475322472295 -0.00991327941132703 -13.114136963588567 6.294929376227524 26.17808988147732
seq5/frame00004.png 0.9875875248717805 -0.08600259238865934 -0.1300792041733374 -0.018810514657819244 -4.293920802376878 1.431824144758631 11.174443152348962
seq13/frame00004.png 0.9716514098080196 -0.19390273442402334 -0.13401663814894815 0.018297762164499725 -8.445372150268621 5.3794020059199195 11.82375295273995
seq3/frame00004.png 0.9420882943466548 -0.1526896564387651 0.29751570071113886 -0.025296685592834996 -12.418373957349463 8.87841847345326 25.6710785751952
seq5/frame00005.png 0.9948959628590154 -0.0832077916989688 -0.05284089860160135 -0.02159458085697811 -3.57122614121587 1.4931423598354194 10.181978608402781
seq13/frame00005.png 0.9720677867673732 -0.1815478069908469 -0.14267078447191195 0.04206731467735144 -9.046534947553944 4.6226581293006985 11.799731481509264
seq3/frame00005.png 0.9288425368492657 -0.2161052723364415 0.29415307667445056 -0.06343516761835023 -11.585342885280713 13.003702079828706 24.079149932316533
seq5/frame00006.png 0.9939983095606691 -0.06715877970907291 -0.08078123621105937 -0.030519678483448512 -3.6292801393393015 1.4512767405613096 9.676708081545069
seq13/frame00006.png 0.9699847945620357 -0.1988247066717246 -0.13631873949209372 0.03186590024830623 -8.432794563337627 5.115862811533378 11.15872671584173
seq3/frame00006.png 0.9139965090195734 -0.27770785973624096 0.28362429443998627 -0.08394037016935987 -12.386557936656988 15.99757527894583 22.12896924330899
seq5/frame00007.png 0.994443662562089 -0.10042391378147279 -0.0278100033837948 -0.014948018019204421 -3.7331112178683523 2.2059559373226896 12.717578443717153
seq13/frame00007.png 0.9757400505973166 -0.21140339064976757 -0.05152564002114324 0.02418818931916161 -7.229841320740752 5.399065492447263 11.684736100868653
seq3/frame00007.png 0.9005835641053451 -0.3087421023644777 0.2876646404039863 -0.1042910012998297 -12.462282706018222 17.531427009084883 20.744269095060268
seq5/frame00008.png 0.9912301092599484 -0.09729315925754028 -0.0885990697921275 0.012129158675177464 -4.3061119374113765 1.0740184897414569 8.519465424314811
seq13/frame00008.png 0.976390710791103 -0.20566902335766044 -0.05950154282156095 0.028653082099566376 -8.017582110880875 5.081176745900008 11.102897928711833
seq3/frame00008.png 0.8970207546426936 -0.32704440663825357 0.28386066541189936 -0.08842423004357136 -12.275565157767582 17.487267889041448 20.320038767450317
seq5/frame00009.png 0.9907468651098614 -0.11891652256484057 0.05294168352663031 -0.03842769940333504 -6.180600729013078 3.0553268369759996 12.040709175955417
seq13/frame00009.png 0.9686251926305209 -0.23116373514501376 -0.08612190812062948 0.030192394687296852 -8.896861774033704 5.708376234619878 10.553672210186006
seq3/frame00009.png 0.908595266818395 -0.30864978456074915 0.26627985103841345 -0.09102193437173572 -13.037356824183828 16.589407098976093 20.22196340258999
seq5/frame00010.png 0.993047907518257 -0.11562089843479953 -0.022059903594899954 -0.0010108769090721417 -5.41785691501405 2.897730056294669 12.615101432268995
seq3/frame00010.png 0.9513596962194601 -0.2301166364993904 0.20221577067584262 -0.03270847146228815 -17.0541622664924 11.51540916789598 21.951113430389444
seq13/frame00010.png 0.9415992627718177 -0.31365691528000833 -0.11343046514823252 0.046300080138742 -8.738263045874678 6.814020737286633 8.819223297564355
seq5/frame00011.png 0.9934806242981981 -0.10923030809895852 -0.03125996228406824 0.009370362568678807 -4.967560777830366 2.847595382436098 13.426043919419058
seq3/frame00011.png 0.9776758389690337 -0.13717971960425734 0.15748664246847577 -0.02301381909853956 -18.955235011773603 6.8315519306695425 19.96455453656762
seq13/frame00011.png 0.9335497193301486 -0.3546821156507745 -0.005456001629552065 0.05153397347681311 -8.446051390711135 7.419991968010001 9.028875772005394
seq5/frame00012.png 0.9926094828972394 -0.12057205780343112 -0.01370079708210481 0.0010399513624015837 -4.660095904215003 2.6191687543640145 11.373991678744874
seq3/frame00012.png 0.9935996755595567 -0.08717624203398522 0.07182275311632602 0.0012164240902947643 -16.906584068605277 3.435114480355822 16.312535686824152
seq13/frame00012.png 0.9167534823147347 -0.39508993810716353 0.03851978140795109 0.04453335727933567 -9.175451269481252 8.04475755528184 8.867314314765618
seq5/frame00013.png 0.9900617265209984 -0.1297696571126436 -0.05130033844074611 0.017489684016327542 -4.897245174261234 2.1591696416834467 10.309322252413889
seq3/frame00013.png 0.9831446882863367 -0.07112583426716597 0.16834011587550612 0.005407677984347395 -19.77411121275947 3.373372236199839 22.72967336162521
seq13/frame00013.png 0.9059748005361149 -0.41791816910458046 -0.031487112706709786 0.05968774128091021 -7.190802773977 6.221477768925498 6.444387581010473
seq5/frame00014.png 0.9866857217505213 -0.14454739661069865 -0.07412763682179191 0.00790127115969758 -4.825547966919214 2.6832238539522906 10.208725999201707
seq3/frame00014.png 0.9429290709164583 -0.030247581047488335 0.3316091227493896 -0.0022892729806827535 -8.82616183009648 2.615794242297856 27.396442157280838
seq13/frame00014.png 0.9140092038954724 -0.39432512941667736 0.08952237539109964 0.03287266051326846 -7.708889599472336 8.872119285608857 10.07093515907167
seq5/frame00015.png 0.9814280077643915 -0.1497342202889022 -0.11732274313872126 0.02478109748371462 -4.7354780467410915 2.625120741795743 8.616476128499135
seq3/frame00015.png 0.9260727861477884 -0.05465654096304549 0.373211574272428 0.010722784877199699 -7.781535939934445 3.180742128937593 27.425256903559713
seq13/frame00015.png 0.9260904957002726 -0.37420538465853653 0.02201910509816407 0.042917162963747854 -10.13802557394945 8.043164108935985 9.319559556890493
seq5/frame00016.png 0.9823746022103931 -0.16020725359707455 -0.09489468569720327 0.016394372610242968 -4.601077711688384 3.093897874353853 9.408854387934376
seq3/frame00016.png 0.9288790963056374 -0.07908314386238392 0.36171038419067747 -0.009750834420538021 -7.326246809638232 4.726273476267151 25.91300579503412
seq13/frame00016.png 0.9511071756261907 -0.30709599653980885 -0.008732610734739965 0.031795139429589316 -10.09576421565272 6.650752815991232 9.464085071225014
seq5/frame00017.png 0.9812354263473299 -0.15346196474193657 -0.11385344786674156 0.02576540058629707 -4.785469019903829 2.6938340947927366 8.691898845950325
seq3/frame00017.png 0.9250696372567274 -0.11294750623780388 0.3625502442223453 -0.006807897963771017 -7.684453428869353 6.301026127074437 26.640441078042585
seq13/frame00017.png 0.9802564053317144 -0.19198964074595093 0.043032761070975645 -0.0196351502921313 -9.74869708139 6.170255501940745 13.366284614307167
seq5/frame00018.png 0.9661945475596774 -0.12940099285298146 -0.22049587589862318 0.03324226265332369 -5.077252955585113 2.5341786221351077 8.064116751283857
seq13/frame00018.png 0.9868610552398582 -0.10785058439166514 0.11366804225882088 -0.03940920281223435 -11.176325280301903 4.14857678646281 14.953904276309753
seq3/frame00018.png 0.9413677921810768 -0.16676470479585445 0.29328496252052605 0.0003792595555368096 -11.06896627445665 8.04331201366183 24.835153203712913
seq5/frame00019.png 0.9333923506559085 -0.16828782750043048 -0.31328633964871777 0.04805825882957964 -5.86401772631065 2.9985683148292672 7.780320464136742
seq13/frame00019.png 0.987332227098941 -0.09342125857630686 0.1260797163149685 -0.02348290680051473 -9.69121724073619 3.115071039317453 14.707448017787339
seq3/frame00019.png 0.9591411317668965 -0.19984574018367784 0.19967216956047273 -0.015523987450683735 -15.407763135881664 9.394365106836453 21.839420361412966
seq5/frame00020.png 0.9384018371617173 -0.15443900265035185 -0.30806502389228685 0.025426905555402137 -7.159943638230592 3.3534941810373997 8.801833976653464
seq13/frame00020.png 0.9855936178473833 -0.06347379460134828 0.15059695074671597 -0.043552913601771916 -8.476067016768347 2.698381261677095 15.130480650212643
seq3/frame00020.png 0.9436413827536927 -0.2904354020962484 0.15419912733264396 -0.03756124457124087 -16.984941933146533 12.987921383338406 17.678017558814116
seq5/frame00021.png 0.9458705751324383 -0.13245348869740073 -0.29623206781218214 0.005611633473068017 -7.62847715009237 3.1121081849261913 8.868752015871737
seq13/frame00021.png 0.9727883800571638 -0.037921983313047476 0.22850009651790348 -0.005691809788830037 -5.725974145383641 1.3658126252782241 15.790880617826259
seq3/frame00021.png 0.9400161649353115 -0.320631371262554 0.11215450706059338 -0.03140859704920528 -17.184179613275294 12.981131132120343 15.592050326188836
seq5/frame00022.png 0.9373775728464118 -0.11749124357876403 -0.3276362947797351 0.013173911715664796 -6.459421995486269 2.576557351401053 8.80614443263975
seq13/frame00022.png 0.9721091565965361 -0.0862792585421631 0.21552577708901466 -0.03329138952885947 -7.3597736205373065 3.642943138516694 16.471478522755678
seq3/frame00022.png 0.938332345278293 -0.31002724886511457 0.14887093980097765 -0.03539714746190735 -16.866240101537382 12.906975876761761 16.22307155167341
seq5/frame00023.png 0.9184642850426823 -0.15185953537535313 -0.3640235946799978 0.029135221517423957 -6.406966965998524 3.5069578801733843 10.032886941265456
seq13/frame00023.png 0.9699060846232437 -0.10813100706649413 0.2160555691984205 -0.030163941054541548 -11.305320866764042 4.460202496140264 17.2635785016424
seq3/frame00023.png 0.9425189246771327 -0.31572596027535565 0.10483170141156695 -0.0313928178541237 -16.847354256306584 11.841893690106925 13.631974453729827
seq13/frame00024.png 0.9847577390482785 -0.16829836787863037 0.037138567762194596 -0.023421817574310513 -15.479428272161377 5.247229603241267 12.093367354577715
seq3/frame00024.png 0.9477018595805177 -0.2957452470191024 0.1173084058488999 -0.025192699943213444 -15.604020890424176 12.174751282321438 15.582869476426454
seq5/frame00024.png 0.9148889833615799 -0.21262015235549026 -0.3367220751174187 0.06625000426084872 -7.266694919813629 4.1309257982101775 8.07601156649061
seq3/frame00025.png 0.976988889833045 -0.21196510759960746 0.0098575034560765 0.021594719926285675 -15.53804424404866 6.336919090837984 14.177727847667324
seq13/frame00025.png 0.9835655992540175 -0.17846902410307444 -0.02705103674678122 0.003969988753955476 -15.78605627680473 4.170231400246668 9.760537461098357
seq5/frame00025.png 0.8901174682627255 -0.2451514459922969 -0.374568551726267 0.08538185567864402 -6.39433216023604 3.676593763516035 5.214171411554872
seq3/frame00026.png 0.9893956755779383 -0.13638746794634524 0.04760153643054732 -0.015124465752914443 -15.192541866024042 5.0876103535919945 15.877219983810852
seq13/frame00026.png 0.9866722455780318 -0.1620335652181406 -0.01348291565410531 -0.006419854684260832 -16.795340366536827 4.3273550654636965 10.556097893346957
seq5/frame00026.png 0.8999741087936386 -0.2546308728399171 -0.3466925383998104 0.07080964564078479 -6.432386324949804 3.7713639005911226 5.210025034998201
seq3/frame00027.png 0.991681697479206 -0.10868622135995298 0.06891565034288338 0.0023128573396914653 -15.777173425126513 4.275833986984814 17.313039111423887
seq13/frame00027.png 0.9926572672991182 -0.11857931845751583 0.009775728056619082 -0.02179288997266288 -16.560727513102872 4.313842483443409 11.437747421735626
seq5/frame00027.png 0.9128815870677303 -0.24538037687952186 -0.3180906769318037 0.0724844802991146 -7.667547801644665 3.4678221607041966 4.977232817354561
seq3/frame00028.png 0.9870592014271051 -0.1599644222191918 -0.010323309960417082 0.00435267430744618 -16.702454770703564 4.921949736150382 13.602887792690993
seq13/frame00028.png 0.9916677861310633 -0.08046428967774251 0.10044664151453275 -0.005565271334142903 -15.156822052678384 2.478096770738176 13.512252223702648
seq5/frame00028.png 0.9070202610401691 -0.23922906581879136 -0.33873411361994643 0.0730951462150602 -6.938006205813088 2.558795522031473 3.982911439040955
seq3/frame00029.png 0.9830457265784949 -0.17934351771604562 0.03772912297869402 0.005789247641329368 -14.974151670928551 6.224710577106914 16.019811876112275
seq13/frame00029.png 0.983847579662897 -0.07710584673029855 0.16002015456949803 -0.022185096867408213 -13.963165122132004 2.2664425413560685 15.29071524791857
seq5/frame00029.png 0.9199646143970134 -0.24802973629819877 -0.2944543183988705 0.07377677510881725 -7.71277001251113 2.082370979439704 3.1468544132031657
seq5/frame00030.png 0.9231514220835358 -0.23327110284429187 -0.3001903233772204 0.05711229494280264 -9.593535398446168 2.815902497540773 5.45670120464243
seq3/frame00030.png 0.9827962884578307 -0.18401201256655983 0.014963922669324559 -0.00520726829182112 -14.846824444998772 6.5576323007120605 15.379344285726544
seq13/frame00030.png 0.9875068539975772 -0.07344583466694359 0.1381955300795702 -0.018382549983889034 -14.791387730697133 1.6897647828418383 12.951806247275227
seq5/frame00031.png 0.918434629034559 -0.24010669491887898 -0.3111613705306574 0.044779557107768805 -9.37971393460777 2.0700925350175816 4.784399182642255
seq3/frame00031.png 0.979618281798494 -0.19821938838395728 0.030742452867808856 0.010582893107589073 -14.081743576293679 6.328552854167266 15.225908338122565
seq13/frame00031.png 0.9879913067717097 -0.07387272051261635 0.13360290028599509 -0.023796301031154866 -15.39753964670081 2.4801817280562464 14.467054073340213
seq5/frame00032.png 0.9331770074988199 -0.23143815221152805 -0.2697823671814854 0.05324029239603316 -11.156166011336717 1.6746068619400194 4.776413473353162
seq3/frame00032.png 0.9819061398600751 -0.18794189195110617 0.010073315942925709 -0.020897513269244543 -13.819483468445515 7.037687986541404 15.021208978139024
seq13/frame00032.png 0.988378040944794 -0.04637219270245007 0.14087337857434679 -0.03336403949084814 -14.154228439630257 2.552663342214451 15.16165098406557
seq5/frame00033.png 0.9421284878074068 -0.22057111428586593 -0.24990868642683584 0.03588794300087876 -10.85180434716025 2.115107776617277 4.947946364970459
seq3/frame00033.png 0.980959195076663 -0.1924084109420441 -0.016131675715359783 -0.020924388447863113 -14.09635769077003 7.199147725849442 14.316940744729832
seq13/frame00033.png 0.9850222823987809 -0.08666471078356627 0.14287817297210204 -0.04249892670234253 -13.598549052848234 3.603408017557033 14.624725980878397
seq5/frame00034.png 0.9600219166120474 -0.17751135069609122 -0.21529012998702035 0.022311430450618296 -10.330166639137078 1.868743261785122 3.163877141120871
seq3/frame00034.png 0.9952385789025715 -0.09518529115435512 0.016860388071337384 -0.012476326620215411 -12.183411264929994 3.8143636292740846 16.53292509132024
seq13/frame00034.png 0.9854092047678403 -0.0942655122706376 0.13907459019571655 -0.027220777304472175 -14.637339418288311 3.580949484368837 14.418823981319338
seq5/frame00035.png 0.9679799042734075 -0.16882377343238802 -0.1834556150806551 0.029282686732476196 -10.461282323108648 1.9814791782145436 3.929465682791051
seq3/frame00035.png 0.990580478195087 -0.1337369540926754 0.02907233795331321 0.0044206893958435725 -12.07457323201941 4.834193624050337 16.595899058339267
seq13/frame00035.png 0.9773955605954237 -0.09662879416612649 0.17976003426942522 -0.05520076399664446 -17.262801279951596 5.522985854696308 16.34057204946657
seq5/frame00036.png 0.987605042791803 -0.1362832289597013 -0.06647800566752948 0.040544243968611525 -11.377932375430792 2.0622231302889396 8.209677183470266
seq3/frame00036.png 0.9772404314827045 -0.20184193353911045 0.06284892886005311 -0.017634769117706447 -10.3854380633628 7.9444898139944815 16.308818016768555
seq13/frame00036.png 0.9792641831464439 -0.06886312360562163 0.1895405001636693 -0.019337233812280388 -16.933655006323793 3.8821534995200957 19.207974513726292
seq5/frame00037.png 0.9849965086595863 -0.14017314818993468 -0.09762283061542498 0.024559100097121204 -11.063052117097952 2.164737735558276 5.739809860157405
seq13/frame00037.png 0.9767185292611378 -0.07793052625628166 0.19608846475170427 -0.03869188114706893 -18.45534316091699 4.904752092185353 17.346086636016643
seq3/frame00037.png 0.9557803034106133 -0.2827487770275224 0.07955503545317777 -0.014426955181177198 -9.668711908101033 10.264286193097144 15.130926319806047
seq5/frame00038.png 0.9912802096597575 -0.1256299717120144 -0.03897734422351262 0.007837268773477544 -11.739587030233833 3.0631590416437784 8.573249655930617
seq13/frame00038.png 0.9878562903029935 -0.08894854724668212 0.12603882464221638 -0.0185019008299344 -18.682703685036376 3.6189287564412407 13.419454167183563
seq3/frame00038.png 0.9283859265767752 -0.364842316727131 0.07035252394676095 -0.006338582939649806 -9.820038251249297 13.041450893882669 13.17946408630406
seq5/frame00039.png 0.9901048089799459 -0.12204034162436765 -0.0665250611421766 0.019314204384913134 -12.301769895087675 2.8088292485746367 8.938406086412133
seq13/frame00039.png 0.9899643693045587 -0.06894219777426895 0.12046901094163387 -0.02654690709340412 -17.799567809147202 3.5845691956033656 13.811308285204932
seq3/frame00039.png 0.9102104536986284 -0.41053161219405915 0.052403151647597124 -0.01531780220796702 -10.018537803737484 13.516476960104887 11.652141253424581
seq5/frame00040.png 0.9932682426733517 -0.11018160388076396 -0.034136992221238005 -0.01062440703950028 -13.606097813580176 3.061194475965889 9.59550959267775
seq13/frame00040.png 0.9782455029412835 -0.07555532902930727 0.19181815943460823 -0.02308510215588024 -19.853294258015353 3.719860558379431 16.624290613748286
seq3/frame00040.png 0.9054343592050128 -0.4232732778181153 0.03205693095524298 -0.0008406151600218657 -10.675384134883387 12.931664994576552 10.960910364962622
seq13/frame00041.png 0.9707571770041052 -0.0765788196113609 0.22504720138971346 -0.03346557677089764 -20.107887429257502 4.8857972573781385 19.30823376974771
seq5/frame00041.png 0.9939476203339759 -0.08664347298420921 -0.06682090992388046 -0.009798092600396125 -13.016689837850151 2.029029435455215 8.606055167333066
seq3/frame00041.png 0.9071672914112769 -0.4199360078323209 0.026442865042635155 0.001424643014205632 -11.352881176846386 13.098912172771733 11.387031609678788
seq13/frame00042.png 0.9674704955572575 -0.04071663113522573 0.2440443704030999 -0.05277633418254076 -20.089422256305806 4.859009940842575 22.396392741416033
seq5/frame00042.png 0.9963675813969035 -0.032979183852138896 0.07159322218005948 -0.03222462895998104 -14.8506508469531 1.5243131483980994 10.869602071235466
seq3/frame00042.png 0.9114113196034043 -0.41072496329285874 0.0215206500082602 0.013087117714868661 -11.197872355465492 12.534225069482762 11.206038128954168
seq5/frame00043.png 0.9969505306726864 -0.06845583640603763 -0.03606522145674629 -0.010135958498080164 -13.5579265404256 1.7398901017319526 7.190245478741427
seq13/frame00043.png 0.977911843775534 -0.03243677701427631 0.20303441536373257 -0.037593981943508346 -22.146278396362153 3.8869093977894913 20.85592085300847
seq3/frame00043.png 0.935305075447677 -0.3519212327280473 -0.015222247378926745 0.033528271379847055 -13.365707846683883 9.621605553605997 11.047561560596508
seq5/frame00044.png 0.9952187883363274 -0.0970099066087752 0.01109713061577755 -0.0023441532001232854 -15.673999272289125 3.2033231760172667 11.455117703646193
seq3/frame00044.png 0.9664735288186587 -0.23568683168559948 -0.09797570611202688 0.027953469814365015 -15.58881522997316 6.557648019792961 12.106603865507143
seq13/frame00044.png 0.969228215647908 -0.02784855213529643 0.24159235575445648 -0.038134731898268374 -20.931995471146685 4.2978322646394735 24.011439648597758
seq3/frame00045.png 0.9828288670920964 -0.12799961511057936 -0.1271932786822293 0.038540710944067545 -16.63622118680397 2.059794867163245 8.78278826984289
seq5/frame00045.png 0.9951984642188363 -0.09782527201051468 -0.0031257319107201864 -0.0006802738866830158 -15.166514639364951 2.686160670385153 11.471016265744268
seq13/frame00045.png 0.9730607136216332 -0.03675403346369621 0.2257234685473376 -0.02917026529304719 -22.52332039684648 4.222859472956336 23.616070350327778
seq3/frame00046.png 0.9952117436000435 -0.07223081929301438 -0.06410463859134752 0.015062850191530246 -16.863777838367387 1.5996082386500712 9.370172912656946
seq5/frame00046.png 0.9953910691799779 -0.09397137591575841 -0.018828810306583232 0.0033875961503621772 -15.355200099332526 2.3000158420924612 11.277725024440391
seq13/frame00046.png 0.9657855465798744 -0.0393580639025921 0.2521545823005408 -0.04612252647126 -22.100970129244487 5.470463052831828 24.98630655668047
seq3/frame00047.png 0.9959224818884439 -0.08920545583857986 -0.010431085099266268 -0.008484643860786345 -14.36935109162596 3.4590854774839253 14.038494298545416
seq5/frame00047.png 0.9961413017104149 -0.08648340218843786 -0.012242727021709476 0.008558259616576061 -16.060657447522548 1.7912239834915764 10.969271263818266
seq13/frame00047.png 0.9668917979468526 -0.02676793384823715 0.2515706580927435 -0.03340557988395029 -20.88621877158829 4.217239488426993 25.831000037548357
seq3/frame00048.png 0.995737941779246 -0.07210958188416518 0.05731770999026198 -0.004565043613598696 -9.794152898825493 3.0142290870683706 16.975499156814035
seq5/frame00048.png 0.9964483708153616 -0.08336111414777611 -0.011610359013922156 0.0026016362199273125 -16.902456422161933 2.882494125474331 12.237077197990226
seq13/frame00048.png 0.9690299806000383 -0.019317392927493772 0.24258791443968808 -0.041938512093020075 -23.0867312148055 4.645477961482161 25.47270798009654
seq3/frame00049.png 0.9832670445124578 -0.038502290202881664 0.1780543866679123 0.00035806868423077167 -5.640404018803224 2.192915077214598 18.29112362050954
seq5/frame00049.png 0.9880273719186587 -0.0876929389016833 0.12668731157411994 -0.007885803219427 -13.43150410269897 3.5711604978520537 17.392909957380194
seq13/frame00049.png 0.9746587998717215 -0.02708773289241826 0.21975400389942867 -0.03185367058180997 -24.916500719893143 4.171815970492489 21.339914517383
seq3/frame00050.png 0.970317599955541 -0.0357405941192819 0.23916496675320065 -0.002546335889053033 -4.741078225074575 1.9982209884192164 19.027753962545678
seq5/frame00050.png 0.9867307752375405 -0.11695760100049983 0.11247609779059664 -0.005694224541701711 -14.544156295334586 4.488261142748691 17.28528729225072
seq13/frame00050.png 0.9876976941277271 -0.06263275291866503 0.1430275194899454 -0.008575076976564375 -21.291288755701355 2.1668671912021513 10.432464181483965
seq3/frame00051.png 0.966591676946755 -0.06352505616839033 0.247208855986226 -0.02351337530094271 -4.983518085655097 3.4429615213837668 19.026478239395367
seq5/frame00051.png 0.9882558103598924 -0.10727298628835034 0.10828194183378415 -0.010861895571076183 -15.262103210816335 4.54257775126851 17.88058738111511
seq13/frame00051.png 0.9771421165914574 -0.08898880557006897 0.19104448543147112 -0.027861820697915072 -23.62668764902734 4.90499308325947 16.65026861577449
seq3/frame00052.png 0.9552660135519018 -0.07860136550643078 0.28495146756511147 0.009556663940482654 -3.635269939826361 3.3519960955099055 19.39947993018512
seq5/frame00052.png 0.9903913548237694 -0.08509818169810994 0.10900782728993685 0.0007465598039158549 -15.375001189714204 3.4858453648945815 18.282452473836646
seq13/frame00052.png 0.9488982168925166 -0.0886749265939023 0.3003572953232231 -0.03891563333528997 -23.740928285405868 5.795350682703182 20.119881930303084
seq3/frame00053.png 0.9789620111260655 -0.08549952012939838 0.17758137505777738 0.05280215963614058 -4.780241944325609 2.730557266506912 18.768028876071046
seq5/frame00053.png 0.9839456078576693 -0.09627621314208014 0.15024610804224392 -0.0028352387520440697 -14.121491840184865 4.174143941981129 19.577993250970522
seq13/frame00053.png 0.9529350639577913 -0.04107717364039826 0.29947652069501807 -0.02326463491834127 -25.619686532009563 3.612633143846245 22.58490999172397
seq3/frame00054.png 0.9883402658604155 -0.11854082441258156 0.08971183396963867 0.03291471817216171 -6.748838828238031 3.7779386775267456 16.687298480926756
seq5/frame00054.png 0.9731578772405867 -0.09356758518207907 0.20893007468260838 -0.023602475736857746 -11.500721956599953 4.92973902774699 21.524966610129905
seq13/frame00054.png 0.9561335785132666 -0.022513902626442144 0.2912340010580097 -0.02201047150075164 -25.404374337820656 3.4387928335136277 24.78445765569457
seq3/frame00055.png 0.9919554212650491 -0.09198910697033619 0.07194420782512412 0.048851585256724006 -6.740466550595294 2.7993775425536365 16.72744587909161
seq5/frame00055.png 0.9671646857373379 -0.10017347814783115 0.22952777631268428 -0.043298323747181074 -11.54924849392175 5.812270706969338 22.182052616505942
seq13/frame00055.png 0.9278214588416446 -0.012534590793578888 0.3703225433999018 -0.043028344105102444 -20.019243986593878 4.560231157287221 31.49172129436551
seq5/frame00056.png 0.9527857912146063 -0.10163321722048868 0.2849932156508592 -0.025471400628008258 -9.266155397016378 5.517932181866473 23.640812975681694
seq3/frame00056.png 0.9896057374284916 -0.13865676901018825 0.03306539757739735 0.019012215528849626 -9.003746133653266 4.632818695164069 15.17776854713197
seq13/frame00056.png 0.8841133532146968 -0.020310949690660877 0.4647313646219603 -0.04422445846743941 -13.009640751293528 4.767738787443066 33.82743418430113
seq5/frame00057.png 0.9453330955884091 -0.0958111418302689 0.30903444243990663 -0.04078329158211657 -8.338403067924592 6.0209827725809175 24.303702928550923
seq3/frame00057.png 0.9824587819809343 -0.1702021772927079 -0.05827548850977471 0.04909101742995938 -10.897408874774257 4.536019776950535 13.64128982093449
seq13/frame00057.png 0.8507845524013667 -0.05015207634058639 0.5182272611133258 -0.07135068656232622 -9.246565333511994 7.774846674383701 36.17527693559427
seq5/frame00058.png 0.9520905644317395 -0.10109137125200618 0.2851948702501982 -0.044361895376700926 -9.101222322663151 6.205189459617951 23.512258541080357
seq3/frame00058.png 0.9727866872769305 -0.20894848163483737 -0.09557176349086738 0.02987693261559154 -10.760496618681525 5.639681671995482 12.024560196241271
seq13/frame00058.png 0.7933992348374943 -0.049020836217909314 0.6010149316126049 -0.08304013339627499 -2.3030475920816142 8.456348831269798 36.95111709395157
seq5/frame00059.png 0.9534764264777844 -0.1725887130271961 0.23879171016237877 -0.06383070925891858 -11.554448820719394 9.546992069755508 22.0639909394418
seq3/frame00059.png 0.9573466299022929 -0.25054902286788994 -0.13925229118916171 0.03635129644507713 -11.243252511606968 6.153124077611683 10.387573045566166
seq13/frame00059.png 0.7794527202624488 -0.1035069294800738 0.6046096075446017 -0.1272281214584232 -1.3121056291917224 12.792662762632965 33.82550638447039
seq5/frame00060.png 0.943585492566701 -0.1342225497964214 0.2983781959925572 -0.05100174016668975 -8.83797549371202 7.815892576132403 23.779927276609445
seq3/frame00060.png 0.9412952233865873 -0.2737954607639701 -0.1955061318492709 0.027869347031729677 -10.779621210825079 5.978387832360475 8.276566713518921
seq13/frame00060.png 0.7870848514055023 -0.1493955425757532 0.5830165958737794 -0.13516677654743958 -3.818449070705626 15.632631911497764 31.93235617304913
seq5/frame00061.png 0.9430518872371999 -0.1742262356246964 0.28101872933681427 -0.03642568544757765 -9.409053986988908 8.728127524720872 22.287337500424492
seq3/frame00061.png 0.9479711892593743 -0.26337997721005335 -0.17326325434196166 0.04428833518920784 -10.042384259337274 5.96744972858225 9.746460869391754
seq13/frame00061.png 0.7900189170803399 -0.18890087547092274 0.560451261706565 -0.16149598494403994 -4.889796578144287 18.10512029025987 29.91440081689558
seq5/frame00062.png 0.9431777427917899 -0.20327945971465755 0.25999249374325883 -0.03869250518463411 -10.320841176391921 9.691351373160673 20.875682771685156
seq3/frame00062.png 0.9637081338469883 -0.22488960753591383 -0.14133149872241624 0.026771340055619382 -9.239210088680121 5.9676847644054805 10.7913968830915
seq13/frame00062.png 0.7523663824962352 -0.1503181700288971 0.6270679430686582 -0.13466651040379157 -1.132857905903084 15.359012909381672 32.481637073712896
seq5/frame00063.png 0.9410697348357601 -0.2194464443465674 0.2545777414321583 -0.03769861810600329 -9.640174184124866 10.235428864770439 20.70820435764653
seq3/frame00063.png 0.9695074228572768 -0.2158136681504844 -0.11560757110245057 0.010710143223385565 -8.01098081046382 5.637777014258975 10.893576418567191
seq13/frame00063.png 0.7489125939191584 -0.14742375652061865 0.6340625099196014 -0.1239390826054579 -2.2974761640848325 14.66992727354522 32.81622524642298
seq5/frame00064.png 0.9489642873251817 -0.2150990915454775 0.22492654612169527 -0.05106085631366501 -9.922796092683715 10.064373939892361 19.59603227898988
seq3/frame00064.png 0.971738121966821 -0.2026108831531577 -0.119992522819108 0.01660261460731699 -7.4323165686997745 5.070421368508738 11.042787765725642
seq13/frame00064.png 0.7577499755989476 -0.09103450915643213 0.6393436773842405 -0.09363415408513431 -1.7155430667990477 10.898300617571648 35.44435182475449
seq5/frame00065.png 0.9540157843335968 -0.20986128031505324 0.20917811417076226 -0.04535022402196464 -10.042781115078048 9.384205773215774 19.024837954348218
seq3/frame00065.png 0.9722786943390469 -0.1828346556225125 -0.1425484480568252 0.030423168709823253 -7.288924661452762 4.329932225344885 10.336519049346466
seq13/frame00065.png 0.7910712118104104 -0.07665055578109589 0.6038042159983923 -0.061249480698408 -6.625093387424976 8.246058249437468 36.22352106988588
seq3/frame00066.png 0.9678037138844909 -0.18492579363911907 -0.16562649498527682 0.04154860283114188 -7.756793871051518 4.4980802588326725 10.759123189820098
seq5/frame00066.png 0.9459627817981937 -0.23797334187453312 0.21217515320696534 -0.059201422037749564 -9.030774039449224 10.710518056334985 18.49193277437948
seq13/frame00066.png 0.8445241993735318 -0.06178181406812262 0.5268028785383246 -0.0737604995013045 -13.61109680641394 8.217687849093243 33.44056034848323
seq5/frame00067.png 0.9380841431684888 -0.21814514416192818 0.26091837765221104 -0.0658212474642648 -6.877841888292819 10.128694998818062 19.29198581617795
seq3/frame00067.png 0.968070154046342 -0.1811829491390353 -0.17272458880875208 0.013384028049152527 -7.623973121046897 4.528753307388157 10.616902100313025
seq13/frame00067.png 0.8854768101207201 -0.09764826131413878 0.4501866750152018 -0.06105402066626307 -19.840807643735776 9.104865470030232 30.4380603853396
seq5/frame00068.png 0.9595687367666867 -0.20453751564203215 0.18666058008428443 -0.05049823717288125 -9.304512144248083 8.837288761391052 18.074649012883995
seq13/frame00068.png 0.8827818751696925 -0.0826220219853922 0.4552879693294515 -0.08113339225492304 -20.68166330726667 9.787241847432172 29.378642498880446
seq3/frame00068.png 0.9388717366755585 -0.24351052249192393 -0.2384563504370406 0.04859070326490734 -7.788272690629977 5.04216196734209 8.976472573060164
seq5/frame00069.png 0.9659020612969466 -0.17743232687496088 0.18380946547305832 -0.042012590548017585 -8.305254510392956 7.735159289085814 18.77144400337621
seq13/frame00069.png 0.8760823420405925 -0.0937387228175875 0.468767596364433 -0.06284681700698297 -20.53282134365257 8.603636515581565 30.179261809303192
seq3/frame00069.png 0.9406140531629588 -0.22587088890734008 -0.25189994765549495 0.027820152906074362 -7.420015609971017 4.959700316673825 9.241750889490064
seq5/frame00070.png 0.9728737580525442 -0.14344258529209214 0.17937242364738493 -0.02768409746234111 -8.328719329600782 6.232265410986886 19.0436232856759
seq13/frame00070.png 0.8651612986745861 -0.09178173319603737 0.4884972631071274 -0.06665181666001824 -20.11752814949085 8.722317920128237 30.636858752911536
seq3/frame00070.png 0.9313820579536947 -0.2538786218011934 -0.2589647558434207 0.031786203693197325 -6.396991600770379 5.484122518771222 9.099630798243117
seq5/frame00071.png 0.9813850853533077 -0.07158484422038901 0.1777852642962272 0.012301387041469242 -7.373964804207016 2.8073089603421075 18.8671683691659
seq13/frame00071.png 0.8672546624171632 -0.06405788245911836 0.490379716952246 -0.05739051674607041 -20.535804707957727 7.210748125714306 30.847989538838977
seq3/frame00071.png 0.904474489442464 -0.2657579605979625 -0.32765968245373533 0.06275138899597074 -7.319419919244823 5.1542094879342315 8.277513374209985
seq5/frame00072.png 0.9883875611821069 -0.05603962359528599 0.14124179545986482 -0.0005871141787897174 -8.076770599591315 1.9161187634707761 17.256736303206527
seq13/frame00072.png 0.8572300525178694 -0.08773810908802565 0.5019669054245726 -0.07408027492083653 -20.001971371440277 9.108187191764161 30.107434204536922
seq3/frame00072.png 0.8908002388605082 -0.27029890759402975 -0.359966539175101 0.061947765688812044 -7.127272361055221 5.322356544740044 8.066155511844403
seq5/frame00073.png 0.9917782380638192 -0.05135719117453084 0.11624578480113346 -0.01500942815890613 -9.217611996197881 2.2107822669345047 16.832969271046654
seq13/frame00073.png 0.8304565598708394 -0.08565472786409736 0.5439846613233315 -0.08417753861309157 -15.999165381680275 9.734095682631217 31.459356399652425
seq3/frame00073.png 0.8762179383287098 -0.2689155722985212 -0.39391532660156425 0.06897285694189621 -7.201933574414889 5.040908501106011 7.562065440906127
seq5/frame00074.png 0.993415843787565 -0.05404554692088302 0.08991141295898164 -0.046043218714405046 -10.225728391707486 3.2908257816949305 16.413359796159547
seq13/frame00074.png 0.7739764316780221 -0.11872232266227215 0.6088946416399312 -0.12693623868230583 -10.451446935193784 13.631323660852923 32.09700353742807
seq3/frame00074.png 0.8846088397408692 -0.2582830417990126 -0.3856984729050985 0.04465152819374332 -6.129479755021025 5.547450394684792 8.22048227728451
seq5/frame00075.png 0.9958730780724797 -0.057725163014643824 0.06424316118402962 -0.027882506459440033 -9.928970469903092 3.180217141918165 15.925658352575741
seq13/frame00075.png 0.7282747271236233 -0.12230129757714409 0.6602310305700106 -0.13694269135817394 -4.98427680187103 14.110778570513954 31.473627686437446
seq3/frame00075.png 0.8925672981235586 -0.23605317870929418 -0.3805126280228187 0.053034470458521894 -5.859314246823964 5.401446774294747 9.193841494763701
seq5/frame00076.png 0.9961493647487614 -0.07154338834460619 0.04807191594313587 -0.01603363939870587 -10.599129923090148 2.8633500276187216 14.568603982726676
seq13/frame00076.png 0.7067401067076763 -0.13566995884667662 0.6784865137760886 -0.1475402808094558 -5.322477592695085 13.794764140582435 29.28341504341198
seq3/frame00076.png 0.896653765831939 -0.21299071022543906 -0.385389825679321 0.046061522336192415 -5.340651192041608 5.0516018297993845 8.383162771675764
seq5/frame00077.png 0.9961704282567476 -0.08103576484268382 0.032668661430090395 -0.0032312913044251043 -10.462890379307645 2.6234114319906077 13.761821507019656
seq13/frame00077.png 0.6854217930818972 -0.13906964749748382 0.6996335780730901 -0.14618295094150824 -5.7752746254510985 12.31081776888024 25.913064259144875
seq3/frame00077.png 0.9189404279922907 -0.18682842408232964 -0.34011836971987075 0.07044944524519094 -5.214326957639517 4.085986498174851 8.721694912502684
seq5/frame00078.png 0.9949073774033762 -0.0991069160731126 0.017981547922642283 -0.003713961378173393 -10.135577184434213 2.7278846546718376 12.607010278792613
seq3/frame00078.png 0.9129783428228335 -0.16287547734436572 -0.3657779809467039 0.07841296494120283 -4.886663562070055 3.3886602360469666 7.969676330918129
seq13/frame00078.png 0.6804425191862254 -0.16160647004509296 0.7047806205694029 -0.1190193420956199 -4.932817362039545 13.244256149948328 29.655693307269075
seq3/frame00079.png 0.9017000425607851 -0.10689410001192468 -0.4142889173153863 0.06225253101813782 -4.086898406386338 2.2440875447557933 10.132459290810598
seq5/frame00079.png 0.9945595978734884 -0.10283164721179448 0.006627583075285437 0.015262167343276836 -9.501355085056954 2.4242173976499557 11.758574359999487
seq13/frame00079.png 0.7131979926006538 -0.15408180742315286 0.6739673137883756 -0.11565240990352818 -8.129126719395355 12.007047587478842 28.510273975383278
seq3/frame00080.png 0.8902275386890477 -0.08921018185482738 -0.44498350934186026 0.03906595995071497 -5.181637580142857 1.8155765567641056 11.663443546380549
seq5/frame00080.png 0.9959587669764267 -0.08709526732662756 -0.01713735011203743 -0.01366967897344729 -9.744914453859222 2.1110677041689816 10.557778146168122
seq13/frame00080.png 0.6467323120424084 -0.1446446443436566 0.7401624393184163 -0.1139070096402729 -3.0402059514348596 12.92570473857636 31.627536096881073
seq3/frame00081.png 0.9074240993424528 -0.08687317508343113 -0.41001955889008523 0.030307040618345053 -3.5351790384860418 1.5791158829950438 10.505640102255338
seq5/frame00081.png 0.99518977508689 -0.09676803735407885 -0.014419661513877746 -0.005033077683726195 -9.426114944805354 2.498182600150625 10.838636328211523
seq13/frame00081.png 0.6723332454067672 -0.12341819960758475 0.722915933246278 -0.10064049177686048 -4.420120544333125 12.36387982367116 33.56058836631063
seq3/frame00082.png 0.9357924714667125 -0.07086884152283192 -0.34525610490303693 0.008263151615295481 -3.0230927190240546 1.423645703398445 10.469789251117444
seq5/frame00082.png 0.9945378885529332 -0.1039124570132501 0.009753694989555806 -0.001206210675063687 -9.416326349758439 2.67408304483239 10.85116536186555
seq13/frame00082.png 0.7165871924309665 -0.11300658415874063 0.6828507007148689 -0.08629732390921417 -10.402787326428426 11.058247146619054 34.35589212662231
seq3/frame00083.png 0.9505553331507346 -0.07972643680620502 -0.2951846241691849 0.05435339499037385 -0.3173032658593181 1.0457441628642257 7.968642616341592
seq13/frame00083.png 0.7527025742446112 -0.09887086318221709 0.6476354136950622 -0.06505196436053436 -13.230430716258457 9.101945018654725 33.518762416355514
seq3/frame00084.png 0.9582515553927642 -0.12397318052009036 -0.2500991133007726 0.06192770482787842 -1.593700166131509 2.042532975483222 8.420375889085001
seq13/frame00084.png 0.8213311834464554 -0.11809490531623068 0.5547886259102166 -0.060648668554632884 -21.954499364592614 7.930439195182898 28.475299972050603
seq3/frame00085.png 0.9448812360156869 -0.17713537260638232 -0.2638883508404033 0.07864761844962256 -1.4551243618626144 3.4979190775865985 8.561161892258946
seq13/frame00085.png 0.8578235650667088 -0.13530624289212803 0.49117016840585304 -0.06769651038882966 -25.785065359742216 8.137377270608562 24.60411103261346
seq3/frame00086.png 0.9376295894999045 -0.19661432079418076 -0.27548135436080334 0.07939512045724928 -0.8693522874623894 3.196361246499057 6.575982395002935
seq13/frame00086.png 0.8916412560465231 -0.10513162532144975 0.43506435622014616 -0.06813382287673263 -28.07130556503984 7.812018878643103 23.414224567000513
seq3/frame00087.png 0.9453638190220587 -0.18763909210807553 -0.2564745826229283 0.07279841526627011 -1.0009367672706948 4.132510357414638 9.584015140718444
seq13/frame00087.png 0.882603189969639 -0.09970570080431526 0.4541313712807634 -0.06953473880867435 -29.42014376348437 7.861604932857175 23.256821497580876
seq3/frame00088.png 0.8974737178567452 -0.2518828732691968 -0.35334884698535385 0.0789970647819601 -1.9868802336658502 5.519612767164326 9.195926402065142
seq13/frame00088.png 0.8808111454261421 -0.1059659509520281 0.455686835235649 -0.07274923728011705 -29.128116208491175 7.988817219514099 22.61595772028017
seq13/frame00089.png 0.8700627540100703 -0.09694617089241624 0.48103182000716294 -0.0469108961149435 -27.584531385956993 6.437204718978044 26.230633062091794
seq3/frame00089.png 0.8635827335295423 -0.32709345047326005 -0.36672526518728465 0.11290401622819306 -2.523919896888964 7.0783188728516615 8.519167757064782
seq13/frame00090.png 0.7900749280787241 -0.0830462739981093 0.6039672958849293 -0.06409703501626855 -21.895259549688056 7.763045592847515 31.747877151017036
seq3/frame00090.png 0.8490932101686265 -0.3390296141266422 -0.38032043038119867 0.13948480714879577 -2.9137786014694353 7.484788056257297 8.977360948804185
seq13/frame00091.png 0.6780188468194568 -0.06039306927958863 0.7269585839565935 -0.09041204428851718 -10.837882067337578 10.36586399164807 37.916972356092316
seq3/frame00091.png 0.8477692498574603 -0.3340922946667944 -0.38442890749443803 0.14793259520142082 -2.7486481618735814 7.368105460719844 8.815673983868198
seq13/frame00092.png 0.6330358299518462 -0.05073282481977874 0.7665512792202447 -0.09534649867084444 -6.31730608877706 10.438391515576459 38.64203231567024
seq3/frame00092.png 0.8245303013236089 -0.2864977072607394 -0.4725027641253817 0.12169627696610748 -4.031296682594687 6.03386124313538 7.4461557375161265
seq13/frame00093.png 0.6444715511428454 -0.0441402990815745 0.7583695883354096 -0.08708398964508879 -7.851586549511236 9.489798976388187 38.47992317465514
seq3/frame00093.png 0.8691272616517127 -0.1948200646511075 -0.4468049735532976 0.08383472473367261 -4.923708231025892 4.003799981057151 8.81774554421965
seq3/frame00094.png 0.8579573343025265 -0.12120877130878689 -0.49442391740625835 0.06901185529289014 -4.353190671659394 2.873727278081774 11.390454759165157
seq13/frame00094.png 0.6085237283593395 -0.05666106473034771 0.783261855166694 -0.1139704435724479 -4.469308754529321 11.611209494123884 38.764648243197804
seq3/frame00095.png 0.8637764102958418 -0.1138051837995714 -0.48857980613643814 0.04720663292860179 -4.79929224912707 2.409865712143967 11.112473713384077
seq13/frame00095.png 0.5786794790047869 -0.08365477502777081 0.7946141429896397 -0.1634634606101363 -3.680525086022502 16.028994120099817 37.328690216556055
seq3/frame00096.png 0.8906594709515209 -0.09016327341325185 -0.4427173475078635 0.05096705943416502 -4.295083690296597 1.5096759906034984 10.627765083388837
seq13/frame00096.png 0.5566885185409444 -0.14813909837373285 0.789457013672926 -0.2119205615798792 -4.18571621426495 20.735059633987195 34.110274805488196
seq3/frame00097.png 0.9299759153739668 -0.09207678017600823 -0.3542282613003792 0.03448191225674928 -3.955884955921935 1.4874857769431544 8.901459590228962
seq13/frame00097.png 0.5507803793586875 -0.1576103081034786 0.7961976586001932 -0.19460023877836752 -3.7209133140730546 18.7836042465182 32.82168806792195
seq3/frame00098.png 0.9291514415284038 -0.07921000159422231 -0.35981955180733227 0.030549377903689022 -3.1615057284376022 1.5852315931976515 10.180812414461773
seq13/frame00098.png 0.5213345638551897 -0.1511197171742938 0.8166416801365732 -0.19613635531128698 -1.3224189091750207 19.665121242980028 34.89607535935074
seq13/frame00099.png 0.4849419595294694 -0.14541031333373688 0.8407355893304034 -0.1919656362403498 0.969582271250169 19.148955376734065 34.321527234936184
seq13/frame00100.png 0.5064939610033697 -0.13941069334264558 0.8289703055774805 -0.19192904553406773 -1.5753068814224644 19.466577332374335 35.793280207669206
seq13/frame00101.png 0.68197699424005 -0.13728402684489743 0.7066960608467918 -0.12900059257299246 -17.359699984683225 13.67095691077307 32.801185237506466
seq13/frame00102.png 0.7973319630872936 -0.1339259648348317 0.5842111705203948 -0.07087231350543456 -29.708034248607053 8.009003001574612 26.8938222642892
seq13/frame00103.png 0.7667595795622845 -0.12337831313170869 0.6254000161760166 -0.07571234222556925 -30.481103891536055 8.344546505946216 29.330955334213037
seq13/frame00104.png 0.7628019705680295 -0.11829413995584209 0.632807666529447 -0.06077916856288372 -30.800287482250866 7.12022280269652 29.789377498423637
seq13/frame00105.png 0.7516684141038629 -0.12169007001840978 0.6445951679239845 -0.06843384825178755 -29.019263949985405 7.771690022158938 30.44695029505045
seq13/frame00106.png 0.7109378628764403 -0.0818276762256715 0.6930330348870973 -0.08704481080090808 -24.77311289519881 9.720705731461141 34.05835747256535
seq13/frame00107.png 0.6228588741166929 -0.024879330187588446 0.7771354357619608 -0.08653528960239204 -15.19715717321208 8.529894731292721 38.042329532724956
seq13/frame00108.png 0.55074189703593 0.004649056714937468 0.826047825703294 -0.11961078033265603 -8.076704054625779 10.257989260848785 40.82101826760755
seq13/frame00109.png 0.5457601730908028 -0.008860160389508135 0.8306737711381013 -0.10976528125493558 -9.550273574630696 9.233589476313497 37.88251574712492
seq13/frame00110.png 0.5058565474534644 -0.033610196154918295 0.8534414107200601 -0.12090188824432434 -4.5423338912322135 11.786522473255348 41.73596395608383
seq13/frame00111.png 0.47165743905214563 -0.035559532077171795 0.8743269583272992 -0.10875270023018636 -3.312553995669301 11.411746029114251 43.66529575303364
seq13/frame00112.png 0.4999840989612391 -0.04546715546118933 0.8596270573815143 -0.09481540369467739 -5.636607799531117 10.437197241897143 43.52578756809887
seq13/frame00113.png 0.5130890942679945 -0.041260180394073975 0.8489734088350722 -0.11950451852568278 -7.417914124618142 12.412960926412795 43.23467005830581
seq13/frame00114.png 0.5558438755435179 -0.0446455846653555 0.822941380509563 -0.1086822986307588 -12.32469781580759 11.868457923898855 43.06112555316161
seq13/frame00115.png 0.5214293142981514 -0.03854559445679599 0.8459356230760201 -0.10496965728017647 -9.197415664543989 11.494544931849836 44.38504622857447
seq13/frame00116.png 0.4921048771825022 -0.07365408397858482 0.8542685158937496 -0.15044324019097866 -7.568992888861827 16.635116160049165 43.680131226531174
seq13/frame00117.png 0.4715994041978738 -0.06998381315201992 0.8664590556976499 -0.1481383564660081 -4.945856104468722 16.525664650778616 44.485225404011786
seq13/frame00118.png 0.46529311799703615 -0.07526723761635924 0.8627060493671508 -0.18323599447576158 -5.13120576634918 19.68332738660593 43.918497980731146
seq13/frame00119.png 0.4590778605224287 -0.06326341864969721 0.8717366596848657 -0.1591240208151325 -4.703246423826718 17.39098574357139 45.06253970087543
seq13/frame00120.png 0.4434802553337622 -0.07179815855929167 0.8792926005555193 -0.15816070992793294 -3.401686437946324 17.939048148243643 46.12712263142764
seq13/frame00121.png 0.4027742339211243 -0.08213527565042783 0.8963476487529102 -0.16609517018326966 -0.6308266268095283 19.060336314381377 46.46833790223397
seq13/frame00122.png 0.4974248410489716 -0.0993959520246233 0.846803351237733 -0.1600407965522201 -11.16996247268034 19.322269453366527 45.705332819276656
seq13/frame00123.png 0.46813354638433 -0.10041366727470588 0.8636683029700529 -0.15762341392985915 -9.17642259498668 19.223432423869895 46.49274716230138
seq13/frame00124.png 0.46169435505025935 -0.08477793275555068 0.8700994500229744 -0.1502596808932392 -8.998832273807514 18.95120777618771 48.93271453783584
seq13/frame00125.png 0.35907733315665086 -0.058685398172675776 0.9217228787157081 -0.1343369930676225 2.243568556582312 16.375120504969395 50.46475272320099
seq13/frame00126.png 0.3462913243878452 -0.06913331248830544 0.9197271948643453 -0.17147825163871122 2.9090343299494643 20.162517206866458 49.15211868677478
seq13/frame00127.png 0.3576450681052085 -0.05660423097899747 0.9172335688421562 -0.16603778631497845 1.713152938177037 19.93400057567414 51.41699697353858
seq13/frame00128.png 0.36918883379268486 -0.044769759095752384 0.914672170846886 -0.15833538313197645 -0.8721570680743288 19.025547651165866 52.22948791327292
seq13/frame00129.png 0.37246810414590387 -0.04626162675181165 0.9120955152519854 -0.16495194555217269 -1.3057499491644413 20.026679432135065 52.92440584422251
seq13/frame00130.png 0.38434117584043426 -0.06435839878108508 0.9062171624189683 -0.16404362711559398 -4.484359733331833 20.708363352431284 52.849308641813664
seq13/frame00131.png 0.382001874051287 -0.05188929689791581 0.9091551249642646 -0.15754055934887978 -5.210176941052549 19.83202174373833 53.349651293935956
seq13/frame00132.png 0.3877108338992542 -0.057377394676183135 0.9085905543000998 -0.14439996015912165 -6.47379879881485 18.743759601938287 53.62574234681445
seq13/frame00133.png 0.3590722193548828 -0.041531205183658104 0.9160008307584436 -0.17402522326776004 -2.517371148479771 21.84540227455578 54.76363591589369
seq13/frame00134.png 0.36649822588666314 -0.0256922573263461 0.9172144650626979 -0.15406681477577802 -2.570892174591107 19.076333568371872 55.19841836465091
seq13/frame00135.png 0.40366809087878663 -0.05054049802530622 0.9024647670552955 -0.14161594080279336 -9.087627043552056 18.524257270643584 55.01872311679817
seq13/frame00136.png 0.3963001519660921 -0.039288426744655 0.9079240574154341 -0.13067714047176487 -8.50354324914782 17.22730771356301 55.69270549422093
seq13/frame00137.png 0.3569865563594441 -0.04263901434021069 0.9228459855013289 -0.13819479034609577 -7.635886857258663 16.75909083119002 53.167366475429034
seq13/frame00138.png 0.4008764741483821 -0.03005173949804497 0.9070183659969051 -0.1253500266127123 -7.834856492799477 15.441583109294525 54.569526711882425
seq13/frame00139.png 0.3141993820198622 -0.028358540144247973 0.9407818630178922 -0.12411296368956778 -6.109065316302907 14.73292590695365 53.17529493814225
seq13/frame00140.png 0.3564007789283671 -0.06211123723646046 0.9225987370683159 -0.13391134884003678 -7.383279565462359 18.150728298828177 57.26827788656759
seq13/frame00141.png 0.3585868654023609 -0.030355612268598727 0.9221204646907153 -0.14208393773853084 -7.108563927599733 18.59311083892474 58.68907359798613
seq13/frame00142.png 0.31409126373375257 -0.04540684907177046 0.9386010471186269 -0.1353254242606474 -2.411700554290251 18.140561743756074 59.395412153866786
seq13/frame00143.png 0.3304971137892617 -0.028688395243508795 0.9352695087539098 -0.1233676608781284 -4.250143792962361 16.220467596997374 59.47981841759349
seq13/frame00144.png 0.3845109859040991 -0.012463221064409101 0.9184750700692085 -0.09164887070291464 -11.834574394078308 12.13767259104463 60.012723592195925
seq13/frame00145.png 0.37679167757611876 -0.008015439587598365 0.9211844174344425 -0.09686616289271648 -12.895455189052825 12.349412726776123 59.27718548505387
seq13/frame00146.png 0.3722564460050283 -0.016246506634520753 0.9203639878313676 -0.11870686304094812 -12.91636115589886 15.665978891071871 59.365736429963086
seq13/frame00147.png 0.3770853056365786 -0.0012948319334844672 0.9206561528625136 -0.10098140363268847 -14.248869138341917 12.962251671494462 59.5808675656299
seq13/frame00148.png 0.4378833609925809 -0.015453359881433136 0.8917301690493411 -0.11329899135230673 -22.768123770115064 14.623199249397146 56.53080098607761
seq13/frame00149.png 0.43459665524023156 -0.013283067255194658 0.8928920382662693 -0.11701758576814278 -23.346610944110292 15.111742220121926 56.79354557421192
seq13/frame00150.png 0.43765072809358807 -0.0001611403654382842 0.8900340129916047 -0.12767642676310714 -23.418246229542234 15.563125972826299 54.81622779348957
seq13/frame00151.png 0.4243953366923986 -0.005681007828499144 0.9036894514206981 -0.05658356417508188 -21.956298597541945 7.486028598220368 55.4447654856073
seq13/frame00152.png 0.41014770165522113 0.0003733111515599827 0.9101075381608525 -0.05901688274143176 -21.97288407813864 7.259867749380672 54.63762201527306
seq13/frame00153.png 0.40486654434372976 0.006412114290226097 0.9119796417468404 -0.06584146946112518 -21.45601571523865 8.153448050985642 55.83123816191536
seq13/frame00154.png 0.39626124995944717 0.02153133520954892 0.9157879697874789 -0.062014657760868924 -21.273810434375488 7.777134399160589 56.283931834896705
seq13/frame00155.png 0.3136793043246806 0.0008516474021509185 0.9460693301900233 -0.08097772044758586 -12.411841648345199 10.175063636325238 57.924524784619244
seq13/frame00156.png 0.3543536590004197 0.0002612990514360184 0.9271408628996977 -0.12183282159346122 -16.078857018732048 14.890737803819684 57.07736291848608
seq13/frame00157.png 0.37535079959656376 -0.0006976196784060485 0.9210312903152066 -0.1039839065880428 -18.311765083174528 12.824372685024393 55.653459640719284
seq13/frame00158.png 0.3929677389116775 0.0031792270274628915 0.9125599801396044 -0.11313943316879459 -20.71822327494159 13.969274341459986 54.98488544520254
seq13/frame00159.png 0.36513957230651317 -0.0020807147902211194 0.9204915318990275 -0.1391549606157102 -18.33720189052545 17.000205908387624 55.31830468356053
seq13/frame00160.png 0.3998470211843293 -0.01392048859839467 0.903532004442163 -0.15348777344116898 -23.401420738183624 18.491072261538214 52.716695886592646
seq13/frame00161.png 0.3451934329665406 -0.011473826985718793 0.9238592532858731 -0.16490580720261203 -17.721493884970055 19.575607477975357 53.799826723622196
seq13/frame00162.png 0.34066179687650683 0.015390336053043269 0.928884155475119 -0.14452302035426468 -17.49601240483134 16.959485365710222 54.42456196678221
seq13/frame00163.png 0.3386562473480946 0.006392117650795005 0.9302887010927919 -0.14083330423990947 -18.164594107863458 16.528225885838303 54.275786168883535
seq13/frame00164.png 0.3012605696977699 0.010280465103490996 0.945029450794321 -0.12671116096861543 -14.361748091793277 15.102829036113807 56.198244264077054
seq13/frame00165.png 0.209210587066486 0.0067439337733425225 0.967358182843794 -0.1428411554899679 -4.2393985053478 16.472418590882235 56.672369779334964
seq13/frame00166.png 0.20809351290247435 -0.006342979520886955 0.9675913407255974 -0.14291204935744925 -5.038132752177506 16.57288545524516 56.28825078348141
seq13/frame00167.png 0.178863207506357 -0.004059392177642227 0.9702247743572782 -0.16326469783469555 -2.474048444850535 18.64878385469839 55.68836300353666
seq13/frame00168.png 0.14686188652161825 -0.0006008470638701939 0.976389057880842 -0.15841601219788184 1.6004305672361492 18.16459334460567 55.730145596671356
seq13/frame00169.png 0.09163696681835937 0.008887113684571719 0.979416555178681 -0.17962988883984185 7.297139076754453 19.88968595640364 54.40412458965336
seq13/frame00170.png 0.07579640296243913 -0.015361001694177583 0.9784625506417154 -0.19138960765050872 8.178246553140115 21.536390615043906 53.20711017893478
seq13/frame00171.png 0.10781156390279557 -0.04308307963925153 0.9813948162958193 -0.15292066402329937 2.8061025811190614 18.168463324573686 55.872948754259895
seq13/frame00172.png 0.038346206859232894 -0.006035282285550574 0.9853221251315514 -0.1662331300116991 10.318221506147045 18.20901481599185 53.60706937330648
seq13/frame00173.png 0.030128006974193645 -0.009603830429119206 0.9783053373424331 -0.20474065684216128 11.110167216174252 22.77081277540172 52.106997046632976
seq13/frame00174.png 0.01750285985495319 0.0149046600635599 0.9747276619242026 -0.22221045449092727 12.752983481250608 23.465485923842074 50.33430399052399
seq13/frame00175.png 0.006270772466871246 -0.0011130370005640953 -0.977644695522467 0.21016728546109933 13.073726115658818 22.312484224261652 50.05393480897492
seq13/frame00176.png 0.03247986672022464 -0.02288128165620712 -0.9744350734898312 0.22112845307755574 16.611539955181495 22.34933985315508 48.423781581001094
seq13/frame00177.png 0.06675615660878395 -0.036780281016298336 -0.9709055885979598 0.227009172749551 19.251699085183727 21.968503921869466 46.4878173643212
seq13/frame00178.png 0.09461719360517626 -0.06684147668801833 -0.9673449129433105 0.2254409525156082 21.54717928767906 20.821835752237906 46.07952730406459
seq13/frame00179.png 0.08887286594038452 -0.055598224351508956 -0.9694486070591455 0.2217653025601265 20.76917025071001 20.758397272671083 46.82880368408216
seq13/frame00180.png 0.07723645822272222 -0.0788334665088249 -0.9724026939940005 0.2055548948398512 18.682360404438292 18.55808839039125 47.879202598260804
seq13/frame00181.png 0.04550244515318539 -0.07078346213470826 -0.9742877861490271 0.20900368114971893 14.576405443312005 19.477892686937462 48.18247159152352
seq13/frame00182.png 0.08658827007429244 -0.05652392800308419 -0.9705482472702593 0.21758588366268355 17.15480929044762 20.35586470583515 46.49096977391493
seq13/frame00183.png 0.14539627422133045 -0.07190115363233984 -0.9605306113853637 0.22598914164303008 22.461596545138036 20.342467400288427 44.43459202627217
seq13/frame00184.png 0.1398568177684547 -0.0661267441406039 -0.9661099646405908 0.20663702585741922 22.2256425551925 18.58260310446641 45.726994714960135
seq13/frame00185.png 0.14158641261535074 -0.06776233886473396 -0.9736882591274627 0.1652051065543315 22.125265997581867 14.339672527867373 46.57160613976144
seq13/frame00186.png 0.15181024842513371 -0.09309422661933249 -0.9626353810025754 0.20401038376826414 22.9560134620103 17.307569053862586 44.75261730992744
seq13/frame00187.png 0.14349435884525003 -0.07653992329113518 -0.9687901010758874 0.18707418095383846 20.697752294116494 16.416948158076842 46.00911623192346
seq13/frame00188.png 0.16500273971022264 -0.0862037946521536 -0.9628158543504646 0.19577699631742904 21.815664180280326 16.815715953892898 44.6838410512473
seq13/frame00189.png 0.13871255457282072 -0.06576795666932055 -0.9773412395642015 0.14573093194834996 17.67525194217955 13.090678125040736 47.4497610589345
seq13/frame00190.png 0.18652970384580464 -0.07787733653960383 -0.9658742426695528 0.16195288631022037 20.640694920503083 13.98496157536612 45.54553111425724
seq13/frame00191.png 0.18904677770691522 -0.08403642951902457 -0.9656275599050125 0.15736139902853433 20.64795622111031 12.95245475784212 45.29814833177328
seq13/frame00192.png 0.19586599244403063 -0.07983726866706052 -0.9653261309592699 0.1529966810846066 20.16446311686879 12.350530655294731 44.3391766292574
seq13/frame00193.png 0.1708550178051481 -0.07993887702508487 -0.9731035154433904 0.13224177502773496 18.359128716542305 10.986851254648741 46.40189660235336
seq13/frame00194.png 0.2192958578207194 -0.08880684630213317 -0.9609686062613679 0.1433945904580365 20.83197895971037 11.291094604942062 43.3473880173809
seq13/frame00195.png 0.23662118613916264 -0.09562404470340405 -0.9560507595967755 0.1443378031531785 23.39676886266831 11.504348146908564 44.52794412421342
seq13/frame00196.png 0.23353102606974005 -0.11679458752114133 -0.9555595839867559 0.13685088834070044 23.216632802727787 10.495239547823456 45.00040610781185
seq13/frame00197.png 0.2921277249719209 -0.08942746342215108 -0.9486962153935848 0.08148381426086243 26.846156420700826 4.454521065854689 40.739244973479174
seq13/frame00198.png 0.23814743779060857 -0.06402663194295809 -0.9660866036142235 0.07657063792958409 21.967387150408676 4.537043426303632 42.59417086227147
seq13/frame00199.png 0.3867231126064156 -0.0947331943126517 -0.9159924520759795 0.04928167825025443 28.53999854777843 0.6123464740655772 36.000220817118105
seq13/frame00200.png 0.31545476082397966 -0.08308285849382163 -0.9441241765232358 0.047064549315838845 26.680477323456106 1.088032919934101 39.81394039190697
seq13/frame00201.png 0.35713244651198006 -0.08956464901888987 -0.9278751591808345 0.059010831799186696 28.70582167383551 1.9573277583674205 39.64448116889344
seq13/frame00202.png 0.3883085989327864 -0.09874886994008522 -0.9138687174889281 0.06564342979731067 31.147118746178514 2.1803420227785244 37.73611096200389
seq13/frame00203.png 0.36659780045095086 -0.1045211660079094 -0.9204940984005934 0.08586031312866017 28.70467014256681 4.686268484675115 39.42015638048803
seq13/frame00204.png 0.388548886633146 -0.10430714520335405 -0.9108628860474965 0.09207923206072716 31.371694506320612 5.365668135947671 38.98133499107675
seq13/frame00205.png 0.36002557063094637 -0.11271619765165972 -0.9170533401375573 0.12918908089061937 29.207638611172946 8.740699105952585 39.19869415311539
seq13/frame00206.png 0.4130361609406691 -0.1006189061474978 -0.8987571342740253 0.10729668714650914 33.00806424043789 6.151134851372868 36.06498690073215
seq13/frame00207.png 0.39753918675763933 -0.12062520564636134 -0.9000476521728128 0.13162970247271522 30.9636256782489 8.31755797133689 36.96290203449089
seq13/frame00208.png 0.37988021125049837 -0.110164764386388 -0.9122518212140969 0.10654278239060794 29.164555634927563 6.425357643048805 38.55581873943089
seq13/frame00209.png 0.3102797094191792 -0.11608546722655058 -0.932840622111395 0.14162994019757577 24.109462399467002 10.505384986667162 41.1154406002094
seq13/frame00210.png 0.35325268007221544 -0.11654506817049586 -0.9141789279128298 0.16095551828713764 27.908533986299442 11.690221162956727 38.88002970191411
seq13/frame00211.png 0.41750136063289733 -0.1128775935556581 -0.8901331176167634 0.14357679361451217 31.065471774604983 8.948588720331474 34.37724772735156
seq13/frame00212.png 0.4275263147343331 -0.10550857738658707 -0.8843429008730134 0.15500588370459284 31.86234944573311 9.768690732110613 32.88143297687205
seq13/frame00213.png 0.42574450095586763 -0.11074774043180477 -0.8889658018543077 0.12734347658445658 30.595227802653508 7.327885133249899 33.59170667503369
seq13/frame00214.png 0.4148980435617455 -0.09646287727590377 -0.8960297826976519 0.1252403899510382 28.6055922807266 7.452613040934762 33.56719422912319
seq13/frame00215.png 0.445168445465869 -0.09922454594003328 -0.8815146671336798 0.1221123919702442 30.01890748789225 6.969045071545051 32.01990779255629
seq13/frame00216.png 0.44754255554303196 -0.10611999580708079 -0.8812467934468956 0.10884988060389165 28.756200200085853 5.498197341499615 31.3735773823766
seq13/frame00217.png 0.4478658545317051 -0.10441522009793242 -0.882412545903704 0.09930627869490341 26.823307080808135 4.61534507013715 30.200970953047023
seq13/frame00218.png 0.4278074285824325 -0.09452740524967229 -0.8938821209009266 0.09497435253852939 24.261330632895948 4.580153755241452 30.89287506603787
seq13/frame00219.png 0.3941796285201894 -0.1048694889352407 -0.907681051726233 0.09869102840332747 21.90143234280733 4.862065420838924 32.706965925292124
seq13/frame00220.png 0.43237334894231466 -0.078788138344388 -0.8909071194286982 0.11458717612321512 23.002060213816378 6.426056023048872 30.04620773001397
seq13/frame00221.png 0.36466489040799 -0.09219827769901351 -0.9169181453535405 0.13334207893417455 19.179984829851342 7.943181524371505 32.43182472246089
seq13/frame00222.png 0.35592782636562614 -0.08709482112575649 -0.9181855164635643 0.1505497655536217 17.79139969456743 9.214259239306147 31.666385041705045
seq13/frame00223.png 0.3623334250409438 -0.09342856236357533 -0.9157035885877385 0.14653508344526858 19.317370937666983 9.28520991432854 32.965201966144036
seq13/frame00224.png 0.3835666314417186 -0.06893659931401949 -0.9105973026700399 0.137611543445739 19.065564571395036 8.53139016601424 31.77532663086207
seq13/frame00225.png 0.4319313817828054 -0.0775256501325685 -0.889193172112534 0.12946257247238685 21.27246591750773 7.42887114560368 29.38162244726789
seq13/frame00226.png 0.45251222150629083 -0.0859309832906747 -0.8799739558790128 0.11616536692483131 21.597997389912138 6.105674882951728 27.90451320517314
seq13/frame00227.png 0.4308159404081128 -0.10385757919170774 -0.8892355491490792 0.1134520465405869 20.30983157780431 5.844746569522697 28.756971553359207
seq13/frame00228.png 0.4232930333432287 -0.1045774528292253 -0.890652143889306 0.12893922160546212 20.60976987364242 7.157513052590317 29.06965900639231
seq13/frame00229.png 0.44369140594604745 -0.10231473376141859 -0.8778173662809684 0.14868188524663595 18.759028927911082 8.233686015040199 27.29620559202831
seq13/frame00230.png 0.4829029032867463 -0.13970844372664115 -0.8543479619316589 0.13181766456713132 18.342974283718707 6.005560024998814 23.830126413004265
seq13/frame00231.png 0.39017071864758235 -0.10213238080206419 -0.9034124198529973 0.14553963981363524 14.549044404671632 8.329201781759112 28.868457833066874
seq13/frame00232.png 0.4678252737265825 -0.08865477090980836 -0.8637981135147975 0.16471995612510035 18.184357886355677 8.62262009069169 24.957954033707175
seq13/frame00233.png 0.48135218045892253 -0.10595049094305009 -0.8525113234382932 0.17406612319994433 18.54279219434401 8.984211277369955 23.66017631881352
seq13/frame00234.png 0.4707898982614774 -0.07752758076769918 -0.861654590482434 0.17290955038922787 17.100687167751257 9.093801985226525 24.075156395100603
seq13/frame00235.png 0.4842690922567294 -0.09271425268654972 -0.8486213468139442 0.19164895868568158 17.55002304707502 10.038898475076541 22.92661562162775
seq13/frame00236.png 0.5000642965767834 -0.09745180250201882 -0.8377440539096064 0.1965292487579727 17.4259687022216 9.694448673430799 21.776180560473637
seq13/frame00237.png 0.49390924315492807 -0.08227339508143908 -0.8445932207387875 0.1895970449927474 16.905748690528302 9.34261750288263 21.64433991904793
seq13/frame00238.png 0.4688393896910742 -0.10164324529173085 -0.8454151862160746 0.23480085237474388 15.660633874987749 11.86727890931127 21.268732835983283
seq13/frame00239.png 0.456664748318514 -0.13500265155817956 -0.8473933562050597 0.23485334056592333 13.914190065843343 11.365675198615174 20.738994061197054
seq13/frame00240.png 0.4555620534847585 -0.15177131709089203 -0.8470373903599697 0.2279393385649323 12.6793972859618 10.552375420862601 20.241011387479116
seq13/frame00241.png 0.4624443545869924 -0.14263365646415935 -0.8393201738557577 0.2476741906477638 11.982139214407972 11.296312617668962 19.284572324979592
seq13/frame00242.png 0.43536944811026673 -0.12476135688172857 -0.8660724101694417 0.21167576106981642 11.090431687230707 10.030586755745299 21.474283965682165
seq13/frame00243.png 0.5000280505389597 -0.11531381811306718 -0.8489412155371269 0.1263862515811726 13.341069523130653 5.01361203354111 20.886254178994175
seq13/frame00244.png 0.42696610571061283 -0.11457499130406985 -0.8841555111448552 0.15113420544061373 9.273030146844937 6.7967543955987315 22.783882047470513
seq13/frame00245.png 0.42317937785152515 -0.09357045141392603 -0.8942012777169513 0.11210646597213454 9.546844323974987 4.962856453714545 23.104576993213627
seq13/frame00246.png 0.39322117732233935 -0.0893971203119613 -0.9079634352321502 0.11396341898432084 9.555794272945297 5.1791122392704265 23.93872707795504
seq13/frame00247.png 0.41151475960855527 -0.09238869568773919 -0.9010910544112368 0.10077124189706269 11.191446035158851 3.7446372537547044 22.09545343187782
seq13/frame00248.png 0.41718720406307896 -0.08937248231428378 -0.897175213002037 0.11421047826606771 9.9101210065307 4.794337482069701 22.802227961654307
seq13/frame00249.png 0.563313913723056 -0.10785790248664061 -0.8133157449324573 0.09778346752983372 14.599327613279314 2.5711861990068487 17.241691987067547
seq13/frame00250.png 0.6270871119582433 -0.09766677801540637 -0.7713370900971868 0.04756099166714964 16.326783312111722 -0.26069745711936754 14.19779981293724
seq13/frame00251.png 0.7506756905164826 -0.08961559924930664 -0.6538170431674918 0.031278204911843 20.762622498848753 -0.6256687272672307 8.537164481151414
seq13/frame00252.png 0.8164193084195853 -0.07242037996946465 -0.5714617715425925 0.0405739457061612 19.133051567295404 -0.29034611073573674 4.675149178856186
seq13/frame00253.png 0.8611126438419908 -0.10070876280752296 -0.49659072644854463 0.04171822281140138 18.60488343484214 -0.9964187275306848 2.8134064927868416
seq13/frame00254.png 0.8657344934997087 -0.09528257918111664 -0.4864845089337403 0.06897709356658968 16.981219173254587 0.17579853943791415 3.447515896095206
seq13/frame00255.png 0.8790666167220418 -0.14610267285741182 -0.4443434309672918 0.09195002830341722 15.03392729374064 0.3157632862952204 2.603378048391654
seq13/frame00256.png 0.8538816771459624 -0.17089499465893082 -0.4835267461345881 0.08878551687871249 15.088908614558289 -0.29259386724395153 2.300570573206665
seq13/frame00257.png 0.8250874094976219 -0.15244271547675187 -0.5394862792757129 0.07033164053130413 16.555906812688114 -0.22606330333344923 4.335130024812625
seq13/frame00258.png 0.7978982063805534 -0.1431039108753039 -0.5806534916031736 0.07563891614726612 17.44931239109601 0.20522060274983175 5.562394756727866
seq13/frame00259.png 0.7536270904851907 -0.14423944078082832 -0.6369764404240933 0.07417685996799271 17.440325498616478 0.24425181654270514 7.3842099050624235
seq13/frame00260.png 0.74842937556471 -0.15673871591320035 -0.6323441372001708 0.12420683102901622 14.77361043252002 1.9954973852850482 7.485048443296163
seq13/frame00261.png 0.7344747067272924 -0.18232482241162648 -0.6355720807106326 0.15281588442169097 11.883635907001079 2.995574850305146 8.182585368853626
seq13/frame00262.png 0.6590377006476605 -0.17025258985403402 -0.7149944232488533 0.15958176429679277 8.671206202067495 3.8886740638122355 9.788069648998983
seq13/frame00263.png 0.6599503084126535 -0.13300669129941411 -0.7326211358195537 0.10020519869793944 8.884259196851545 2.331917087555897 10.824029601135345
seq13/frame00264.png 0.6790611697882016 -0.14245737785615906 -0.711446099929993 0.11147318096577816 7.58597376064564 2.7729641358051524 9.97540351128589
seq13/frame00265.png 0.6732738813754215 -0.1379316928460239 -0.7208101991379187 0.09005434795199647 8.536480714502327 1.8248179914172027 9.984634064929331
seq13/frame00266.png 0.6729387628280105 -0.1253100846220273 -0.724557055238263 0.08042311782058206 8.37203763791198 1.5887259582380138 9.97715187300041
seq13/frame00267.png 0.7181802329962098 -0.1071060348165075 -0.6839417146358573 0.07049241959500795 10.74758670239674 0.861856185020997 8.249496079545024
seq13/frame00268.png 0.7073957398847373 -0.10796883211075042 -0.6945891919310901 0.07402602878772062 8.773969091781037 1.2981576933835623 9.245206226013922
seq13/frame00269.png 0.7391939546018319 -0.08157735784285317 -0.6657685016077162 0.06074318426375562 9.302151777292902 1.0154152161854837 8.586245995409492
seq13/frame00270.png 0.7679343128626568 -0.08389688334428615 -0.6315685675076415 0.06602536353266437 9.135467815816744 1.0705011415710766 8.920237686079766
seq13/frame00271.png 0.7652492834207234 -0.09697264505926889 -0.6299351578559808 0.0903965554168852 8.679706628483991 1.644446922856055 9.072363165782056
seq13/frame00272.png 0.7718001429606726 -0.10848411814036348 -0.616783527207227 0.1101536018612405 6.786835976836573 2.6423698089077576 9.746526875179436
seq13/frame00273.png 0.7757390251875312 -0.1387923411746616 -0.6038925332068537 0.11949669103939228 5.028873508259121 3.555171334483196 11.250231258704414
seq13/frame00274.png 0.7415765187521116 -0.13414316088669648 -0.6390443302197262 0.15392278335856005 2.963941591615793 4.058728065609947 10.648002068389271
seq13/frame00275.png 0.7492878150292059 -0.13018978220516478 -0.6298550817867931 0.15780040179125499 3.2341178400644477 3.852480632645203 10.148752198139897
seq13/frame00276.png 0.7433512862246526 -0.09953349859245807 -0.6444041416911828 0.14921544858810704 2.742303381337543 3.8375720923529424 11.445287853156781
seq13/frame00277.png 0.7294392959145966 -0.12480573161119436 -0.6506124846243152 0.17042663460734925 0.661835940477384 4.157900091730549 11.145887451836487
seq13/frame00278.png 0.7402190388639435 -0.08344694449919828 -0.659300808525033 0.10215099527329692 1.206157780800625 2.808573597954964 12.940438327789616
seq13/frame00279.png 0.7709676766981167 -0.0985577382884413 -0.6221708419706492 0.09380115730473926 2.2267080766238783 2.9931506229856866 13.623497468891742
seq13/frame00280.png 0.7870437228350249 -0.08859931476637353 -0.6062559793270258 0.07187508121137974 1.9665812862754217 2.3650006138486264 13.829684163299488
seq13/frame00281.png 0.8120588968515815 -0.08740503198593566 -0.5714677990051386 0.07965715992899193 2.419618968643366 2.672188497890763 13.660301466422903
seq13/frame00282.png 0.829365737139248 -0.08601799263373831 -0.5463447064056632 0.07912547494481924 1.7357283445280491 2.781370581773701 13.958821409542299
seq13/frame00283.png 0.8419694434812115 -0.09023627467591948 -0.5214140537331399 0.10522478579747971 1.9328959744502383 3.4094138679496395 14.085719147581583
seq13/frame00284.png 0.8483897681215415 -0.06552376488671526 -0.516869139216461 0.09374289577019929 1.6068444282328878 2.5565114775628923 14.810246430526067
seq13/frame00285.png 0.825137594646522 -0.04394909769801033 -0.5604073210620127 0.056214421749055395 0.14012082653873756 1.1343016364309169 13.915953939518651
seq13/frame00286.png 0.85037765919863 -0.06455248749559472 -0.5181389322379824 0.0649835363247783 0.6550520821519935 1.9142293939455182 13.823270600739376
seq13/frame00287.png 0.8594859696863464 -0.10288326024639073 -0.49201259946026765 0.09285744259748133 0.06330883106595565 3.189404355339371 14.25402234336972
seq13/frame00288.png 0.8532868100514879 -0.10650948609194297 -0.5054171609367061 0.07149015733138717 -0.3257884729588687 3.061220598882433 14.465565143329723
seq13/frame00289.png 0.8708435998458034 -0.08135298204565848 -0.4806588532207977 0.06308869740570289 -0.27080092279052337 2.1439083060491484 14.122702009284602
seq13/frame00290.png 0.8648084706851522 -0.09040336675573267 -0.492432928000453 0.03799146919160104 -0.9510231424492326 2.101158462726645 14.159310493517886
seq13/frame00291.png 0.8585624385245241 -0.08032345870788983 -0.5048817234467855 0.03889892627603048 -1.7654349916251477 1.7905374549970003 13.875595369535658
seq13/frame00292.png 0.8708954975636853 -0.07469665528526331 -0.48524210960876446 0.022395023441182542 -1.9853443754808657 1.6319055383731391 14.220822645612778
seq13/frame00293.png 0.8739851190382638 -0.06368364815695852 -0.4808843229249429 0.0290632520911115 -1.9011595027237396 1.5564895530455858 13.800705312345166
seq13/frame00294.png 0.8942907992089524 -0.08730006902141074 -0.4378616904054424 0.02999674106229086 -2.8251780841880922 1.8432455012275075 12.897516821445489
seq13/frame00295.png 0.8991121601981864 -0.08357417761396786 -0.4290088208495101 0.023751038992271007 -2.871069169347295 1.693284551052472 12.30120275133831
seq13/frame00296.png 0.9102275833815371 -0.08079071382854237 -0.4060113991569314 0.010646631632213223 -3.597332291802774 1.7985788345380307 12.427400092216224
seq13/frame00297.png 0.9144221240043644 -0.06718896877497836 -0.39910020997507467 0.006069926206568748 -2.937944164923768 1.1903176014354264 11.52038462301189
seq13/frame00298.png 0.9301670785911764 -0.08935859268902396 -0.3558401457674085 -0.013492163578283778 -3.411310351729647 1.850768940390907 12.166168676562089
seq13/frame00299.png 0.9317292804170874 -0.08417808280234465 -0.352873982964504 0.016569566558761017 -4.103222927147088 1.9676751725407318 11.41052794507769
seq13/frame00300.png 0.9283106657494865 -0.08239064089712582 -0.36235223046959286 0.012326849638746027 -3.5236407105269274 1.6970846023906827 10.599391378637216
seq13/frame00301.png 0.9234863694910508 -0.09631508690240757 -0.37129650521471813 0.005935875214003235 -3.7237427141996218 1.9883777239215248 10.66240585397731
seq13/frame00302.png 0.9429214967259926 -0.09182554378849703 -0.3200785170904038 0.004106509121936937 -3.9764219374089764 1.8507418146844516 10.22729130319223
seq13/frame00303.png 0.9478836029521082 -0.09158877264651173 -0.3050258341900647 0.009349462887847139 -3.665985542693198 1.2133641962924366 7.9725575387663365
seq13/frame00304.png 0.9550356876583703 -0.08342782521143706 -0.28390537815546046 0.018557196280630732 -2.398372161618216 0.3300138065142267 5.55576348755899
seq13/frame00305.png 0.9453367118377918 -0.09615895388458766 -0.31158419912769797 0.002691411058177498 -3.219201262667056 1.0076174713354422 6.275829454784505
seq13/frame00306.png 0.9549975311129353 -0.09121049772141665 -0.2822399233057473 -0.0009931595916158596 -5.160656754280767 1.3365095958632958 9.271698971109299
seq13/frame00307.png 0.9472136301507464 -0.09807451847937913 -0.3052178027987982 -0.0031337735010371196 -5.345182744051062 2.034461828104565 9.520064390085109
seq13/frame00308.png 0.9168936739870752 -0.17349826448155717 -0.35794663775249125 0.032841244587528476 -5.2317375018493335 2.719977658277804 6.89849510223152
seq13/frame00309.png 0.9155863476788135 -0.2424219264445391 -0.3185244105269279 0.038411579264093575 -4.536246500298392 5.001447805048769 7.894477919693844
seq13/frame00310.png 0.8999137502919962 -0.26457010244674306 -0.34032609066427477 0.06584872770135279 -3.5238188419426977 3.6141342126602414 5.538892500723201
seq13/frame00311.png 0.9056940666307823 -0.31343883810579615 -0.27697233993827974 0.068997647393216 -4.985528539408744 4.430167663565268 6.1520948013705015
seq13/frame00312.png 0.911108482898825 -0.3499484859292405 -0.20668480514691956 0.0685476542779825 -6.251039242093406 4.549090611714432 5.736079538262896
seq13/frame00313.png 0.9307895495730615 -0.34454566619926996 -0.11722406578086231 0.034316420423496544 -6.584589038229491 4.465422176636519 5.1329275250862905
seq13/frame00314.png 0.9404193581592057 -0.33734860458969934 0.03780859623606658 -0.01943861701531538 -6.978901560445289 5.438352357065862 7.03965945491029
seq13/frame00315.png 0.9507337693086154 -0.3075777269516273 0.013129840939527182 -0.036453381961143574 -5.269580401647344 4.8244407779407785 5.852089722270303
seq13/frame00316.png 0.9543848740006299 -0.2945066787684593 -0.04787363835356395 -0.011110499105167742 -6.6295977091085705 4.703304893667791 6.76040413057388
seq13/frame00317.png 0.9683637072773722 -0.24825258842643388 0.02483386868926507 -0.0050657411622975 -7.570606253596626 5.246050540269744 8.525494879637865
seq13/frame00318.png 0.9805120188826096 -0.19604411322116597 -0.01244409278907288 -0.002833911207556146 -7.372355206012081 4.601771885408792 8.744412588021785
seq13/frame00319.png 0.9825761713249446 -0.18016692862323894 0.0385596982795019 -0.02443552830358292 -7.592570453235698 4.6154738843929435 9.8166600942384
seq13/frame00320.png 0.989848500785343 -0.13152661299538998 0.049920569206057475 -0.02021465649257936 -7.0149499555242265 3.9416137541855183 11.335848716948929
seq13/frame00321.png 0.9865997996163782 -0.10905823542364425 0.11989992193176136 -0.018738874138034513 -7.049446509232 3.5895267204530166 12.879373144094854
seq13/frame00322.png 0.9820058504617634 -0.10407586680265736 0.1564718653703474 -0.018689006278243204 -6.8126873599263345 3.240097216591063 12.780873185139955
seq13/frame00323.png 0.9827799472311882 -0.08644734038228565 0.16196077637152528 -0.020955657427656985 -7.262379191325751 3.0276923682295687 14.246006402325667
seq13/frame00324.png 0.9742303418153188 -0.06972342344569828 0.21383241267766517 -0.01701718536854386 -6.401513357221838 2.6731764807456337 14.98523812919734
seq13/frame00325.png 0.9770849932613952 -0.08581067083295814 0.193902622332897 -0.018526137401028285 -6.990224539264399 2.78616889217897 14.678979792090177
seq13/frame00326.png 0.959551948963912 -0.07977369184543948 0.26957008498518575 -0.015105780681127445 -5.181466405650617 3.0589422563920077 16.23821807220307
seq13/frame00327.png 0.9751145540176513 -0.10704177355347542 0.19370750848154206 -0.013079236038714605 -6.44888814977399 3.6955445534410454 15.861992665144149
seq13/frame00328.png 0.9639501004736198 -0.11144949992325057 0.2414808604016495 -0.008136757550430635 -5.947565368089373 3.916910156242371 16.64190439285665
seq13/frame00329.png 0.9707896575592752 -0.1083008826421801 0.2140235556325928 -0.0056813052419498085 -6.125733136462938 3.7572110753897245 16.790004356070558
seq13/frame00330.png 0.9566294876830356 -0.1301888323883621 0.2597887104945713 -0.020511389914280104 -5.733515646546563 4.711735841101713 17.396817498834803
seq13/frame00331.png 0.96460806150316 -0.15433709714071062 0.21291769861926735 -0.019426830517869965 -7.164891870481124 5.271137838877243 16.238097933360606
seq13/frame00332.png 0.9565040792804267 -0.12684736235885774 0.25938676114136283 -0.04157163849426601 -6.965485057928087 5.167739279732573 17.88718750254147
seq13/frame00333.png 0.9433791180368856 -0.14999666676358153 0.29280431288289066 -0.042455552863455655 -7.950339594060372 6.494227421853924 18.824286863998235
seq13/frame00334.png 0.9416080353211833 -0.14301111868754557 0.29771582316494305 -0.06547836579770616 -7.453245464919998 6.969932874359231 18.970757930288414
seq13/frame00335.png 0.9430011665503703 -0.1493604868451069 0.29385850152949133 -0.04568835664450463 -7.998613853106835 6.151383237031315 18.15979695689155
seq13/frame00336.png 0.9329356592372139 -0.13596657301928713 0.33255125443597067 -0.023533166341956985 -7.127137476602377 5.7885911248539035 19.87594059457181
seq13/frame00337.png 0.9415818081257757 -0.1653987648983692 0.2904726454754275 -0.041141091468210524 -9.785117536552352 6.794156264987496 19.320616489169236
seq13/frame00338.png 0.9407567083239009 -0.16933294790754644 0.29159481951887967 -0.03571595898573218 -10.160355522352882 7.240066900826117 19.49523806965329
seq13/frame00339.png 0.9350873529157312 -0.21168529020000348 0.2799971908460581 -0.049015848950178284 -11.460643201096103 9.193310933164568 18.698923521617427
seq13/frame00340.png 0.9409853478862608 -0.19849848064221423 0.26745623224940496 -0.060100682833532024 -11.498657793826862 9.08917505168172 18.90250137954019
seq13/frame00341.png 0.9291286609776376 -0.16821894455982306 0.3258401504596411 -0.047439586734286124 -9.670983091433392 8.376596016016558 21.05649031486194
seq13/frame00342.png 0.9169503977440225 -0.1436650716459943 0.3641864352140741 -0.07701010110430383 -7.05415480404927 8.072389847052344 19.67795374270807
seq13/frame00343.png 0.8828294334599177 -0.18540553785386346 0.42587691029165986 -0.06975553906601004 -5.306777742163577 9.840564713839454 20.795839289242085
seq13/frame00344.png 0.9161508366863667 -0.1915502327133324 0.3470298871945492 -0.05955174371987173 -8.256714697727023 8.610973226791376 18.85196421978492
seq13/frame00345.png 0.9182513596557996 -0.13332399494783614 0.3683580280833032 -0.057892279347118096 -8.156579499849569 6.728432900821215 19.381814815771477
seq13/frame00346.png 0.9265175456637298 -0.1059602849801711 0.3601147965314072 -0.02559275099168864 -9.094731270089563 5.326253767890938 18.48305506485672
seq13/frame00347.png 0.9059441852230432 -0.0905740668142654 0.4097912795478278 -0.055969446020446206 -8.886628672988541 5.888176869092904 20.91368831330064
seq13/frame00348.png 0.9045577865934323 -0.0731719530991358 0.41826383819481494 -0.0384244408077733 -7.8549814780212355 4.012490816623372 20.623666302124015
seq13/frame00349.png 0.9077089963006095 -0.06617826273567455 0.4130612359189748 -0.03263787611529146 -7.637557100417304 3.7305525688134087 20.48953664821371
seq13/frame00350.png 0.9060339785592704 -0.05748157632463666 0.41694236993430056 -0.0442420414635687 -8.456254199635683 3.547100038593604 19.502214326487163
