frame-000000.color.jpg 0.2854338362131732 0.6984106302261353 -0.5993368029594421 0.2674800157546997 0.948879063129425 0.5650642514228821 1.110168695449829 0.27472827106661635 0.00595459807664156 3644
frame-000001.color.jpg 0.2609656936322198 0.7065111994743347 -0.6110153794288635 0.24371911585330963 0.9448567628860474 0.46009331941604614 1.1483337879180908 0.20729093190502437 0.005560358054935932 3069
frame-000002.color.jpg 0.23673028041226316 0.7067794799804688 -0.6233639717102051 0.2363021820783615 0.9115809798240662 0.39129379391670227 1.1852878332138062 0.11796795909541902 0.002948794048279524 3073
frame-000003.color.jpg 0.20460089065058046 0.692680299282074 -0.6509764194488525 0.23358550667762756 0.8487133979797363 0.2878900468349457 1.2442337274551392 0.40059971952709217 0.008595726452767849 3164
frame-000004.color.jpg 0.1935333397744478 0.681744396686554 -0.665786862373352 0.23344653844833374 0.8113903999328613 0.24007317423820496 1.2656817436218262 0.4015841739020731 0.007013462018221617 3228
frame-000005.color.jpg 0.18984285346648685 0.6738825440406799 -0.6762215495109558 0.22927363216876984 0.7978003025054932 0.20650190114974976 1.2708815336227417 0.32533151512122765 0.005690483376383781 3239
frame-000006.color.jpg 0.16227228922999243 0.6674451231956482 -0.6900395154953003 0.22810117900371552 0.7273823618888855 0.13590219616889954 1.3019936084747314 0.5245030863308258 0.008821792900562286 3202
frame-000007.color.jpg 0.15047253481649864 0.6539024710655212 -0.7061004638671875 0.226255863904953 0.6827391386032104 0.0854869857430458 1.3158599138259888 0.636312589352847 0.011174689047038555 2912
frame-000008.color.jpg 0.14047163955394593 0.645009458065033 -0.7167072892189026 0.22485831379890442 0.6510655879974365 0.0456591360270977 1.323482871055603 0.55130224067387 0.009397991001605988 2727
frame-000009.color.jpg 0.13029328615541338 0.6298940777778625 -0.7315772771835327 0.22594644129276276 0.5954923629760742 0.005829222965985537 1.3348486423492432 0.6008135882762048 0.010772069916129112 2476
frame-000010.color.jpg 0.13011871294347238 0.6152333617210388 -0.7381325364112854 0.2443711906671524 0.5441187620162964 0.03530619665980339 1.3503056764602661 0.4826998740111148 0.007379227317869663 2520
frame-000011.color.jpg 0.1351064446543186 0.6110177636146545 -0.7331900596618652 0.26614996790885925 0.5120586156845093 0.10010978579521179 1.3627097606658936 0.4966031509534989 0.0070085469633340836 2883
frame-000012.color.jpg 0.16435960915351067 0.6197034120559692 -0.7118301391601562 0.28679516911506653 0.5497018694877625 0.2332177311182022 1.3457024097442627 0.06899624312826146 0.0052572195418179035 3455
frame-000013.color.jpg 0.1918261994354604 0.628221333026886 -0.69193434715271 0.29961228370666504 0.6089377403259277 0.3500893712043762 1.3189399242401123 0.12211004194020862 0.0028177613858133554 3958
frame-000014.color.jpg 0.21483500628963187 0.6381914019584656 -0.6749557256698608 0.3016496002674103 0.6919932961463928 0.4417555630207062 1.2750829458236694 0.14661901517824902 0.004823883064091206 4227
frame-000015.color.jpg 0.22917168884924763 0.64117431640625 -0.6661376357078552 0.3043622076511383 0.7505749464035034 0.511570930480957 1.2345061302185059 0.0966354573783643 0.004419727250933647 4199
frame-000016.color.jpg 0.24265609114174955 0.6511713862419128 -0.653182864189148 0.3007424473762512 0.8254345059394836 0.5727686882019043 1.1868326663970947 0.07329053113581524 0.005506301298737526 4042
frame-000017.color.jpg 0.2576355044373928 0.6668010950088501 -0.632565975189209 0.2980950176715851 0.8951003551483154 0.6562218070030212 1.132467269897461 0.24571434784391621 0.006989816669374704 4090
frame-000018.color.jpg 0.2689403611226889 0.6759684085845947 -0.616915225982666 0.3002556562423706 0.9294421672821045 0.7194554805755615 1.0924774408340454 0.22947013028521604 0.004485199693590403 4052
frame-000019.color.jpg 0.27972763061874534 0.6841883063316345 -0.6017606854438782 0.3025274872779846 0.9575138092041016 0.7795485258102417 1.0492831468582153 0.07571714260144739 0.0029557214584201574 4116
frame-000020.color.jpg 0.2926836553781573 0.6973087787628174 -0.5818743705749512 0.2991971969604492 1.0001369714736938 0.8489307761192322 0.9895270466804504 0.11411170365913857 0.0031162381637841463 4116
frame-000021.color.jpg 0.3046117779838454 0.7014787793159485 -0.5703548789024353 0.2997239828109741 1.0297623872756958 0.9025824666023254 0.9413246512413025 0.215132109134118 0.007135288789868355 4190
frame-000022.color.jpg 0.3305629097400304 0.696382999420166 -0.5614692568778992 0.30088406801223755 1.088968276977539 0.9581456184387207 0.8581019043922424 0.35322843561036626 0.011521663516759872 4148
frame-000023.color.jpg 0.343086919360015 0.6953659653663635 -0.5537773370742798 0.3034602701663971 1.1194111108779907 1.010963797569275 0.7874550819396973 0.33297791189705694 0.010294741950929165 4093
frame-000024.color.jpg 0.35288306708802886 0.693150520324707 -0.5443219542503357 0.3142126798629761 1.1281015872955322 1.0751384496688843 0.7224153280258179 0.21118151170992677 0.006786016281694174 3955
frame-000025.color.jpg 0.35530286425985896 0.6911786198616028 -0.542525053024292 0.3189018666744232 1.1322354078292847 1.0957156419754028 0.7017942667007446 0.14711915311218055 0.0035615460947155952 3918
frame-000026.color.jpg 0.36344665133209586 0.6857640743255615 -0.5406572222709656 0.3245363235473633 1.1442173719406128 1.1173210144042969 0.664371907711029 0.12824894126102204 0.0030135384295135736 3797
frame-000027.color.jpg 0.36183022369961393 0.6809922456741333 -0.5433376431465149 0.3318324089050293 1.1390280723571777 1.1303622722625732 0.6657105684280396 0.09152759645710547 0.001494782161898911 3876
frame-000028.color.jpg 0.367046508216181 0.6707826852798462 -0.5431495308876038 0.3468659520149231 1.1301953792572021 1.1723183393478394 0.6463640332221985 0.38068672988874314 0.007661960553377867 3655
frame-000029.color.jpg 0.384891311799485 0.6690583229064941 -0.5299468636512756 0.3512490689754486 1.1285430192947388 1.2186685800552368 0.5826553106307983 0.1567441836534111 0.004871185403317213 3442
frame-000030.color.jpg 0.3867012618018172 0.670313835144043 -0.521222710609436 0.3598169982433319 1.0975114107131958 1.2576955556869507 0.5669450163841248 0.08127757025628568 0.005734986159950495 3285
frame-000031.color.jpg 0.39545450696142964 0.6685091853141785 -0.5140257477760315 0.36399009823799133 1.0834144353866577 1.2854108810424805 0.5314403176307678 0.14710378518654801 0.005465477239340544 3220
frame-000032.color.jpg 0.3999418882043686 0.6655789613723755 -0.5093894600868225 0.3709089159965515 1.0493608713150024 1.303635597229004 0.5137177109718323 0.11154341912908156 0.004255365114659071 3151
frame-000033.color.jpg 0.38736802882125204 0.6651098728179932 -0.5175504684448242 0.3737865090370178 0.9980524182319641 1.299078106880188 0.5596363544464111 0.2699006613447396 0.006466696038842201 3310
frame-000034.color.jpg 0.37693396559857495 0.661278486251831 -0.5286610722541809 0.3756980895996094 0.9574151039123535 1.269879937171936 0.6029658317565918 0.10467307591726853 0.0019267479656264186 3646
frame-000035.color.jpg 0.3659611010036449 0.6537534594535828 -0.5461400151252747 0.3747131824493408 0.9072001576423645 1.2274872064590454 0.6501342058181763 0.11854812496847342 0.00212167133577168 3957
frame-000036.color.jpg 0.36822462854069354 0.643781840801239 -0.5566916465759277 0.3742324113845825 0.8714960813522339 1.1983187198638916 0.6529346704483032 0.16993868172706092 0.007784190587699413 4002
frame-000037.color.jpg 0.36029321988754887 0.6341970562934875 -0.5710062980651855 0.37674233317375183 0.8052845597267151 1.1646924018859863 0.6797540187835693 0.2525690296454058 0.009040433913469315 4057
frame-000038.color.jpg 0.3457402186269897 0.6197175979614258 -0.5928635001182556 0.3806924819946289 0.7458142042160034 1.1193090677261353 0.729117751121521 0.366115188305182 0.010145642794668674 4174
frame-000039.color.jpg 0.332027025400077 0.5984665155410767 -0.6185207962989807 0.3860412538051605 0.6994384527206421 1.0765706300735474 0.7761812210083008 0.20535902890654212 0.005386394448578358 4128
frame-000040.color.jpg 0.3113799814630042 0.5746121406555176 -0.6477405428886414 0.39152976870536804 0.646816074848175 1.029201626777649 0.8245034217834473 0.16592217030933643 0.0034790143836289644 4235
frame-000041.color.jpg 0.2819933100014894 0.5595947504043579 -0.6782687306404114 0.383777379989624 0.5862085223197937 0.9748069643974304 0.8692107200622559 0.17268149626671028 0.005376489367336035 4419
frame-000042.color.jpg 0.26682432130873723 0.5494775772094727 -0.6953041553497314 0.3787233531475067 0.5388716459274292 0.9559697508811951 0.8733190298080444 0.2046726882764484 0.005022995173931122 4422
frame-000043.color.jpg 0.2517771084766591 0.5399418473243713 -0.7082595825195312 0.37873396277427673 0.4872249662876129 0.9448442459106445 0.8730397820472717 0.3933798627288449 0.010673620738089085 4199
frame-000044.color.jpg 0.24979535056945548 0.5302184224128723 -0.7169679999351501 0.377395898103714 0.46707457304000854 0.9314944744110107 0.8511707782745361 0.20690483945393354 0.004554630722850561 4038
frame-000045.color.jpg 0.24333267918899956 0.5076412558555603 -0.7293702960014343 0.38872671127319336 0.4338519275188446 0.9314610362052917 0.8551404476165771 0.27809208587199474 0.009962739422917366 3922
frame-000046.color.jpg 0.23125657207696976 0.49072176218032837 -0.745254397392273 0.38769638538360596 0.40116965770721436 0.8955981135368347 0.8853896260261536 0.34101821848892555 0.009256440214812756 3751
frame-000047.color.jpg 0.237190294131377 0.48946413397789 -0.7461960315704346 0.38387131690979004 0.38588982820510864 0.8829641938209534 0.8846863508224487 0.16253347600629772 0.003247131360694766 3778
frame-000048.color.jpg 0.239767098133122 0.5022338628768921 -0.7384271025657654 0.3807865083217621 0.3238041400909424 0.8740318417549133 0.8966625928878784 0.05256235775301451 0.004205706063657999 3912
frame-000049.color.jpg 0.23998189086727284 0.523607611656189 -0.7260044813156128 0.3757142722606659 0.23626531660556793 0.8471103310585022 0.9249226450920105 0.07826928547350497 0.007472851313650608 4075
frame-000050.color.jpg 0.23620673599210612 0.5327250957489014 -0.7201974391937256 0.3764652907848358 0.16412502527236938 0.8245272636413574 0.9374175071716309 0.13729172485593547 0.006832626648247242 3957
frame-000051.color.jpg 0.2396270599111348 0.5431203246116638 -0.7119958400726318 0.37504830956459045 0.1191616803407669 0.8093640804290771 0.9493051767349243 0.25895651049941065 0.009411977604031563 3887
frame-000052.color.jpg 0.23549474458277295 0.5516675114631653 -0.7091238498687744 0.37060561776161194 0.08024248480796814 0.7883638143539429 0.9698065519332886 0.17794451720796212 0.009848900139331818 3702
frame-000053.color.jpg 0.2358450796395174 0.5460325479507446 -0.7153807282447815 0.3666822910308838 0.04963991791009903 0.7785643339157104 0.9730156064033508 0.2399012432104271 0.006714880000799894 3541
frame-000054.color.jpg 0.2504388186918125 0.5395724177360535 -0.7150355577468872 0.3672413229942322 0.02813684195280075 0.7952791452407837 0.9479449987411499 0.25844792821050916 0.00965532474219799 3665
frame-000055.color.jpg 0.23495609110029547 0.5488173961639404 -0.7183002829551697 0.3572671711444855 -0.026349013671278954 0.7639960050582886 0.9619975090026855 0.18454117260529862 0.009008431807160378 3557
frame-000056.color.jpg 0.23357744029618802 0.5548703074455261 -0.7129735350608826 0.3594847321510315 -0.06096803396940231 0.7705767154693604 0.9461880922317505 0.14235425573266364 0.002896855818107724 3582
frame-000057.color.jpg 0.24178355663813167 0.5660147070884705 -0.7069361209869385 0.34843847155570984 -0.060977764427661896 0.7622383832931519 0.9473706483840942 0.07529148307793808 0.003503365907818079 3666
frame-000058.color.jpg 0.24500126675788364 0.5688438415527344 -0.7044438719749451 0.3466265797615051 -0.06789837032556534 0.7669949531555176 0.946265459060669 0.07532408655905432 0.0047997222281992435 3740
frame-000059.color.jpg 0.2510031328618373 0.5880574584007263 -0.6939687132835388 0.3310488164424896 -0.07036194205284119 0.7399423122406006 0.9586423635482788 0.41961413908318784 0.011299150064587593 3720
frame-000060.color.jpg 0.27415746856810574 0.6079994440078735 -0.6707925200462341 0.3243636190891266 -0.06419868767261505 0.7689706087112427 0.9544275403022766 0.4356294652634133 0.013766221702098846 4130
frame-000061.color.jpg 0.280976390588563 0.6554422378540039 -0.6268438100814819 0.31387025117874146 -0.1070072129368782 0.734024703502655 0.970766007900238 0.08934219605685922 0.0022611680906265974 4508
frame-000062.color.jpg 0.2934341829158927 0.6767808198928833 -0.597466766834259 0.31447991728782654 -0.1486475169658661 0.7210731506347656 0.9831481575965881 0.14865255726127485 0.003786724293604493 4572
frame-000063.color.jpg 0.2950340199936057 0.6876017451286316 -0.5854244828224182 0.31214892864227295 -0.17961469292640686 0.6948087811470032 1.005645990371704 0.0591054288488888 0.005896690767258406 4406
frame-000064.color.jpg 0.29538140431903026 0.6873742341995239 -0.5864986777305603 0.3102995455265045 -0.2010498344898224 0.6749794483184814 1.0153212547302246 0.030614798835221464 0.004733683075755835 4291
frame-000065.color.jpg 0.2869226254914995 0.6873748898506165 -0.5946522951126099 0.30262136459350586 -0.22557227313518524 0.6293721199035645 1.036087989807129 0.2377569640174398 0.00668508792296052 4208
frame-000066.color.jpg 0.28062514258093163 0.6760802268981934 -0.6116800904273987 0.3000207543373108 -0.23511748015880585 0.612553060054779 1.0395400524139404 0.27810766724103886 0.0074690841138362885 4305
frame-000067.color.jpg 0.27439064185359074 0.6619488000869751 -0.6327250599861145 0.2935858368873596 -0.2197273075580597 0.5705193877220154 1.0458447933197021 0.26708817087142817 0.00492597371339798 3856
frame-000068.color.jpg 0.2687411474575594 0.6679110527038574 -0.6307072639465332 0.2896226942539215 -0.2323572337627411 0.536919891834259 1.0626282691955566 0.25740138848318983 0.005481033120304346 3891
frame-000069.color.jpg 0.27804581192909494 0.6793537735939026 -0.6137165427207947 0.2907249331474304 -0.24425452947616577 0.5160303711891174 1.0706183910369873 0.09997268513878989 0.0030270088464021683 3986
frame-000070.color.jpg 0.2985557057388752 0.6924615502357483 -0.5858988165855408 0.2967897057533264 -0.25722891092300415 0.5167072415351868 1.0811185836791992 0.0958794875053548 0.0030536861158907413 4155
frame-000071.color.jpg 0.3048076350425076 0.6987504959106445 -0.5746906399726868 0.2976081967353821 -0.2739062011241913 0.48722824454307556 1.0825086832046509 0.13426621785788426 0.0041672540828585625 4235
frame-000072.color.jpg 0.3186004993044779 0.695844829082489 -0.5669628977775574 0.304707407951355 -0.2867744565010071 0.49694183468818665 1.059244155883789 0.1605514671669511 0.0038055821787565947 4534
frame-000073.color.jpg 0.3221233482534781 0.6952895522117615 -0.5573275685310364 0.3196796178817749 -0.32618457078933716 0.4704338014125824 1.0199851989746094 0.12352699936808215 0.0036999823059886694 4432
frame-000074.color.jpg 0.3117512988876026 0.698573887348175 -0.558256983757019 0.32117724418640137 -0.356397420167923 0.4255119562149048 0.9953832626342773 0.14513463631274806 0.003969365730881691 4346
frame-000075.color.jpg 0.3183001367990337 0.6852586269378662 -0.5709545016288757 0.3211178779602051 -0.36090877652168274 0.42254945635795593 0.9578614234924316 0.1080483432956986 0.0019253763603046536 4317
frame-000076.color.jpg 0.32564399651496007 0.6883049011230469 -0.5614946484565735 0.3239074647426605 -0.36107897758483887 0.4134565591812134 0.9314485788345337 0.15295596330456634 0.0027728574350476265 4208
frame-000077.color.jpg 0.3501899213122513 0.6923477053642273 -0.530784010887146 0.3410130739212036 -0.34911179542541504 0.44296494126319885 0.9009027481079102 0.25372114382016947 0.007206409238278866 4203
frame-000078.color.jpg 0.36624065267858086 0.6895984411239624 -0.5121913552284241 0.35774537920951843 -0.3483092486858368 0.45640721917152405 0.8636890053749084 0.20998313367570687 0.005296085029840469 4222
frame-000079.color.jpg 0.39049426408427923 0.6854584217071533 -0.4910537600517273 0.3694957494735718 -0.3342014253139496 0.47422051429748535 0.8311052322387695 0.17372012524758856 0.005520246457308531 4023
frame-000080.color.jpg 0.41793709568249005 0.6714521050453186 -0.4786261320114136 0.3813106119632721 -0.31749022006988525 0.5064112544059753 0.7974896430969238 0.12735513363488918 0.00783777516335249 3812
frame-000081.color.jpg 0.4356144123283616 0.6583326458930969 -0.47822198271751404 0.3848922550678253 -0.3031824827194214 0.5319026112556458 0.7790988683700562 0.09241090533543207 0.006628717761486769 3675
frame-000082.color.jpg 0.4349181994153729 0.655953586101532 -0.47706833481788635 0.39112263917922974 -0.3138618767261505 0.52060467004776 0.771673858165741 0.163119684995942 0.007663798052817583 3525
frame-000083.color.jpg 0.4392564917620915 0.64990234375 -0.47726336121559143 0.3961062729358673 -0.3165002763271332 0.5306277871131897 0.767256498336792 0.048071368301492286 0.005062155891209841 3495
frame-000084.color.jpg 0.44066775656139023 0.6515601277351379 -0.4780980348587036 0.3907729983329773 -0.31112509965896606 0.5284206867218018 0.7803733348846436 0.14954576457781268 0.0060725160874426365 3474
frame-000085.color.jpg 0.42009712136445154 0.663547933101654 -0.493406742811203 0.3738614618778229 -0.3128327429294586 0.4956730604171753 0.8247555494308472 0.17196073788650204 0.007064547855407 3951
frame-000086.color.jpg 0.40434109389508976 0.6672411561012268 -0.5016759037971497 0.373655766248703 -0.3464045822620392 0.5020136833190918 0.8544529676437378 0.12208394848314506 0.005412268452346325 4062
frame-000087.color.jpg 0.39068718670959846 0.6673038005828857 -0.5151768922805786 0.369678258895874 -0.3851955831050873 0.5144896507263184 0.89237380027771 0.17820702592375803 0.006028035655617714 4173
frame-000088.color.jpg 0.37094068340128405 0.665521502494812 -0.5326809287071228 0.3684224486351013 -0.4619065821170807 0.5234602093696594 0.9221673607826233 0.2670800867022152 0.004636532161384821 3990
frame-000089.color.jpg 0.3578702276029729 0.6527920961380005 -0.5442207455635071 0.38680124282836914 -0.5483675003051758 0.5512645840644836 0.9035919904708862 0.19324354063919566 0.0031904675997793674 4075
frame-000090.color.jpg 0.3406809379070637 0.6399393677711487 -0.5661635994911194 0.39226633310317993 -0.6199327707290649 0.558163046836853 0.8902990818023682 0.08031538736727997 0.002893042052164674 4092
frame-000091.color.jpg 0.31403965833060216 0.631859540939331 -0.6014302372932434 0.37471896409988403 -0.663245439529419 0.5431456565856934 0.8930408954620361 0.0592512373794127 0.001917353831231594 4438
frame-000092.color.jpg 0.2933293364696496 0.6328065395355225 -0.6152025461196899 0.36747726798057556 -0.7070444822311401 0.5255740284919739 0.8790013194084167 0.10810995507046754 0.0044676377438008785 4428
frame-000093.color.jpg 0.27625177998242273 0.6279900670051575 -0.6344053149223328 0.35615068674087524 -0.7484800815582275 0.5332364439964294 0.8672140836715698 0.08025372890176473 0.0012547164224088192 4407
frame-000094.color.jpg 0.26085210938782205 0.626926600933075 -0.6458184719085693 0.3490527868270874 -0.7947348356246948 0.5316482782363892 0.8475925922393799 0.14058336910777916 0.0040953392162919044 4255
frame-000095.color.jpg 0.25206009784515965 0.6173354983329773 -0.6600655317306519 0.3459421396255493 -0.815118670463562 0.5534629225730896 0.8242159485816956 0.11726276874404165 0.000976764247752726 4131
frame-000096.color.jpg 0.2544902856699376 0.610440194606781 -0.6637338399887085 0.3493637442588806 -0.8359719514846802 0.591912567615509 0.8107278943061829 0.20943953332709583 0.0026299282908439636 3999
frame-000097.color.jpg 0.2650986309176285 0.622103214263916 -0.6562404632568359 0.33475199341773987 -0.8271225094795227 0.5885295867919922 0.8484626412391663 0.23295824919740338 0.0037638016510754824 4104
frame-000098.color.jpg 0.27033797728935755 0.6512858271598816 -0.6309690475463867 0.32345321774482727 -0.8379781246185303 0.5358976721763611 0.8961392045021057 0.20659349221752937 0.004312341567128897 4181
frame-000099.color.jpg 0.2727596964967469 0.6662808060646057 -0.6171461343765259 0.31749436259269714 -0.8430030941963196 0.5068361759185791 0.9208164215087891 0.1427004342657922 0.0034293243661522865 4157
frame-000100.color.jpg 0.2762743502545199 0.6873985528945923 -0.5985670685768127 0.3047511577606201 -0.8436607718467712 0.4767942428588867 0.961890697479248 0.42503677567564907 0.007716427091509104 3992
frame-000101.color.jpg 0.2798022514235114 0.7005153894424438 -0.5846109986305237 0.29869523644447327 -0.8389248847961426 0.4540973901748657 0.9856501817703247 0.24394631602466138 0.004392003174871206 3749
frame-000102.color.jpg 0.2834891724093005 0.7146406769752502 -0.5724086761474609 0.28508058190345764 -0.8202399015426636 0.4378116726875305 1.022770643234253 0.12201269840432272 0.0029504753183573484 3619
frame-000103.color.jpg 0.2701081988727089 0.7284650206565857 -0.5684371590614319 0.2706649601459503 -0.819346010684967 0.4313046336174011 1.035723090171814 0.5882268302963407 0.00917484238743782 3649
frame-000104.color.jpg 0.27530288891193144 0.7289184927940369 -0.5662076473236084 0.26887738704681396 -0.81540846824646 0.4666813015937805 1.0267282724380493 0.3286701969648945 0.00471545709297061 3796
frame-000105.color.jpg 0.27676994124950083 0.712419867515564 -0.5812938809394836 0.2792016565799713 -0.8281952142715454 0.5830814242362976 0.9603947401046753 0.3244550364320711 0.005032940302044153 4100
frame-000106.color.jpg 0.27737105868817225 0.7070361971855164 -0.582299530506134 0.2899867296218872 -0.8393650650978088 0.6375525593757629 0.9054487347602844 0.17083634467481515 0.0013406218495219946 4288
frame-000107.color.jpg 0.2772883656584402 0.7029546499252319 -0.5836429595947266 0.2971982955932617 -0.8504374623298645 0.6756412386894226 0.8593874573707581 0.13016659691178245 0.005154846701771021 4407
frame-000108.color.jpg 0.2799953191873949 0.7015878558158875 -0.58112633228302 0.3027694523334503 -0.8575195670127869 0.7046361565589905 0.825637698173523 0.16607858430937236 0.003018684219568968 4393
frame-000109.color.jpg 0.29443551634602516 0.711115300655365 -0.559661328792572 0.3072490692138672 -0.8752519488334656 0.7311522364616394 0.7975464463233948 0.5931552386693281 0.013880986720323563 4272
frame-000110.color.jpg 0.30547095533508284 0.7222186326980591 -0.5311821699142456 0.32083195447921753 -0.9033867120742798 0.7226639986038208 0.770405650138855 0.6196103222329328 0.014453078620135784 4333
frame-000111.color.jpg 0.3135835128518567 0.7381454110145569 -0.5058250427246094 0.3177228271961212 -0.9196962118148804 0.7103468775749207 0.7808816432952881 0.4711376444067526 0.01173282228410244 4220
frame-000112.color.jpg 0.32366643945956647 0.7455692887306213 -0.4915870130062103 0.31258371472358704 -0.9183757901191711 0.7212099432945251 0.7859073281288147 0.5406824170924108 0.012771006673574448 4072
frame-000113.color.jpg 0.33233893391855274 0.7469549775123596 -0.4849333167076111 0.3105618953704834 -0.9162797331809998 0.7418397665023804 0.777366042137146 0.4518686135410888 0.010093364864587784 4064
frame-000114.color.jpg 0.3368547001566046 0.7452635765075684 -0.4818098247051239 0.3145955502986908 -0.9145299196243286 0.7681750059127808 0.754848301410675 0.34320873486094267 0.008761457167565823 4186
frame-000115.color.jpg 0.3402228344302825 0.7367868423461914 -0.4928489923477173 0.31383684277534485 -0.8832069635391235 0.8193177580833435 0.7297192811965942 0.36662393067664223 0.006415328476577997 4232
frame-000116.color.jpg 0.3444333861463261 0.7310827374458313 -0.49916520714759827 0.3125985264778137 -0.8437786102294922 0.8560390472412109 0.7115647792816162 0.279382084490628 0.005334910936653614 4403
frame-000117.color.jpg 0.3430618371239752 0.7278759479522705 -0.5039582848548889 0.3138969838619232 -0.7933292388916016 0.8925958871841431 0.6876204013824463 0.17971491024495737 0.004416384268552065 4485
frame-000118.color.jpg 0.3441723871451561 0.7270588278770447 -0.5040393471717834 0.3144443929195404 -0.776697039604187 0.905737042427063 0.6789993047714233 0.22364328523210758 0.005337055306881666 4467
frame-000119.color.jpg 0.3478138845985164 0.7236582636833191 -0.505289614200592 0.31626981496810913 -0.738479495048523 0.9331687092781067 0.6624239683151245 0.26807956215728496 0.006694113370031118 4539
frame-000120.color.jpg 0.35059767337100006 0.7227444648742676 -0.5040971040725708 0.31718742847442627 -0.701572597026825 0.9507666826248169 0.6494069695472717 0.23637603850548072 0.004104974679648876 4515
frame-000121.color.jpg 0.3550134608505927 0.721427321434021 -0.5040841102600098 0.31528908014297485 -0.6485447287559509 0.9678025245666504 0.6402753591537476 0.22302742094846928 0.0036806052085012197 4526
frame-000122.color.jpg 0.3570100622997447 0.7251713275909424 -0.4991258382797241 0.312319815158844 -0.6214282512664795 0.9706763625144958 0.6401981115341187 0.21083390577398337 0.0026559678371995687 4538
frame-000123.color.jpg 0.35810130495626996 0.7280122637748718 -0.4952656626701355 0.31060177087783813 -0.5935086011886597 0.9778868556022644 0.639485776424408 0.34240047802220686 0.006112891715019941 4505
frame-000124.color.jpg 0.3662140301331191 0.7310581207275391 -0.4881862998008728 0.30514827370643616 -0.5560261011123657 0.9822990894317627 0.6380054354667664 0.31971128329051207 0.005415632389485836 4540
frame-000125.color.jpg 0.370323424001896 0.7383856773376465 -0.48126083612442017 0.29331761598587036 -0.5140961408615112 0.9827734231948853 0.6558960676193237 0.14007917574902792 0.002414961811155081 4538
frame-000126.color.jpg 0.3717472469545542 0.7429706454277039 -0.4772365391254425 0.28643298149108887 -0.4909643530845642 0.981103777885437 0.6637061238288879 0.20018091842245264 0.00406367052346468 4502
frame-000127.color.jpg 0.37501091566405076 0.7483254671096802 -0.46799519658088684 0.2834720015525818 -0.46840745210647583 0.9799944758415222 0.6640079617500305 0.17705751309057283 0.0020566550083458424 4478
frame-000128.color.jpg 0.38072348892535374 0.7554367780685425 -0.45550835132598877 0.27726709842681885 -0.44340309500694275 0.9796379804611206 0.6740525364875793 0.09015456168126762 0.0031054143328219652 4426
frame-000129.color.jpg 0.3864496052605889 0.7603394389152527 -0.44627654552459717 0.2708836495876312 -0.4135187268257141 0.9793781042098999 0.6835379600524902 0.14330696040017463 0.004297156352549791 4436
frame-000130.color.jpg 0.39324008944984973 0.7683606147766113 -0.43245330452919006 0.26070713996887207 -0.38426053524017334 0.9766789674758911 0.700668454170227 0.17323551532184822 0.006193377077579498 4509
frame-000131.color.jpg 0.3993052422141832 0.7759907245635986 -0.41736847162246704 0.2533718943595886 -0.36216044425964355 0.9661210775375366 0.711167573928833 0.0842692798241372 0.003543620929121971 4495
frame-000132.color.jpg 0.402808222317105 0.7865190505981445 -0.4023166596889496 0.23932130634784698 -0.3257896602153778 0.9536129236221313 0.7351376414299011 0.15193272892974705 0.002463247161358595 4439
frame-000133.color.jpg 0.4041059032485415 0.7982903718948364 -0.38499683141708374 0.22629231214523315 -0.2972039580345154 0.9356067180633545 0.7570989727973938 0.16885096076152317 0.0027403191197663546 4091
frame-000134.color.jpg 0.4077883478831239 0.805900514125824 -0.3708350360393524 0.21613521873950958 -0.2726408839225769 0.9281905293464661 0.7702721953392029 0.261128884181445 0.0047458624467253685 3874
frame-000135.color.jpg 0.4105805418060191 0.816274106502533 -0.35176053643226624 0.20343251526355743 -0.2473297119140625 0.9146586060523987 0.78751540184021 0.3698761412581996 0.0073257144540548325 3445
frame-000136.color.jpg 0.4090434056137552 0.8282864689826965 -0.33246713876724243 0.18997526168823242 -0.22169259190559387 0.8909991383552551 0.8077499270439148 0.4274972979632933 0.007800207938998938 3240
frame-000137.color.jpg 0.40078706369001266 0.8376754522323608 -0.3227798342704773 0.18298304080963135 -0.22093787789344788 0.8586257696151733 0.8332543969154358 0.5580924625650676 0.014178045094013214 3025
frame-000138.color.jpg 0.39065283939736384 0.8419861197471619 -0.32510095834732056 0.18099458515644073 -0.23608557879924774 0.8281607031822205 0.8447605967521667 0.4494335443802735 0.01166706532239914 3040
frame-000139.color.jpg 0.3807038676307037 0.8373446464538574 -0.3448241055011749 0.1871224045753479 -0.2717759311199188 0.811564564704895 0.8462220430374146 0.39923851085027623 0.013637533411383629 3333
frame-000140.color.jpg 0.37316975356876636 0.8291953206062317 -0.3675098121166229 0.1952332854270935 -0.30272477865219116 0.8089810609817505 0.8435628414154053 0.2214315045602135 0.014615427702665329 3695
frame-000141.color.jpg 0.36727271049209476 0.8155748844146729 -0.3952310383319855 0.20914310216903687 -0.3490222096443176 0.8189916610717773 0.8268144726753235 0.13053594739527882 0.010487359017133713 4098
frame-000142.color.jpg 0.3657707207218713 0.8062561750411987 -0.41054388880729675 0.21821221709251404 -0.37456387281417847 0.8337368369102478 0.813351035118103 0.06652001940965416 0.007134221959859133 4350
frame-000143.color.jpg 0.3646247878168543 0.7917588353157043 -0.43240824341773987 0.23062920570373535 -0.41028234362602234 0.8560113310813904 0.7939079999923706 0.1855516804167035 0.00808277539908886 4498
frame-000144.color.jpg 0.36398077651294264 0.7810944318771362 -0.4474143087863922 0.23922786116600037 -0.42887261509895325 0.8721080422401428 0.7789920568466187 0.18724755502263682 0.007914132438600063 4455
frame-000145.color.jpg 0.3630973510171661 0.7715674638748169 -0.4591299891471863 0.24908556044101715 -0.4505932331085205 0.8886827826499939 0.76218181848526 0.12553962399677485 0.006602093111723661 4503
frame-000146.color.jpg 0.36330527137821816 0.7607711553573608 -0.4724128842353821 0.2570263743400574 -0.46900856494903564 0.9073945879936218 0.7482291460037231 0.15480256897970276 0.007155138999223709 4449
frame-000147.color.jpg 0.3633142675240111 0.7539036273956299 -0.4802132546901703 0.2627304792404175 -0.4824105203151703 0.9142967462539673 0.7358096837997437 0.19721057320607724 0.007304396480321884 4514
frame-000148.color.jpg 0.35969876629017283 0.7440969347953796 -0.4948117733001709 0.2685106098651886 -0.4975857138633728 0.9246805906295776 0.7260793447494507 0.14340550455525056 0.005013936199247837 4473
frame-000149.color.jpg 0.357769486154083 0.7341355681419373 -0.5082907676696777 0.2732882499694824 -0.5104672908782959 0.934022068977356 0.715562105178833 0.2628913664719991 0.00832161121070385 4511
frame-000150.color.jpg 0.35614313337876985 0.7218034863471985 -0.5226578712463379 0.2810526490211487 -0.5314838290214539 0.9489573836326599 0.6967034339904785 0.40196207546224527 0.011090786196291447 4485
frame-000151.color.jpg 0.3524171197372179 0.7138048410415649 -0.5346873998641968 0.28353866934776306 -0.5435721278190613 0.963230550289154 0.6916241645812988 0.16111106243121612 0.008974804542958736 4456
frame-000152.color.jpg 0.3494374379250089 0.702305793762207 -0.5489150285720825 0.28870829939842224 -0.5685782432556152 0.9754848480224609 0.675578236579895 0.5702769330749885 0.01627781055867672 4484
frame-000153.color.jpg 0.3453860525798404 0.6929458379745483 -0.5605508685112 0.2937981188297272 -0.5878190398216248 0.9880202412605286 0.6599880456924438 0.6269053377924767 0.017047444358468056 4529
frame-000154.color.jpg 0.3411583465234255 0.6801593899726868 -0.5744842290878296 0.3015989065170288 -0.6105263829231262 1.0048860311508179 0.6343079805374146 0.6541088073178739 0.016047880053520203 4449
frame-000155.color.jpg 0.33664098214530414 0.6731573343276978 -0.5823593735694885 0.3072291612625122 -0.6272699236869812 1.016499638557434 0.6202263832092285 0.459571199295012 0.011680002324283123 4485
frame-000156.color.jpg 0.3329109340769537 0.6610205173492432 -0.5932071208953857 0.3167452812194824 -0.6500679850578308 1.0407168865203857 0.5904227495193481 0.3158002262583129 0.0072586145251989365 4524
frame-000157.color.jpg 0.32958087532760433 0.653805136680603 -0.5996313691139221 0.323044091463089 -0.6622260212898254 1.0489827394485474 0.5709025263786316 0.46670575876991344 0.009333664551377296 4479
frame-000158.color.jpg 0.3217554161129272 0.6332467794418335 -0.6161532998085022 0.34033387899398804 -0.6996913552284241 1.0919485092163086 0.5156692862510681 0.18143477055426507 0.004345272202044725 4360
frame-000159.color.jpg 0.3229832843836515 0.6236487627029419 -0.6216025948524475 0.3469212055206299 -0.7092021107673645 1.1131775379180908 0.49246740341186523 0.2534762708662539 0.007252817042171955 4276
frame-000160.color.jpg 0.3202134108286362 0.6079668998718262 -0.631878137588501 0.35856595635414124 -0.7165057063102722 1.1418836116790771 0.4557470381259918 0.032753982066757725 0.002547357464209199 4279
frame-000161.color.jpg 0.31996427093732677 0.5961558222770691 -0.6382418274879456 0.3672443926334381 -0.7262570261955261 1.1635059118270874 0.42316749691963196 0.022192024995205287 0.002183974487707019 4436
frame-000162.color.jpg 0.31818915957083466 0.5824812650680542 -0.6462090015411377 0.3766765892505646 -0.7339355945587158 1.1869733333587646 0.39042529463768005 0.05846834695611983 0.003120850306004286 4370
frame-000163.color.jpg 0.3138291386480514 0.5712938904762268 -0.6542365550994873 0.3835481107234955 -0.7509998679161072 1.2034109830856323 0.3623117506504059 0.10194723012883843 0.0051241288892924786 4434
frame-000164.color.jpg 0.3112806306952086 0.564447283744812 -0.6595003604888916 0.3867335915565491 -0.7569633722305298 1.209863543510437 0.34751200675964355 0.07953287714006393 0.0034231601748615503 4377
frame-000165.color.jpg 0.304515036875241 0.5562230348587036 -0.6679730415344238 0.38948506116867065 -0.775981068611145 1.2194017171859741 0.3289467394351959 0.056238236831257775 0.0034505650401115417 4384
frame-000166.color.jpg 0.3012868368447795 0.551123857498169 -0.6725338697433472 0.391390860080719 -0.7888790369033813 1.2254135608673096 0.31378576159477234 0.03923441085639161 0.002349931513890624 4362
frame-000167.color.jpg 0.2966604666157628 0.5462320446968079 -0.6770314574241638 0.39401960372924805 -0.8054683804512024 1.232611894607544 0.2967219650745392 0.12406723798296107 0.005063667893409729 4276
frame-000168.color.jpg 0.2926500284319807 0.5449529886245728 -0.6780438423156738 0.3970373272895813 -0.8345497250556946 1.2272263765335083 0.28101029992103577 0.05161719030597432 0.0026093998458236456 4237
frame-000169.color.jpg 0.2889058388809976 0.5446433424949646 -0.6789970993995667 0.3985723853111267 -0.857276201248169 1.2231683731079102 0.2717834413051605 0.1711382203598312 0.005270934198051691 4203
frame-000170.color.jpg 0.28402962654729785 0.5420628786087036 -0.6837536692619324 0.3974621295928955 -0.8654323816299438 1.2252792119979858 0.2714497745037079 0.22319050505511656 0.008360438048839569 4173
frame-000171.color.jpg 0.2783398569980584 0.5364795923233032 -0.6910590529441833 0.39642655849456787 -0.862267017364502 1.2316778898239136 0.26621705293655396 0.33178593716518395 0.009806251153349876 4076
frame-000172.color.jpg 0.27072174865038295 0.5308284163475037 -0.6994578242301941 0.3945751190185547 -0.8557141423225403 1.2405712604522705 0.2602715790271759 0.26982328810804806 0.0076765273697674274 4060
frame-000173.color.jpg 0.26211732788629055 0.5120079517364502 -0.71656733751297 0.39455509185791016 -0.8185824751853943 1.2706178426742554 0.23830972611904144 0.20458168134184326 0.00695376843214035 4036
frame-000174.color.jpg 0.25127221953291 0.47957658767700195 -0.7397832274436951 0.39948636293411255 -0.7514492869377136 1.3217912912368774 0.19615110754966736 0.13318568726727353 0.007254557218402624 3920
frame-000175.color.jpg 0.2385764987610789 0.43159428238868713 -0.7679607272148132 0.4087100625038147 -0.6497548818588257 1.3858091831207275 0.13154354691505432 0.24253193325793984 0.005600399803370237 3861
frame-000176.color.jpg 0.23085631292639594 0.40874114632606506 -0.7787107825279236 0.41622766852378845 -0.6015706658363342 1.406888484954834 0.09779614955186844 0.06934324208450322 0.005061959382146597 3964
frame-000177.color.jpg 0.2229736351415997 0.36681053042411804 -0.7988210320472717 0.4214473068714142 -0.5100464224815369 1.4375300407409668 0.06546592712402344 0.25520636311910344 0.0057952930219471455 3876
frame-000178.color.jpg 0.20313891906760287 0.34221574664115906 -0.8110392689704895 0.42876359820365906 -0.46818315982818604 1.441872477531433 0.04078509658575058 0.48111815160972793 0.011739818379282951 3913
frame-000179.color.jpg 0.18348017378318754 0.3160932660102844 -0.8246458172798157 0.4317167103290558 -0.42334073781967163 1.443408727645874 0.03230554237961769 0.2324638608953708 0.0067104496993124485 4125
frame-000180.color.jpg 0.17019189119278733 0.2986198663711548 -0.8328517079353333 0.4338419437408447 -0.39575907588005066 1.4443867206573486 0.028634104877710342 0.3225182509155493 0.008468061685562134 4029
frame-000181.color.jpg 0.1603693349507989 0.2747412323951721 -0.8395311236381531 0.44043901562690735 -0.35651838779449463 1.4495518207550049 0.010997272096574306 0.22875440116539275 0.0066741150803864 3985
frame-000182.color.jpg 0.14771963974007057 0.25813788175582886 -0.8469290733337402 0.44074371457099915 -0.3357909321784973 1.446134090423584 0.01248234324157238 0.09833423348067358 0.003061639843508601 3968
frame-000183.color.jpg 0.12725972839592886 0.22943130135536194 -0.8615041375160217 0.43471479415893555 -0.2914219796657562 1.4495292901992798 0.03203677386045456 0.11338987806187252 0.002468882594257593 3874
frame-000184.color.jpg 0.11105477905187118 0.20736196637153625 -0.869461715221405 0.4344009459018707 -0.26888808608055115 1.4522218704223633 0.03624703362584114 0.18599688335258402 0.0036907505709677935 3844
frame-000185.color.jpg 0.0980027817438053 0.19694095849990845 -0.8736234903335571 0.43404120206832886 -0.27259618043899536 1.4468884468078613 0.041369155049324036 0.18241028698638687 0.005435981787741184 3775
frame-000186.color.jpg 0.08923597070829606 0.19569085538387299 -0.8765299916267395 0.43062418699264526 -0.28918787837028503 1.4358346462249756 0.05863894522190094 0.06647841128461261 0.005107496399432421 3837
frame-000187.color.jpg 0.0899329156556244 0.19259780645370483 -0.8787602186203003 0.42731568217277527 -0.300134539604187 1.4248440265655518 0.0804365798830986 0.08735543810160533 0.0048982566222548485 3852
frame-000188.color.jpg 0.08512632441336496 0.19316738843917847 -0.8797341585159302 0.4260372519493103 -0.3198954463005066 1.4118305444717407 0.0966821238398552 0.13272128776456557 0.005279644392430782 3854
frame-000189.color.jpg 0.08649585629802559 0.19318480789661407 -0.8829864859580994 0.418966680765152 -0.32753410935401917 1.4002439975738525 0.12826356291770935 0.20395451789760535 0.0057547991164028645 3916
frame-000190.color.jpg 0.08695652684227646 0.1863827407360077 -0.8863136172294617 0.4149076044559479 -0.31989750266075134 1.3886783123016357 0.15005196630954742 0.14283674456450157 0.005586350802332163 3993
frame-000191.color.jpg 0.08191440662851561 0.18621031939983368 -0.8876675367355347 0.41311269998550415 -0.3366999924182892 1.3752845525741577 0.16470521688461304 0.16987023309301535 0.00638934038579464 3970
frame-000192.color.jpg 0.08357499974237574 0.17735415697097778 -0.8882070183753967 0.41551077365875244 -0.3309904932975769 1.3718022108078003 0.1672893613576889 0.09161722934974867 0.00446708407253027 3928
frame-000193.color.jpg 0.08126783264901981 0.1701553463935852 -0.8906535506248474 0.41373783349990845 -0.3242969214916229 1.3653916120529175 0.1786978393793106 0.10742746976199519 0.004884564783424139 3956
frame-000194.color.jpg 0.08224825439197746 0.16415487229824066 -0.8925716280937195 0.41183048486709595 -0.3196852207183838 1.3573805093765259 0.1882142871618271 0.11116992650937954 0.004815352149307728 3899
frame-000195.color.jpg 0.0843203975626201 0.16318270564079285 -0.8919059634208679 0.4132373631000519 -0.32217293977737427 1.349210500717163 0.19179706275463104 0.19802742114212846 0.006452064961194992 3925
frame-000196.color.jpg 0.08784681875505178 0.16566020250320435 -0.8909922242164612 0.4134882092475891 -0.3322969973087311 1.3404531478881836 0.2001427263021469 0.2603177992175059 0.007086689118295908 3987
frame-000197.color.jpg 0.0894587129066719 0.1639351099729538 -0.8899100422859192 0.41615206003189087 -0.3323799669742584 1.340732455253601 0.1993231475353241 0.23389710672358924 0.007250501308590174 3902
frame-000198.color.jpg 0.09303253564335047 0.16639596223831177 -0.8894047737121582 0.41547146439552307 -0.3388182520866394 1.3351848125457764 0.20955917239189148 0.2457319836057966 0.007233368698507547 3860
frame-000199.color.jpg 0.09398820293431956 0.16899263858795166 -0.8911452293395996 0.41044825315475464 -0.3457324504852295 1.324868083000183 0.22730734944343567 0.2369581787300921 0.006679443176835775 3859
frame-000200.color.jpg 0.08916805482128477 0.169010728597641 -0.8955404758453369 0.40186041593551636 -0.349047988653183 1.3146858215332031 0.2513411045074463 0.17361952669967634 0.005864562466740608 3834
frame-000201.color.jpg 0.08743736677338887 0.16916349530220032 -0.9002276659011841 0.391571968793869 -0.3462560474872589 1.302796483039856 0.2809244394302368 0.2177673615345529 0.006927050184458494 3836
frame-000202.color.jpg 0.09052748056711737 0.16896681487560272 -0.904823362827301 0.38019680976867676 -0.3393411636352539 1.296643614768982 0.3097519874572754 0.044596973133657784 0.003159806365147233 3800
frame-000203.color.jpg 0.09280037100279012 0.16609503328800201 -0.9098687171936035 0.3686997890472412 -0.32705527544021606 1.2907594442367554 0.3404850959777832 0.22940580377705627 0.004648501519113779 3838
frame-000204.color.jpg 0.09000996871140533 0.1665857434272766 -0.9138990640640259 0.3590764105319977 -0.3317610025405884 1.2712147235870361 0.3679814338684082 0.0624063178684958 0.004065835848450661 3746
frame-000205.color.jpg 0.08250879180593303 0.1686718463897705 -0.9173305630683899 0.3510649502277374 -0.3452581763267517 1.2562520503997803 0.3848739266395569 0.09546129850125018 0.005832544062286615 3668
frame-000206.color.jpg 0.07675620500777089 0.1660977303981781 -0.9199594259262085 0.34669116139411926 -0.3473138213157654 1.2484209537506104 0.39363449811935425 0.16954998793439166 0.006298261694610119 3660
frame-000207.color.jpg 0.0690920960319844 0.1572912186384201 -0.9234304428100586 0.3431647717952728 -0.33848074078559875 1.2473771572113037 0.3931044042110443 0.12664700843660281 0.004056151956319809 3615
frame-000208.color.jpg 0.05862468493753679 0.1455574780702591 -0.9313945174217224 0.32845157384872437 -0.3187580704689026 1.2450155019760132 0.4162655174732208 0.2233738662858623 0.006420985329896212 3719
frame-000209.color.jpg 0.058564825689002155 0.12159283459186554 -0.9349393844604492 0.3281365633010864 -0.2671546936035156 1.2650811672210693 0.40800222754478455 0.27132990510899124 0.007618135306984186 3817
frame-000210.color.jpg 0.0550374068009598 0.09952349960803986 -0.9374161958694458 0.3291154205799103 -0.2244899868965149 1.2796504497528076 0.39760518074035645 0.2769734289519936 0.006839134264737368 3925
frame-000211.color.jpg 0.04612378057256062 0.08322280645370483 -0.9391883611679077 0.329957515001297 -0.20282289385795593 1.287125587463379 0.38784173130989075 0.24962401749394028 0.006810843013226986 4015
frame-000212.color.jpg 0.03435717846506828 0.053771596401929855 -0.940477728843689 0.3338111639022827 -0.16850988566875458 1.3093822002410889 0.3729478120803833 0.3827884804819765 0.008264514617621899 4176
frame-000213.color.jpg 0.020266889642662152 0.021337000653147697 -0.9405443072319031 0.33839377760887146 -0.12950678169727325 1.3227674961090088 0.3568553328514099 0.36349247570517645 0.010044313967227936 4293
frame-000214.color.jpg 0.011048525286902998 -0.010836035944521427 -0.942314863204956 0.33436983823776245 -0.08208625763654709 1.3259559869766235 0.359127938747406 0.2873241537523248 0.008217958733439445 4290
frame-000215.color.jpg 0.005762739867628459 -0.03503584489226341 -0.9418967366218567 0.33402058482170105 -0.0479293130338192 1.3274739980697632 0.3562362492084503 0.20773592139749333 0.006518357899039984 4386
frame-000216.color.jpg 0.015287832895034811 0.0744616687297821 0.9399856925010681 -0.332638680934906 -0.010288553312420845 1.3396743535995483 0.3475440740585327 0.424537024607901 0.009351372718811035 4396
frame-000217.color.jpg 0.03127144097658844 0.1183924749493599 0.9351778030395508 -0.33233699202537537 0.05049985647201538 1.3432860374450684 0.341278612613678 0.5470620272206144 0.011518922634422779 4291
frame-000218.color.jpg 0.03885430926787455 0.14022886753082275 0.9314916133880615 -0.333391010761261 0.07862196862697601 1.3425902128219604 0.335812509059906 0.5104166215804679 0.01005444023758173 4246
frame-000219.color.jpg 0.0485138685673624 0.16307516396045685 0.9275681376457214 -0.3326713740825653 0.10174226015806198 1.3393646478652954 0.33650529384613037 0.48702525138558406 0.009476402774453163 4243
frame-000220.color.jpg 0.057053280702634074 0.17565038800239563 0.9251731634140015 -0.3315819203853607 0.10602296143770218 1.338780403137207 0.3367992341518402 0.3774896143877953 0.007311170920729637 4197
frame-000221.color.jpg 0.06303011338357921 0.19342896342277527 0.9213005304336548 -0.3313877582550049 0.1313244253396988 1.339292287826538 0.3355843126773834 0.4739253754443227 0.008682716637849808 4199
frame-000222.color.jpg 0.0660626584518674 0.20726150274276733 0.9178164005279541 -0.3321015536785126 0.14981597661972046 1.3381505012512207 0.33125001192092896 0.3964841036653364 0.0067499494180083275 4294
frame-000223.color.jpg 0.07508852617475187 0.21999944746494293 0.9132237434387207 -0.33464083075523376 0.159902885556221 1.3422032594680786 0.31912603974342346 0.37310257854781087 0.0068395137786865234 4321
frame-000224.color.jpg 0.07965659603330529 0.2286854386329651 0.9090601801872253 -0.3390684425830841 0.17329749464988708 1.3464685678482056 0.3053971827030182 0.3640570068483339 0.006567471660673618 4415
frame-000225.color.jpg 0.09289710688358788 0.2412368506193161 0.901350200176239 -0.3474806845188141 0.1827927529811859 1.3607207536697388 0.2794751226902008 0.26409073168199754 0.0033815728966146708 4347
frame-000226.color.jpg 0.10366564964688124 0.2586882412433624 0.8918398022651672 -0.35630834102630615 0.21299982070922852 1.3631523847579956 0.2544057369232178 0.17746348245936547 0.0018670111894607544 4300
frame-000227.color.jpg 0.11365177463577349 0.2741174101829529 0.8837746381759644 -0.36178070306777954 0.24065150320529938 1.3624738454818726 0.23632298409938812 0.2814238841656387 0.004450762178748846 4287
frame-000228.color.jpg 0.12841366488637512 0.2898795008659363 0.8745829463005066 -0.36685770750045776 0.26451629400253296 1.3564503192901611 0.21782609820365906 0.5288575453701205 0.009660288691520691 4326
frame-000229.color.jpg 0.13508908154184307 0.30465689301490784 0.8696507215499878 -0.3642015755176544 0.28906020522117615 1.3574618101119995 0.222735196352005 0.3714188035152705 0.007183966226875782 4421
frame-000230.color.jpg 0.13057387132853018 0.3094600737094879 0.8637603521347046 -0.3756366968154907 0.3148937523365021 1.3601948022842407 0.19102148711681366 0.33789748904889083 0.0063503338024020195 4369
frame-000231.color.jpg 0.1336232259731313 0.3023172616958618 0.863357424736023 -0.3812651038169861 0.2957817018032074 1.3749932050704956 0.1645032912492752 0.2836013804895505 0.0056154765188694 4321
frame-000232.color.jpg 0.13976273168283992 0.2905513048171997 0.8654273748397827 -0.38351234793663025 0.2651249170303345 1.3767755031585693 0.14902500808238983 0.36129862427985365 0.006722074467688799 4279
frame-000233.color.jpg 0.14450369157158224 0.28270024061203003 0.8613594174385071 -0.39655911922454834 0.24431486427783966 1.3895981311798096 0.10216865688562393 0.43394977233611903 0.008358084596693516 4219
frame-000234.color.jpg 0.15300279276777565 0.28822794556617737 0.8548086285591125 -0.40350592136383057 0.2542071044445038 1.3928067684173584 0.07650957256555557 0.3323939574034473 0.005992746911942959 4230
frame-000235.color.jpg 0.15890138784806093 0.2944797873497009 0.8500059843063354 -0.4068436026573181 0.26563429832458496 1.3966059684753418 0.06406240165233612 0.3949208441190497 0.006773691158741713 4221
frame-000236.color.jpg 0.1648471093265883 0.30105671286582947 0.8472034335136414 -0.4055077135562897 0.2772316336631775 1.4021238088607788 0.055763550102710724 0.283147973322538 0.00485073309391737 4333
frame-000237.color.jpg 0.17626264800364208 0.3142114281654358 0.8398876190185547 -0.4059452414512634 0.3087137043476105 1.4058610200881958 0.04665298014879227 0.2701113833528051 0.005238356068730354 4295
frame-000238.color.jpg 0.18778847987910596 0.3279077112674713 0.8300313949584961 -0.410194993019104 0.3470368981361389 1.4041848182678223 0.030272535979747772 0.3811139101965598 0.009119580499827862 4278
frame-000239.color.jpg 0.1979092761036354 0.3467147946357727 0.8181968927383423 -0.41373249888420105 0.40068161487579346 1.405795931816101 0.018884001299738884 0.2941747267681418 0.007315564900636673 4253
frame-000240.color.jpg 0.2054548482915207 0.364315003156662 0.8085305690765381 -0.4139339327812195 0.4530637264251709 1.4041765928268433 0.023566948249936104 0.24979023655069488 0.00806676596403122 4102
frame-000241.color.jpg 0.21298007359021964 0.37988242506980896 0.7985423803329468 -0.41552239656448364 0.49419477581977844 1.3980907201766968 0.019707685336470604 0.2696561352363679 0.006296818144619465 4084
frame-000242.color.jpg 0.2288168335372352 0.39677971601486206 0.785281240940094 -0.416583776473999 0.5289896130561829 1.3883997201919556 0.014169407077133656 0.22377429946616753 0.0036304425448179245 4143
frame-000243.color.jpg 0.24349281816237908 0.4143538177013397 0.7737810015678406 -0.4126562178134918 0.5629696249961853 1.382032871246338 0.031240850687026978 0.1152892175998782 0.0038616538513451815 4090
frame-000244.color.jpg 0.25145763802699816 0.42328232526779175 0.7685389518737793 -0.4085939824581146 0.5728604793548584 1.3791545629501343 0.04309695586562157 0.2493397108697385 0.004366802517324686 4042
frame-000245.color.jpg 0.2695951016494916 0.442426860332489 0.7499150633811951 -0.411344438791275 0.6196920275688171 1.3699918985366821 0.041729848831892014 0.15992092864876783 0.00425788015127182 4009
frame-000246.color.jpg 0.27509625379743585 0.44799694418907166 0.7414998412132263 -0.41689184308052063 0.6407418847084045 1.3636853694915771 0.025839807465672493 0.1900841379210284 0.0026937569491565228 3997
frame-000247.color.jpg 0.2818966647853092 0.4519960582256317 0.7338295578956604 -0.42157793045043945 0.6573200225830078 1.3673683404922485 0.010991524904966354 0.533279025640646 0.0066797323524951935 3930
frame-000248.color.jpg 0.3682081143253524 0.45403262972831726 0.6654967069625854 -0.46410268545150757 0.7358570098876953 1.353390097618103 -0.16574633121490479 0.6273750200196209 0.011811478063464165 3271
frame-000249.color.jpg 0.36090275823183166 0.45177921652793884 0.6570560932159424 -0.4836548864841461 0.7652865052223206 1.3335745334625244 -0.2266654670238495 0.4985752079937814 0.005300180055201054 3178
frame-000250.color.jpg 0.34251231804852833 0.45300108194351196 0.6535201668739319 -0.5003864169120789 0.8042007088661194 1.3135005235671997 -0.2597409188747406 0.7077242448377401 0.008052525110542774 2969
frame-000251.color.jpg 0.3273653488872535 0.4503382444381714 0.6595598459243774 -0.5049834251403809 0.8109989166259766 1.3105641603469849 -0.2714909017086029 0.5787017579727877 0.006226033437997103 2921
frame-000252.color.jpg 0.3242845854855101 0.4448307454586029 0.663141667842865 -0.5071570873260498 0.7920910716056824 1.3065186738967896 -0.2853698432445526 0.7402023279496797 0.01073963288217783 3076
frame-000253.color.jpg 0.32236247806006496 0.43929633498191833 0.6632336378097534 -0.5130519270896912 0.7854267954826355 1.304371953010559 -0.3076111078262329 0.6637804085434648 0.009572066366672516 2930
frame-000254.color.jpg 0.32408701033547294 0.4334332346916199 0.6669303178787231 -0.5121593475341797 0.7669088244438171 1.3116651773452759 -0.31136763095855713 0.7020390194882037 0.008793145418167114 2922
frame-000255.color.jpg 0.32024706447467294 0.42981815338134766 0.6692264676094055 -0.5146204233169556 0.7625560760498047 1.3067108392715454 -0.3181590735912323 0.7261526288269634 0.010662115179002285 2935
frame-000256.color.jpg 0.3209007458402976 0.42818015813827515 0.6691505312919617 -0.5156763195991516 0.7575646042823792 1.3038936853408813 -0.32261428236961365 0.6757866004438778 0.010043068788945675 2949
frame-000257.color.jpg 0.31856219299872746 0.4273662567138672 0.6712520122528076 -0.5150697827339172 0.7470515370368958 1.3029106855392456 -0.3212265968322754 0.5728764070235601 0.007996493019163609 3003
frame-000258.color.jpg 0.316872131002698 0.4251430928707123 0.6692493557929993 -0.5205292105674744 0.7396973967552185 1.2967630624771118 -0.33956217765808105 0.5628672984034354 0.0082606952637434 3105
frame-000259.color.jpg 0.32248795937603636 0.4243848919868469 0.6683142185211182 -0.5188979506492615 0.7305604815483093 1.2984758615493774 -0.33924224972724915 0.5109016717332445 0.008231278508901596 3122
frame-000260.color.jpg 0.32637404433766476 0.4267955422401428 0.6665932536125183 -0.516700029373169 0.7296796441078186 1.2982474565505981 -0.33191540837287903 0.4423537865012908 0.008533160202205181 3210
frame-000261.color.jpg 0.3241262558399822 0.4279140532016754 0.6663987040519714 -0.5174402594566345 0.7173066139221191 1.2940620183944702 -0.33286142349243164 0.7669536709685337 0.012093177996575832 3326
frame-000262.color.jpg 0.324025208812659 0.43316325545310974 0.6652674078941345 -0.5145838260650635 0.7196528315544128 1.292724370956421 -0.3171016573905945 0.4582022266141005 0.007416222244501114 3478
frame-000263.color.jpg 0.3247875939449903 0.43520763516426086 0.6644933819770813 -0.5133768916130066 0.7102003693580627 1.2898756265640259 -0.3081168532371521 0.5289008743826678 0.008863668888807297 3709
frame-000264.color.jpg 0.3244267812202177 0.4377381205558777 0.6633328199386597 -0.5129543542861938 0.7068417072296143 1.2885775566101074 -0.30053985118865967 0.4118775891463997 0.007554041687399149 3804
frame-000265.color.jpg 0.3237344524420575 0.44102421402931213 0.6624929308891296 -0.5116608142852783 0.6956557631492615 1.2835414409637451 -0.2867906987667084 0.5631225767236646 0.009374168701469898 4008
frame-000266.color.jpg 0.3224539942193798 0.4431445896625519 0.6625766158103943 -0.5105276703834534 0.6868762373924255 1.2798540592193604 -0.2783116102218628 0.5774801679675603 0.009627888910472393 4141
frame-000267.color.jpg 0.31764200751591903 0.45003724098205566 0.6597124338150024 -0.5112236142158508 0.6900983452796936 1.2734603881835938 -0.2663748562335968 0.33371858721560665 0.006635412108153105 4247
frame-000268.color.jpg 0.3184502090450719 0.4541417360305786 0.662076473236084 -0.5039836764335632 0.6745555996894836 1.2797683477401733 -0.24062272906303406 0.20758548381298117 0.004290156532078981 4332
frame-000269.color.jpg 0.31547100843212234 0.454592227935791 0.6652493476867676 -0.5012656450271606 0.6518592238426208 1.283781886100769 -0.22816966474056244 0.20295452217421997 0.0047031911090016365 4366
frame-000270.color.jpg 0.30998626808415974 0.45147505402565 0.6668567657470703 -0.505352258682251 0.6331492066383362 1.2827930450439453 -0.24127164483070374 0.0972346730759007 0.002394133945927024 4334
frame-000271.color.jpg 0.3109357653784354 0.445096492767334 0.6678085327148438 -0.5091559886932373 0.6049314141273499 1.2846543788909912 -0.2587122321128845 0.11528194718367184 0.004776251967996359 4388
frame-000272.color.jpg 0.30957845246967197 0.44086554646492004 0.6734361052513123 -0.5062437057495117 0.5680919289588928 1.2939499616622925 -0.2555578052997589 0.13463905013703176 0.004846436437219381 4458
frame-000273.color.jpg 0.30828015920545926 0.44023996591567993 0.6719940900802612 -0.5094860196113586 0.5483448505401611 1.2977092266082764 -0.26763999462127686 0.4693235888518795 0.007370576728135347 4308
frame-000274.color.jpg 0.31182311012729647 0.4431267976760864 0.6652814745903015 -0.5136200785636902 0.5446106791496277 1.2890069484710693 -0.280976265668869 0.128051426064047 0.005500992760062218 4305
frame-000275.color.jpg 0.31773514725623453 0.4500176012516022 0.6564833521842957 -0.5153234004974365 0.5394320487976074 1.281345248222351 -0.2938521206378937 0.13787710675235992 0.006406753323972225 4260
frame-000276.color.jpg 0.32034553859372006 0.4557987153530121 0.6515125036239624 -0.514934778213501 0.5419647693634033 1.2834980487823486 -0.2951911687850952 0.32926151525620306 0.007186493836343288 4294
frame-000277.color.jpg 0.31875157249305813 0.4618493318557739 0.6481373906135559 -0.5147916078567505 0.5449346303939819 1.2829936742782593 -0.29329487681388855 0.3991219440671364 0.008287518285214901 4123
frame-000278.color.jpg 0.31865123458398825 0.4627491235733032 0.6442965269088745 -0.518851101398468 0.5470392107963562 1.279768705368042 -0.30496615171432495 0.4590421797994534 0.008457393385469913 3987
frame-000279.color.jpg 0.3218615119637547 0.4629480242729187 0.6390351057052612 -0.5231810808181763 0.5447515845298767 1.2758822441101074 -0.322937548160553 0.7003881414214704 0.010944985784590244 3921
frame-000280.color.jpg 0.33002878224148013 0.4635442793369293 0.628862738609314 -0.5298485159873962 0.5421618223190308 1.2711702585220337 -0.35125166177749634 0.4205299180404985 0.00785950105637312 3582
frame-000281.color.jpg 0.3372737795131292 0.4668915867805481 0.623119592666626 -0.5291318893432617 0.538585364818573 1.2721306085586548 -0.3576083481311798 0.44048938498171536 0.00791778601706028 3443
frame-000282.color.jpg 0.34836505579652144 0.47145262360572815 0.6177517175674438 -0.5241727232933044 0.5302512049674988 1.2811775207519531 -0.3569037914276123 0.5506177810138406 0.00912787951529026 3174
frame-000283.color.jpg 0.3492399546429217 0.47580602765083313 0.6215206384658813 -0.5151234865188599 0.5101657509803772 1.2954438924789429 -0.33373725414276123 0.47304801630109344 0.007510625757277012 3229
frame-000284.color.jpg 0.35389129733728136 0.48397210240364075 0.6275977492332458 -0.496641606092453 0.48704615235328674 1.316908597946167 -0.28791168332099915 0.5772363622307026 0.00865078903734684 3396
frame-000285.color.jpg 0.3634817451379704 0.4892645478248596 0.6297405958175659 -0.48158910870552063 0.45644891262054443 1.3386167287826538 -0.2573492228984833 0.8554012589864668 0.012442445382475853 3463
frame-000286.color.jpg 0.36935119967162067 0.4972994923591614 0.627417266368866 -0.47182679176330566 0.4537109136581421 1.3395395278930664 -0.23258163034915924 0.4181665925463947 0.006384082604199648 3480
frame-000287.color.jpg 0.373985932684373 0.512026846408844 0.624823272228241 -0.45558619499206543 0.4606302082538605 1.340900182723999 -0.18905341625213623 0.14799588526538837 0.001527179148979485 3473
frame-000288.color.jpg 0.37324871917307556 0.5228721499443054 0.6233431696891785 -0.4457952082157135 0.4651518166065216 1.3319896459579468 -0.15891312062740326 0.7331910320449558 0.010097498074173927 3391
frame-000289.color.jpg 0.3631701029869283 0.5376057624816895 0.6319195628166199 -0.4239872395992279 0.4531983733177185 1.337705373764038 -0.08964794874191284 0.7865917988536427 0.0098597826436162 3181
frame-000290.color.jpg 0.34875869175420615 0.5551462173461914 0.6409021615982056 -0.399279922246933 0.45137134194374084 1.3261890411376953 -0.005906549282371998 1.126486557945807 0.015395657159388065 3114
frame-000291.color.jpg 0.33882179500870246 0.5666494369506836 0.6505870223045349 -0.37529295682907104 0.43389713764190674 1.3305295705795288 0.06408876180648804 0.40314687315940445 0.005895714741200209 3397
frame-000292.color.jpg 0.33226630093317294 0.5782460570335388 0.6553419828414917 -0.35462304949760437 0.4251003563404083 1.3197963237762451 0.11638211458921432 0.33838219235612377 0.00476956507191062 3311
frame-000293.color.jpg 0.3282976282299305 0.5860402584075928 0.6551107168197632 -0.3458430767059326 0.4220772683620453 1.3084582090377808 0.14486996829509735 0.09375761320047496 0.005172055214643478 3403
frame-000294.color.jpg 0.32026061616430984 0.5941302180290222 0.6560950875282288 -0.33761170506477356 0.42800667881965637 1.293205976486206 0.17505455017089844 0.19663758436773665 0.003922739066183567 3467
frame-000295.color.jpg 0.31727473127847877 0.5996341109275818 0.6582188606262207 -0.3263797163963318 0.4196156859397888 1.2838873863220215 0.21039213240146637 0.19173408217283608 0.0036362505052238703 3566
frame-000296.color.jpg 0.3152586707437305 0.6071478724479675 0.6592225432395935 -0.31210413575172424 0.4122326672077179 1.272725224494934 0.24959397315979004 0.297236118939762 0.004049261100590229 3693
frame-000297.color.jpg 0.31449177071046436 0.6154189705848694 0.6570995450019836 -0.30095598101615906 0.41093435883522034 1.2559767961502075 0.2776045799255371 0.3201403579086064 0.004576313309371471 3800
frame-000298.color.jpg 0.3050056362644104 0.6233928203582764 0.6565201282501221 -0.29552388191223145 0.41796571016311646 1.2396347522735596 0.3048042953014374 0.2719534800358722 0.00438222661614418 3935
frame-000299.color.jpg 0.2964072697003178 0.6286345720291138 0.6590235829353333 -0.2874875068664551 0.4163052439689636 1.223203420639038 0.33267471194267273 0.15632803570192957 0.004110788460820913 4117
frame-000300.color.jpg 0.2921640501787547 0.636620283126831 0.6582942605018616 -0.27568718791007996 0.4165778160095215 1.2051252126693726 0.3603551387786865 0.1537674884955417 0.002747787395492196 4165
frame-000301.color.jpg 0.28116458454399945 0.6486207246780396 0.6575911045074463 -0.26040664315223694 0.4231005609035492 1.1827123165130615 0.405484676361084 0.14223115224504473 0.004409141838550568 4271
frame-000302.color.jpg 0.2747200833868291 0.6652670502662659 0.64666348695755 -0.25253725051879883 0.4591878652572632 1.1545586585998535 0.42849960923194885 0.23468015055933417 0.005253713112324476 4390
frame-000303.color.jpg 0.2724018475383273 0.6810015439987183 0.6343879699707031 -0.24410270154476166 0.4908427894115448 1.1295793056488037 0.4528902471065521 0.26719513270104767 0.006020381581038237 4418
frame-000304.color.jpg 0.2575966868698121 0.7029930949211121 0.6189587712287903 -0.23734921216964722 0.5474541187286377 1.0838838815689087 0.4907718896865845 0.4556834342750996 0.008083325810730457 4425
frame-000305.color.jpg 0.2503456813572787 0.7208373546600342 0.6065658926963806 -0.2231556475162506 0.5761585831642151 1.0397478342056274 0.5332694053649902 0.3743253424918018 0.006834283471107483 4412
frame-000306.color.jpg 0.24551751052130802 0.7291651964187622 0.6014054417610168 -0.2152925729751587 0.5803345441818237 1.016202449798584 0.5581876635551453 0.3850057039608655 0.008306529372930527 4461
frame-000307.color.jpg 0.24065697639326958 0.7391687035560608 0.5974016189575195 -0.19704096019268036 0.5674798488616943 0.9775909185409546 0.5950808525085449 0.29328810951693596 0.007749700453132391 4333
frame-000308.color.jpg 0.235896630988968 0.742491602897644 0.5983918905258179 -0.1870461106300354 0.5591896772384644 0.9566088318824768 0.6095853447914124 0.338693846417432 0.0103948088362813 4182
frame-000309.color.jpg 0.22539832245795083 0.7343820333480835 0.6104699969291687 -0.19288618862628937 0.5406261086463928 0.9680676460266113 0.5992461442947388 0.35218619143170465 0.01181673165410757 4262
frame-000310.color.jpg 0.21894966896482357 0.7169727683067322 0.6336275339126587 -0.19112123548984528 0.4761675298213959 0.992002546787262 0.5946877002716064 0.19845260041796176 0.009497014805674553 4203
frame-000311.color.jpg 0.22442366534956354 0.6835959553718567 0.6580072641372681 -0.222164586186409 0.3811527192592621 1.0404932498931885 0.5228176712989807 0.5454273708531598 0.014805796556174755 4408
frame-000312.color.jpg 0.20977216411504132 0.6669231057167053 0.6734561920166016 -0.2401375025510788 0.36010584235191345 1.0401827096939087 0.5079580545425415 0.5689532637581812 0.013203768990933895 4248
frame-000313.color.jpg 0.2062325965403343 0.6586342453956604 0.6783328652381897 -0.25205883383750916 0.34811708331108093 1.0458579063415527 0.5007309317588806 0.49321409646470316 0.012233532033860683 4208
frame-000314.color.jpg 0.20367733506340455 0.6581617593765259 0.6772276163101196 -0.2582659423351288 0.3306800127029419 1.0464081764221191 0.5078925490379333 0.43687634831291083 0.011406571604311466 4237
frame-000315.color.jpg 0.20320545114587718 0.6588991284370422 0.6764144897460938 -0.2588880658149719 0.31019729375839233 1.0459425449371338 0.5135392546653748 0.5001837709041723 0.012017027474939823 4287
frame-000316.color.jpg 0.20343317050681722 0.6595196723937988 0.674777626991272 -0.2613884210586548 0.29503512382507324 1.043614387512207 0.517780065536499 0.575451388340655 0.01322374027222395 4231
frame-000317.color.jpg 0.19959433006265176 0.661284327507019 0.6733494997024536 -0.2635631859302521 0.2818346619606018 1.03926682472229 0.5277421474456787 0.5395047964299654 0.011987175792455673 4235
frame-000318.color.jpg 0.20070705600967284 0.66380774974823 0.6708889007568359 -0.2626481354236603 0.26719820499420166 1.0393338203430176 0.5356216430664062 0.4895652279831825 0.009727087803184986 4145
frame-000319.color.jpg 0.2046955232359612 0.6701346635818481 0.6638036370277405 -0.2615032494068146 0.25791382789611816 1.0375711917877197 0.5381642580032349 0.623354173032599 0.012139681726694107 4119
frame-000320.color.jpg 0.20928446389745503 0.6828308701515198 0.6509211659431458 -0.2573782205581665 0.25669825077056885 1.0387685298919678 0.5413777828216553 0.5441753118009319 0.010388183407485485 4101
frame-000321.color.jpg 0.2125511950232201 0.6940405964851379 0.6409231424331665 -0.24969394505023956 0.25235500931739807 1.0364336967468262 0.547723650932312 0.4808796819581593 0.009306986816227436 4102
frame-000322.color.jpg 0.2194184004396208 0.7041061520576477 0.6306097507476807 -0.24170532822608948 0.24267299473285675 1.0436160564422607 0.5459738969802856 0.4146844233693047 0.0061455294489860535 4161
frame-000323.color.jpg 0.23537112368324833 0.7107211351394653 0.6180613040924072 -0.23974178731441498 0.23230816423892975 1.0579086542129517 0.5245568752288818 0.4542647826401468 0.006219715345650911 4030
frame-000324.color.jpg 0.24202218143303053 0.7202628254890442 0.6059797406196594 -0.235446959733963 0.23098602890968323 1.0666742324829102 0.5213065147399902 0.5250536636109523 0.007840284146368504 3911
frame-000325.color.jpg 0.24236164421751943 0.7279735207557678 0.5982792377471924 -0.23103544116020203 0.23361629247665405 1.068699836730957 0.5249407291412354 0.5799323659621536 0.01018353272229433 3862
frame-000326.color.jpg 0.24614425957895958 0.7414360046386719 0.5827077031135559 -0.2239137440919876 0.24108082056045532 1.0728603601455688 0.5241613984107971 0.42159985650181037 0.005870699882507324 3958
frame-000327.color.jpg 0.25491761994105755 0.7545173168182373 0.5629435777664185 -0.22094132006168365 0.2529395520687103 1.0823469161987305 0.5119177103042603 0.4743688041318446 0.006457761861383915 3929
frame-000328.color.jpg 0.2612613179490649 0.7656577825546265 0.5480793714523315 -0.2124144434928894 0.25593817234039307 1.0846093893051147 0.5122102499008179 0.33207251162563356 0.004444878548383713 4058
frame-000329.color.jpg 0.27342333756250375 0.7713453769683838 0.534065306186676 -0.2122267782688141 0.2565666437149048 1.1013495922088623 0.4887636601924896 0.2658976635630097 0.00270057306624949 3936
frame-000330.color.jpg 0.2885277172211773 0.7718254327774048 0.5229151844978333 -0.2181672751903534 0.2530580461025238 1.1251767873764038 0.454063355922699 0.3873130272398604 0.00552360201254487 3895
frame-000331.color.jpg 0.3023766219494819 0.7725356221199036 0.5118439793586731 -0.22309821844100952 0.2580417990684509 1.142786979675293 0.4196085035800934 0.2871890974336584 0.003767983289435506 3804
frame-000332.color.jpg 0.31260759408529143 0.7712975740432739 0.506006121635437 -0.22657066583633423 0.25297436118125916 1.1590760946273804 0.3941545784473419 0.4337901433446964 0.005910017061978579 3737
frame-000333.color.jpg 0.31770971498574857 0.7687882781028748 0.5047597885131836 -0.2307438850402832 0.24689672887325287 1.1721394062042236 0.37699389457702637 0.3955843062834665 0.005654269829392433 3673
frame-000334.color.jpg 0.32854016218752463 0.7643954753875732 0.5026800036430359 -0.23467786610126495 0.23849907517433167 1.186650037765503 0.34710296988487244 0.2106464891184179 0.0022248311433941126 3643
frame-000335.color.jpg 0.3385653889508053 0.7579472661018372 0.5037912130355835 -0.23892249166965485 0.22231845557689667 1.2051864862442017 0.31921693682670593 0.16429176946989998 0.0032936143688857555 3663
frame-000336.color.jpg 0.3489642563377927 0.7511903643608093 0.5049157738685608 -0.24289347231388092 0.20561383664608002 1.223675012588501 0.2924067974090576 0.2996292464702052 0.00600365549325943 3507
frame-000337.color.jpg 0.35958219399153074 0.7472515106201172 0.5006682276725769 -0.24828851222991943 0.20508694648742676 1.2365961074829102 0.26369723677635193 0.28004031729146156 0.005142302252352238 3441
frame-000338.color.jpg 0.36816754871265833 0.7463948726654053 0.4935001730918884 -0.25259631872177124 0.20686042308807373 1.2508487701416016 0.2421344518661499 0.4308329649187718 0.008897514082491398 3219
frame-000339.color.jpg 0.3796784718722659 0.744967520236969 0.4863342344760895 -0.2536662518978119 0.20085467398166656 1.2624223232269287 0.22274675965309143 0.5875333526521729 0.011417754925787449 3164
frame-000340.color.jpg 0.385946645766381 0.7467635273933411 0.4801540970802307 -0.25068190693855286 0.2003653347492218 1.2617545127868652 0.21872685849666595 0.3886366165153884 0.007015709299594164 3177
frame-000341.color.jpg 0.37991170775558164 0.7553038001060486 0.47327756881713867 -0.24736930429935455 0.2181648164987564 1.2541447877883911 0.2415170818567276 0.3256242794406126 0.005485175177454948 3409
frame-000342.color.jpg 0.3816183902881384 0.7605555057525635 0.46126022934913635 -0.2513200640678406 0.24413736164569855 1.25235116481781 0.23615433275699615 0.29401712548912906 0.004946490284055471 3377
frame-000343.color.jpg 0.38482551549303784 0.7606273293495178 0.46287989616394043 -0.2430998980998993 0.22781875729560852 1.2548596858978271 0.24305905401706696 0.2568575346705276 0.00415848521515727 3363
frame-000344.color.jpg 0.39362696129891966 0.7581198811531067 0.4575308561325073 -0.24693633615970612 0.23337575793266296 1.2641007900238037 0.22106283903121948 0.16584507721712255 0.0025990179274231195 3253
frame-000345.color.jpg 0.399951066036221 0.7542846202850342 0.45538070797920227 -0.25243279337882996 0.23039323091506958 1.2692817449569702 0.19852876663208008 0.16604035125827615 0.0021890297066420317 3156
frame-000346.color.jpg 0.4056468581376177 0.7530357837677002 0.4543963372707367 -0.24882075190544128 0.21960510313510895 1.2714582681655884 0.19359123706817627 0.2667847077010386 0.004890791606158018 3199
frame-000347.color.jpg 0.40586487726158543 0.7553623914718628 0.45528534054756165 -0.23961800336837769 0.20393860340118408 1.2731356620788574 0.20733043551445007 0.12012198998427212 0.0029743602499365807 3293
frame-000348.color.jpg 0.4060802587835716 0.7583885192871094 0.45505598187446594 -0.229933962225914 0.18827950954437256 1.2694766521453857 0.2179858237504959 0.0999426896693587 0.0025967613328248262 3606
frame-000349.color.jpg 0.40335533897381504 0.7616328597068787 0.45630767941474915 -0.22136639058589935 0.17662927508354187 1.2632066011428833 0.23214884102344513 0.16466118665446247 0.004664587322622538 3803
frame-000350.color.jpg 0.4003615144687744 0.7657480835914612 0.4545799791812897 -0.21609623730182648 0.1748206913471222 1.2586318254470825 0.24010881781578064 0.15651594594538426 0.004639225546270609 3972
frame-000351.color.jpg 0.3935925511589315 0.7686624526977539 0.45905810594558716 -0.20858700573444366 0.16125524044036865 1.244605302810669 0.26367276906967163 0.2062848930650491 0.0036923110019415617 4053
frame-000352.color.jpg 0.3851939716132846 0.7716647982597351 0.46368199586868286 -0.20287440717220306 0.14914846420288086 1.235376000404358 0.2807531952857971 0.20826392703684707 0.0038444397505372763 4277
frame-000353.color.jpg 0.3804316871665483 0.7733495831489563 0.46822667121887207 -0.1948486864566803 0.1330692619085312 1.2296953201293945 0.29634496569633484 0.19103844341412612 0.0035001954529434443 4288
frame-000354.color.jpg 0.3787267518998037 0.7772057056427002 0.4651225507259369 -0.19020594656467438 0.12979181110858917 1.2259364128112793 0.3011874258518219 0.1491775213320138 0.00117422582115978 4243
frame-000355.color.jpg 0.37707242358752824 0.7819596529006958 0.4583881199359894 -0.19035711884498596 0.1398560106754303 1.222967505455017 0.3043082058429718 0.18215302097438746 0.002058273646980524 4224
frame-000356.color.jpg 0.3762534779336863 0.7860836386680603 0.45461520552635193 -0.18393152952194214 0.1381692737340927 1.2120966911315918 0.31476110219955444 0.19742421672083849 0.002811867045238614 4201
frame-000357.color.jpg 0.3725843948522957 0.7893649935722351 0.4515831768512726 -0.18481433391571045 0.14790871739387512 1.2052371501922607 0.31815871596336365 0.18918364684807099 0.003468489972874522 4204
frame-000358.color.jpg 0.36801902382312685 0.7951978445053101 0.440532922744751 -0.19532816112041473 0.18666201829910278 1.2031323909759521 0.31510812044143677 0.1358072792893684 0.003292074427008629 4181
