frame-000000.color.jpg 0.36793744197766265 0.9135553240776062 0.16707278788089752 -0.046102456748485565 1.1633726358413696 1.2158547639846802 0.8628435730934143 0.06064188123670449 0.00647496385499835 4585
frame-000001.color.jpg 0.3707352067922157 0.908060610294342 0.18048103153705597 -0.07353806495666504 1.180751919746399 1.2415975332260132 0.7843148112297058 0.09012391254138852 0.007709937635809183 4677
frame-000002.color.jpg 0.36848307749487047 0.9055766463279724 0.19171087443828583 -0.08601247519254684 1.1812138557434082 1.2618169784545898 0.7606519460678101 0.3074503466783987 0.017353566363453865 4575
frame-000003.color.jpg 0.3694725006103636 0.9038507342338562 0.1956355720758438 -0.09094267338514328 1.1663782596588135 1.2655545473098755 0.7481269240379333 0.09567767008961546 0.009506423957645893 4664
frame-000004.color.jpg 0.37460542066182073 0.8996979594230652 0.2050842046737671 -0.090303935110569 1.1346904039382935 1.2931416034698486 0.7380782961845398 0.1439669140885139 0.007919196039438248 4700
frame-000005.color.jpg 0.3743678815830921 0.896395206451416 0.21875455975532532 -0.09203676134347916 1.1030166149139404 1.3123674392700195 0.7281160354614258 0.2198964062040399 0.011382833123207092 4678
frame-000006.color.jpg 0.37318678559446183 0.8961410522460938 0.22088821232318878 -0.0941881313920021 1.1031196117401123 1.311178207397461 0.7222907543182373 0.2236795172512204 0.012545152567327023 4674
frame-000007.color.jpg 0.3755516850252338 0.8937200307846069 0.22641852498054504 -0.09465817362070084 1.0896334648132324 1.3239281177520752 0.7113195061683655 0.18225247226396254 0.010156594216823578 4637
frame-000008.color.jpg 0.3686127345541005 0.896041989326477 0.22687764465808868 -0.09879209101200104 1.1047804355621338 1.31318998336792 0.7162298560142517 0.2541988835361001 0.014684141613543034 4562
frame-000009.color.jpg 0.36661355864604744 0.8950303196907043 0.23350472748279572 -0.09995383024215698 1.1007180213928223 1.3202639818191528 0.709279477596283 0.33168537863791137 0.0133848050609231 4572
frame-000010.color.jpg 0.36721549667394787 0.89429771900177 0.23569507896900177 -0.09915779531002045 1.0957038402557373 1.3253021240234375 0.708211362361908 0.36688595914476213 0.013586447574198246 4568
frame-000011.color.jpg 0.36830830616815013 0.8940939903259277 0.23493501543998718 -0.09874454885721207 1.1011693477630615 1.325114130973816 0.7096373438835144 0.33461934509282854 0.014342475682497025 4619
frame-000012.color.jpg 0.36696932835503143 0.8941243886947632 0.23659497499465942 -0.09948870539665222 1.1014347076416016 1.3245596885681152 0.7083336114883423 0.29208220760245845 0.012989847920835018 4651
frame-000013.color.jpg 0.3666218768170049 0.894171953201294 0.2360531985759735 -0.10160575062036514 1.1089036464691162 1.3229577541351318 0.7054880261421204 0.3172606060802262 0.013702595606446266 4643
frame-000014.color.jpg 0.36815635425352333 0.8933592438697815 0.23777908086776733 -0.09915315359830856 1.1009174585342407 1.3290032148361206 0.7081554532051086 0.2865469529299714 0.0138064194470644 4644
frame-000015.color.jpg 0.37023239899738714 0.8921867609024048 0.23956400156021118 -0.09767220914363861 1.093616008758545 1.3344199657440186 0.7068935036659241 0.3005882743987838 0.012912054546177387 4663
frame-000016.color.jpg 0.3689239930351643 0.8933411240577698 0.23639780282974243 -0.09976381808519363 1.1062208414077759 1.3263911008834839 0.7084463834762573 0.31670669374679405 0.014866546727716923 4664
frame-000017.color.jpg 0.36879623690316415 0.8932954668998718 0.23662422597408295 -0.10010700672864914 1.1078368425369263 1.3264949321746826 0.7051132321357727 0.2536369403943079 0.012250876054167747 4686
frame-000018.color.jpg 0.36992087169275656 0.8934586644172668 0.23367361724376678 -0.10142318904399872 1.116989254951477 1.323832392692566 0.7021124362945557 0.2363005062182139 0.012429120019078255 4700
frame-000019.color.jpg 0.3698115559494297 0.8931926488876343 0.23457179963588715 -0.10208996385335922 1.115407943725586 1.3266617059707642 0.7001974582672119 0.2530251582159157 0.013217928819358349 4663
frame-000020.color.jpg 0.37166513130271245 0.8934815526008606 0.23284690082073212 -0.0966334417462349 1.0996417999267578 1.3306699991226196 0.7117607593536377 0.2585306375324898 0.013482590205967426 4687
frame-000021.color.jpg 0.37829079918014585 0.8938238024711609 0.22436080873012543 -0.08739245682954788 1.0822701454162598 1.3315273523330688 0.7230256199836731 0.1673904475374776 0.007435064297169447 4740
frame-000022.color.jpg 0.38336263892329064 0.8953273892402649 0.21288764476776123 -0.07810784131288528 1.0696179866790771 1.3234964609146118 0.7414478659629822 0.11662584026372473 0.007131941616535187 4718
frame-000023.color.jpg 0.3855071495445679 0.8987607359886169 0.19717039167881012 -0.06882728636264801 1.0593223571777344 1.3025240898132324 0.7685398459434509 0.1906101291881855 0.010448778048157692 4755
frame-000024.color.jpg 0.38703434085323546 0.9014920592308044 0.18384404480457306 -0.06097566708922386 1.0512051582336426 1.2879658937454224 0.7849758267402649 0.14830046901368862 0.007936681620776653 4717
frame-000025.color.jpg 0.39245977751301336 0.9025885462760925 0.16840437054634094 -0.05430686101317406 1.0492008924484253 1.2798861265182495 0.7930136919021606 0.15215429653116255 0.006436404772102833 4667
frame-000026.color.jpg 0.40363925915462756 0.8997514247894287 0.15684916079044342 -0.05404741317033768 1.0521188974380493 1.2902476787567139 0.7699273228645325 0.19332491593985401 0.007528781425207853 4648
frame-000027.color.jpg 0.41318782531870596 0.8970896601676941 0.14689190685749054 -0.05411697179079056 1.0587295293807983 1.3021173477172852 0.7500596642494202 0.226904300354392 0.008842570707201958 4661
frame-000028.color.jpg 0.4238499519001979 0.8938243985176086 0.13660365343093872 -0.05261585861444473 1.0657604932785034 1.3161871433258057 0.7291318774223328 0.26714131828090737 0.008297578431665897 4597
frame-000029.color.jpg 0.43377828345646624 0.8894973993301392 0.1322040855884552 -0.0561504028737545 1.079625129699707 1.3365538120269775 0.6953318119049072 0.2479327719419952 0.008385613560676575 4551
frame-000030.color.jpg 0.44178567549205844 0.8850375413894653 0.13252894580364227 -0.06300902366638184 1.0904179811477661 1.3548164367675781 0.6537975072860718 0.20337445874625673 0.007181155029684305 4534
frame-000031.color.jpg 0.4445565404564254 0.8832518458366394 0.13349910080432892 -0.0664357841014862 1.0970697402954102 1.36631178855896 0.6304969787597656 0.19359332102989435 0.005039048381149769 4523
frame-000032.color.jpg 0.4441759299541745 0.8837571740150452 0.13183251023292542 -0.06558305025100708 1.1006479263305664 1.3718252182006836 0.6313722729682922 0.08728089299011699 0.0011188432108610868 4498
frame-000033.color.jpg 0.44583170481692624 0.8833215832710266 0.13002364337444305 -0.06380383670330048 1.1151894330978394 1.3827838897705078 0.6295336484909058 0.11975207921182039 0.005033392459154129 4523
frame-000034.color.jpg 0.44016655711123415 0.8854885697364807 0.1346309632062912 -0.06354359537363052 1.1213874816894531 1.3892297744750977 0.6348720192909241 0.2266540379543345 0.006419753655791283 4493
frame-000035.color.jpg 0.4405714444528561 0.8853067755699158 0.13456134498119354 -0.0634172111749649 1.1545060873031616 1.410271167755127 0.6250562071800232 0.21237704827873022 0.00648191012442112 4443
frame-000036.color.jpg 0.4468445947365091 0.8814750909805298 0.13601179420948029 -0.06951551884412766 1.2021243572235107 1.435476303100586 0.5812592506408691 0.21385286272734222 0.006333152763545513 4299
frame-000037.color.jpg 0.44764415453273676 0.8813056349754333 0.13398486375808716 -0.07044891268014908 1.241826057434082 1.4463714361190796 0.5646960735321045 0.24845733580633747 0.0069618141278624535 4244
frame-000038.color.jpg 0.4409767771570285 0.8850498199462891 0.1313871294260025 -0.0704536959528923 1.2646820545196533 1.4423948526382446 0.5714302659034729 0.31890510752503903 0.009827940724790096 4139
frame-000039.color.jpg 0.43339113811252244 0.8888795375823975 0.13352717459201813 -0.06508330255746841 1.2573610544204712 1.4621555805206299 0.5801202058792114 0.42884071079567015 0.012515241280198097 4147
frame-000040.color.jpg 0.4280894353504222 0.8898658156394958 0.13914357125759125 -0.07427770644426346 1.275615930557251 1.4983235597610474 0.5429946780204773 0.3468220116535852 0.01500124391168356 3825
frame-000041.color.jpg 0.4391246554768659 0.8798792958259583 0.15306919813156128 -0.09773276746273041 1.2797255516052246 1.5656992197036743 0.3899345397949219 0.3879272373370591 0.0063182637095451355 3855
frame-000042.color.jpg 0.44949565879970343 0.8742805123329163 0.1585763394832611 -0.0918734148144722 1.2553894519805908 1.605668306350708 0.329761266708374 0.3628067620651042 0.008662316016852856 4022
frame-000043.color.jpg 0.44706139295578895 0.876869797706604 0.15255486965179443 -0.08923275023698807 1.2716891765594482 1.6204040050506592 0.3127143383026123 0.2321601309207168 0.004317254759371281 3955
frame-000044.color.jpg 0.45302156524297715 0.8765996694564819 0.13877007365226746 -0.08418618887662888 1.315595269203186 1.6231238842010498 0.2945254147052765 0.23778898052917424 0.004203885793685913 3938
frame-000045.color.jpg 0.45658165675685525 0.8769102692604065 0.12259755283594131 -0.08678362518548965 1.391445279121399 1.601462483406067 0.27019914984703064 0.31222470226909055 0.009810332208871841 3808
frame-000046.color.jpg 0.4572768354666008 0.8770664930343628 0.11651531606912613 -0.08986932039260864 1.427958607673645 1.5814865827560425 0.2579013705253601 0.48414547287677745 0.010865377262234688 3741
frame-000047.color.jpg 0.4562439342458018 0.877967119216919 0.1130642518401146 -0.09072816371917725 1.457444429397583 1.575937032699585 0.23817303776741028 0.3684374526229864 0.010158542543649673 3723
frame-000048.color.jpg 0.45734913668339355 0.8787355422973633 0.1076970100402832 -0.0840051993727684 1.4719325304031372 1.5681101083755493 0.2520359754562378 0.5143517176768944 0.013480320572853088 3655
frame-000049.color.jpg 0.45747401348276806 0.8806289434432983 0.09869259595870972 -0.07395825535058975 1.4787057638168335 1.5642038583755493 0.29003506898880005 0.3899702109508334 0.010766406543552876 3696
frame-000050.color.jpg 0.46116883025406474 0.8800656795501709 0.09137053042650223 -0.06677775084972382 1.48146390914917 1.5543923377990723 0.30680134892463684 0.4996964795955742 0.01177807617932558 3688
frame-000051.color.jpg 0.46210098985929604 0.8812617659568787 0.07835596054792404 -0.06083285063505173 1.490692377090454 1.5295822620391846 0.3404400646686554 0.416350642681244 0.010673354379832745 3808
frame-000052.color.jpg 0.4622637878736548 0.8831661939620972 0.06095800921320915 -0.05112558603286743 1.4916553497314453 1.4987869262695312 0.39511147141456604 0.38230449754625767 0.010892696678638458 3615
frame-000053.color.jpg 0.4631376620892675 0.8839860558509827 0.04580700770020485 -0.04442981630563736 1.4805244207382202 1.4665496349334717 0.4393215775489807 0.21959561107629488 0.006727184634655714 3564
frame-000054.color.jpg 0.45940273094872314 0.8868573904037476 0.03363322466611862 -0.03607984259724617 1.4501429796218872 1.4362071752548218 0.5000910758972168 0.18125730569776374 0.005070553161203861 3749
frame-000055.color.jpg 0.4586646596622707 0.8880772590637207 0.015888763591647148 -0.02632531151175499 1.436937689781189 1.4005554914474487 0.5619745850563049 0.26802942963599413 0.007669724989682436 3861
frame-000056.color.jpg 0.4591710388590062 0.8881466388702393 0.002483598655089736 -0.018740283325314522 1.409530758857727 1.3733162879943848 0.6077934503555298 0.20685474695328235 0.0059836022555828094 3815
frame-000057.color.jpg 0.4569137995235358 0.8894398808479309 -0.005701121408492327 -0.00969679281115532 1.384941816329956 1.3585057258605957 0.6527780890464783 0.11161727721958893 0.005518482066690922 4077
frame-000058.color.jpg 0.45569860281778807 0.8899868130683899 -0.015531533397734165 -0.004583285190165043 1.3742433786392212 1.3357315063476562 0.6839964389801025 0.1883718148321915 0.006908866576850414 4109
frame-000059.color.jpg 0.4562135954002808 0.8895677924156189 -0.02301759645342827 0.0029008311685174704 1.3423359394073486 1.3236732482910156 0.7131578922271729 0.28818235634936634 0.009012720547616482 4080
frame-000060.color.jpg 0.45777991291073966 0.8884904980659485 -0.030227521434426308 0.010416531935334206 1.318495750427246 1.316135048866272 0.7382091283798218 0.18035226561209738 0.006180926691740751 4051
frame-000061.color.jpg 0.4555671247597622 0.8893905282020569 -0.03527221083641052 0.014107474125921726 1.3068559169769287 1.311843752861023 0.761277437210083 0.16208017556099102 0.006289906334131956 4129
frame-000062.color.jpg 0.45559927890759766 0.8890688419342041 -0.041030459105968475 0.01738845929503441 1.291695475578308 1.3040789365768433 0.7807300686836243 0.23516536079466951 0.007183778565376997 4123
frame-000063.color.jpg 0.45610273741781204 0.8881531357765198 -0.050493743270635605 0.02459024451673031 1.2710201740264893 1.2908533811569214 0.8097208142280579 0.28993104485944826 0.009699558839201927 4216
frame-000064.color.jpg 0.4545701577578257 0.8881705403327942 -0.06067850440740585 0.028937427327036858 1.2581307888031006 1.2644846439361572 0.8355308771133423 0.16574222417317566 0.005088470410555601 4266
frame-000065.color.jpg 0.45039705996814106 0.8891650438308716 -0.07134798914194107 0.03791370987892151 1.2376737594604492 1.2463408708572388 0.8800299167633057 0.29946494840415466 0.009363464079797268 4325
frame-000066.color.jpg 0.44731580144490496 0.8899194598197937 -0.07768118381500244 0.04378907009959221 1.2216202020645142 1.2341277599334717 0.9038779139518738 0.3384276291223602 0.010514197871088982 4266
frame-000067.color.jpg 0.4458584878831214 0.8899326920509338 -0.08204417675733566 0.04998641833662987 1.2085365056991577 1.22666597366333 0.9278334379196167 0.43325893605416926 0.013118432834744453 4368
frame-000068.color.jpg 0.44179177135326764 0.8916958570480347 -0.08412624150514603 0.051199231296777725 1.198303461074829 1.212691307067871 0.9422056078910828 0.38553891228337606 0.011473086662590504 4353
frame-000069.color.jpg 0.4538977963373626 0.8866010904312134 -0.07551770657300949 0.047035377472639084 1.185415267944336 1.239609718322754 0.8936892151832581 0.19434168031126034 0.0075085642747581005 4259
frame-000070.color.jpg 0.4519121287553982 0.8860609531402588 -0.0862492248415947 0.0568547248840332 1.1624960899353027 1.2162176370620728 0.938361406326294 0.2688032153637625 0.008859875611960888 4294
frame-000071.color.jpg 0.44889731084905615 0.8865214586257935 -0.09294941276311874 0.06270112842321396 1.1447134017944336 1.1997829675674438 0.96612548828125 0.20999811473515595 0.006454317830502987 4278
frame-000072.color.jpg 0.44541347443160517 0.8872613310813904 -0.09939955919981003 0.06703802943229675 1.1318564414978027 1.181977391242981 0.9938859343528748 0.2853904098044178 0.009597706608474255 4321
frame-000073.color.jpg 0.4422324373585694 0.8874045014381409 -0.10837811976671219 0.07209648191928864 1.104292392730713 1.1502853631973267 1.02110755443573 0.13940217326819007 0.005250091664493084 4279
frame-000074.color.jpg 0.4381129179943229 0.8882706165313721 -0.11534077674150467 0.07568884640932083 1.0836913585662842 1.1261470317840576 1.0431981086730957 0.17069603231213898 0.005124040879309177 4325
frame-000075.color.jpg 0.43391705191693936 0.8891063928604126 -0.12298084050416946 0.077984519302845 1.077946662902832 1.101942777633667 1.0671461820602417 0.15046545221759755 0.005737893283367157 4288
frame-000076.color.jpg 0.43054041526548015 0.8893370628356934 -0.13223682343959808 0.0789179876446724 1.0688070058822632 1.067358136177063 1.0882288217544556 0.09807724761315184 0.005545193795114756 4284
frame-000077.color.jpg 0.4237894867934795 0.8918383121490479 -0.1389549970626831 0.07561976462602615 1.0673890113830566 1.0259488821029663 1.1050617694854736 0.09301410975672206 0.006722850259393454 4298
frame-000078.color.jpg 0.41803250459791574 0.893578827381134 -0.14564065635204315 0.07452782243490219 1.0697051286697388 0.993434488773346 1.1255649328231812 0.05888899722956402 0.0074340784922242165 4255
frame-000079.color.jpg 0.4138839919036157 0.8942825794219971 -0.1532134860754013 0.07405592501163483 1.0659257173538208 0.9610348343849182 1.1395236253738403 0.16465122151518513 0.007219322957098484 4273
frame-000080.color.jpg 0.41167331292902504 0.8931757211685181 -0.16505485773086548 0.07429038733243942 1.0637586116790771 0.9200069904327393 1.1617357730865479 0.10751925709907384 0.006674968171864748 4242
frame-000081.color.jpg 0.4086565462822082 0.8919243812561035 -0.17686417698860168 0.07867507636547089 1.0473413467407227 0.881866991519928 1.188172459602356 0.19469682346767456 0.005659775342792273 4303
frame-000082.color.jpg 0.4014923717466328 0.8932123780250549 -0.1841767132282257 0.0839913934469223 1.0219364166259766 0.8440492749214172 1.2178386449813843 0.26625149937852804 0.0070040845312178135 4351
frame-000083.color.jpg 0.3980860516412686 0.8928549289703369 -0.1883096843957901 0.09421815723180771 0.9897610545158386 0.8299885392189026 1.2416496276855469 0.11136232573458366 0.004263170994818211 4290
frame-000084.color.jpg 0.39517692665923365 0.8922492265701294 -0.19510813057422638 0.0982821136713028 0.974000871181488 0.7999661564826965 1.265133261680603 0.10019600030813756 0.005454055964946747 4301
frame-000085.color.jpg 0.3919032572022395 0.8908857107162476 -0.20529989898204803 0.10289043188095093 0.9570132493972778 0.7652186751365662 1.29208505153656 0.1656294860312308 0.004765303805470467 4253
frame-000086.color.jpg 0.38777858442654994 0.8922077417373657 -0.20556938648223877 0.10646340996026993 0.9446203112602234 0.7541583776473999 1.310343861579895 0.15838568355024882 0.0062365964986383915 4281
frame-000087.color.jpg 0.3860300037893329 0.8922576308250427 -0.20103977620601654 0.12016738206148148 0.8999890685081482 0.7622523903846741 1.3310128450393677 0.09659118121067822 0.006848705932497978 4293
frame-000088.color.jpg 0.37762815813854095 0.8964918851852417 -0.20231688022613525 0.11299144476652145 0.913996696472168 0.7187286019325256 1.3338366746902466 0.18803936337846908 0.007711117621511221 4326
frame-000089.color.jpg 0.3658456098971348 0.9024428129196167 -0.2045859694480896 0.0994918942451477 0.9416400790214539 0.6589459180831909 1.3233911991119385 0.12493999475262854 0.004878749139606953 4224
frame-000090.color.jpg 0.3592083016584689 0.9048397541046143 -0.20870767533779144 0.0931427925825119 0.9502816200256348 0.619482159614563 1.322100281715393 0.19195344863906982 0.006435059010982513 4227
frame-000091.color.jpg 0.3407628656806002 0.9117159247398376 -0.2139134705066681 0.08304096013307571 0.9591772556304932 0.5491043925285339 1.329981803894043 0.022142384394277036 0.006948111578822136 4124
frame-000092.color.jpg 0.32829661481142697 0.9157826900482178 -0.21791866421699524 0.077940434217453 0.9569327235221863 0.5038732290267944 1.33322012424469 0.1848971161745062 0.005274747032672167 4048
frame-000093.color.jpg 0.316588094434307 0.9180951714515686 -0.22552838921546936 0.07752494513988495 0.9446993470191956 0.4599563479423523 1.3473730087280273 0.12904339097907236 0.003935893066227436 3966
frame-000094.color.jpg 0.30864688247558336 0.9187136292457581 -0.23423343896865845 0.07640097290277481 0.9275807738304138 0.4206898808479309 1.3545793294906616 0.10602291873241874 0.0035766935907304287 3836
frame-000095.color.jpg 0.2986202140174455 0.9203583598136902 -0.23952211439609528 0.07997244596481323 0.8863040804862976 0.38546934723854065 1.3704909086227417 0.15008244135576115 0.00777364382520318 3941
frame-000096.color.jpg 0.2864380509925365 0.9230152368545532 -0.24487359821796417 0.07767214626073837 0.8581633567810059 0.3440384566783905 1.3708314895629883 0.17639786622713768 0.003568519139662385 3644
frame-000097.color.jpg 0.28978642615193057 0.9207740426063538 -0.24892356991767883 0.07896861433982849 0.8367480039596558 0.34345901012420654 1.3641722202301025 0.4275934008593495 0.014009750448167324 3769
frame-000098.color.jpg 0.28413638072041064 0.9205494523048401 -0.2557763457298279 0.08020994812250137 0.8220216631889343 0.3248833119869232 1.3761959075927734 0.3708312204836643 0.008417575620114803 3772
frame-000099.color.jpg 0.2727739179196659 0.9172753691673279 -0.2764066159725189 0.08831576257944107 0.7762616276741028 0.272468626499176 1.4009222984313965 0.31279504974521305 0.0071826814673841 3535
frame-000100.color.jpg 0.2656662940244293 0.9169409871101379 -0.2837276756763458 0.09021782875061035 0.746867299079895 0.25025007128715515 1.4086800813674927 0.30486584044906295 0.006750899367034435 3473
frame-000101.color.jpg 0.2745463110062247 0.9159383177757263 -0.2755846679210663 0.0986628532409668 0.7019340991973877 0.3036653995513916 1.3993778228759766 0.2565600745960882 0.007251471746712923 3817
frame-000102.color.jpg 0.2716264936499895 0.9197788238525391 -0.26408451795578003 0.10239904373884201 0.6592658162117004 0.3224197030067444 1.3906360864639282 0.21112125396679993 0.0059983981773257256 3863
frame-000103.color.jpg 0.27141653614179595 0.9275838732719421 -0.23726016283035278 0.0981263667345047 0.643267810344696 0.3612522780895233 1.366413950920105 0.2369917693869868 0.008641627617180347 3941
frame-000104.color.jpg 0.2666506072586169 0.9357571005821228 -0.20999819040298462 0.09569168090820312 0.6171966791152954 0.3943201005458832 1.3501721620559692 0.18673206250328597 0.007576092146337032 4045
frame-000105.color.jpg 0.2780083674034461 0.9360532164573669 -0.19688662886619568 0.08804190158843994 0.613018274307251 0.43588578701019287 1.3209525346755981 0.4855338155472883 0.014139633625745773 4318
frame-000106.color.jpg 0.28418827066304 0.9305381178855896 -0.21026256680488586 0.09552697092294693 0.5685997009277344 0.4558188319206238 1.3263672590255737 0.07719198988460074 0.003329618601128459 4446
frame-000107.color.jpg 0.29169350392384347 0.9255795478820801 -0.21887506544589996 0.10154352337121964 0.5275216698646545 0.47382378578186035 1.3319687843322754 0.21834337860129505 0.005325642880052328 4408
frame-000108.color.jpg 0.301754666515891 0.9212777614593506 -0.22468943893909454 0.09851952642202377 0.49970757961273193 0.49750426411628723 1.3295669555664062 0.19319607616054937 0.00394017156213522 4438
frame-000109.color.jpg 0.3096676599201511 0.9240802526473999 -0.20165224373340607 0.09756042808294296 0.46151548624038696 0.5413897633552551 1.3290570974349976 0.15044967074535512 0.0025273910723626614 4373
frame-000110.color.jpg 0.3143346994461803 0.9298260807991028 -0.17091865837574005 0.086046002805233 0.44777488708496094 0.559536337852478 1.3214936256408691 0.13185303998696737 0.004797467961907387 4381
frame-000111.color.jpg 0.31703991632608564 0.9347716569900513 -0.14047500491142273 0.07716543972492218 0.4243992865085602 0.5790361762046814 1.3129616975784302 0.12958193538687202 0.004667480010539293 4383
frame-000112.color.jpg 0.32126201735492876 0.9373337626457214 -0.11723332852125168 0.06672754883766174 0.4099219739437103 0.5953325033187866 1.305979609489441 0.20695635935739953 0.006323716603219509 4349
frame-000113.color.jpg 0.327842340090338 0.936839759349823 -0.10596641153097153 0.0601804256439209 0.3770594596862793 0.6135466694831848 1.3023877143859863 0.1507673279026136 0.0034885425120592117 4289
frame-000114.color.jpg 0.3259077287148035 0.9366152286529541 -0.10938245058059692 0.06761299818754196 0.31301257014274597 0.6112510561943054 1.30992591381073 0.0931794150088709 0.0033028586767613888 4214
frame-000115.color.jpg 0.3329875961779769 0.9346431493759155 -0.10548388957977295 0.06659357249736786 0.2842904329299927 0.641000509262085 1.2939881086349487 0.099787369566807 0.004538573324680328 4328
frame-000116.color.jpg 0.331004916671932 0.9349848628044128 -0.10667967051267624 0.06970391422510147 0.24091041088104248 0.6571635603904724 1.2766716480255127 0.11426300835751023 0.002800541929900646 4145
frame-000117.color.jpg 0.3358327603784688 0.9309756755828857 -0.12244032323360443 0.07422208040952682 0.18771053850650787 0.6888887882232666 1.2462376356124878 0.15138523323887498 0.004644923377782106 4209
frame-000118.color.jpg 0.33158035057321944 0.9334627389907837 -0.11513227969408035 0.07379944622516632 0.1402827352285385 0.7073035836219788 1.223488450050354 0.10983204319538346 0.006510097999125719 4110
frame-000119.color.jpg 0.33305009327105806 0.9344976544380188 -0.10087394714355469 0.0749422237277031 0.10125522315502167 0.7495245933532715 1.1894699335098267 0.07388021525100402 0.0023383672814816236 4186
frame-000120.color.jpg 0.34459476243424136 0.9315145611763 -0.08973805606365204 0.07404129952192307 0.07357125729322433 0.7974944710731506 1.1482584476470947 0.11655827208375186 0.004449098836630583 4246
frame-000121.color.jpg 0.3462085236683705 0.9308656454086304 -0.09373496472835541 0.06958720088005066 0.06836945563554764 0.8152496218681335 1.1302154064178467 0.09605108933814475 0.004171809181571007 4313
frame-000122.color.jpg 0.3483087372533987 0.9313783645629883 -0.07955625653266907 0.06990160048007965 0.051420316100120544 0.8420365452766418 1.113503098487854 0.08242184038567438 0.0029567210003733635 4381
frame-000123.color.jpg 0.35428896744845073 0.9297093749046326 -0.07550092041492462 0.06647910922765732 0.04873711243271828 0.8624134063720703 1.1068462133407593 0.057776490147858524 0.0027462742291390896 4403
frame-000124.color.jpg 0.3519162711527915 0.9311171174049377 -0.07615822553634644 0.05810160934925079 0.051676031202077866 0.8617978096008301 1.1025036573410034 0.07228143071690536 0.0031092544086277485 4426
frame-000125.color.jpg 0.35794280339146833 0.930637538433075 -0.059436723589897156 0.04751858115196228 0.05170949548482895 0.8836578130722046 1.0816471576690674 0.24932404945941505 0.002573256613686681 4548
frame-000126.color.jpg 0.3651174758205554 0.9294782876968384 -0.03397373855113983 0.04006218537688255 0.02757258713245392 0.9174230098724365 1.05571711063385 0.18450013810942564 0.0028838946018368006 4599
frame-000127.color.jpg 0.37593005916073924 0.9261747598648071 -0.010182271711528301 0.02780499868094921 0.001286252518184483 0.949786365032196 1.0330523252487183 0.23483705814725936 0.004062039311975241 4627
frame-000128.color.jpg 0.3752395482921329 0.9261236786842346 0.031126847490668297 0.022832291200757027 -0.07530084997415543 0.948072612285614 1.018691897392273 0.39774776870306805 0.006250099278986454 4619
frame-000129.color.jpg 0.38348870151184883 0.9210235476493835 0.06819350272417068 0.0012623383663594723 -0.08824094384908676 0.9648084044456482 0.9930078387260437 0.4434080101914264 0.007732257712632418 4493
frame-000130.color.jpg 0.3872139407461736 0.9164624810218811 0.0983993411064148 -0.021895799785852432 -0.08631312847137451 0.9813423156738281 0.9820170402526855 0.11651492973099137 0.0012556466972455382 4417
frame-000131.color.jpg 0.39000891873949134 0.9123883247375488 0.11905547231435776 -0.03558510169386864 -0.08653116226196289 0.9972530007362366 0.9739373922348022 0.04890476810709954 0.0035201965365558863 4309
frame-000132.color.jpg 0.39607753494724 0.9086396098136902 0.1253805011510849 -0.04214648902416229 -0.09569858759641647 1.027476191520691 0.9402332901954651 0.07193287762582315 0.003525946056470275 4328
frame-000133.color.jpg 0.3963583907840062 0.9098981022834778 0.11864515393972397 -0.030147720128297806 -0.15382792055606842 1.0606358051300049 0.8996846079826355 0.10896309505659106 0.002910767449066043 4524
frame-000134.color.jpg 0.3929861189930399 0.9103686213493347 0.12540456652641296 -0.03262718766927719 -0.17451919615268707 1.0768096446990967 0.8753144145011902 0.13234409323569427 0.0032044481486082077 4507
frame-000135.color.jpg 0.3853326906021558 0.9130379557609558 0.130414679646492 -0.029536575078964233 -0.19999031722545624 1.1010748147964478 0.845473051071167 0.17032888296382434 0.0047995164059102535 4514
frame-000136.color.jpg 0.3768546852224283 0.9162235856056213 0.13235951960086823 -0.031555891036987305 -0.2008620798587799 1.1095685958862305 0.8360528945922852 0.1452407710491477 0.0043437182903289795 4336
frame-000137.color.jpg 0.38137849919408223 0.9150201678276062 0.12711100280284882 -0.03363211825489998 -0.20444075763225555 1.1526846885681152 0.7988172769546509 0.1536610869548776 0.00443629827350378 4305
frame-000138.color.jpg 0.39604349261365207 0.9092876315116882 0.12309816479682922 -0.0345294252038002 -0.21401391923427582 1.2130379676818848 0.7372162342071533 0.19875371571082412 0.003800132079049945 4253
frame-000139.color.jpg 0.4200513607137165 0.8959288597106934 0.12962403893470764 -0.0637647807598114 -0.18262994289398193 1.287401795387268 0.6569167375564575 0.17349583624267564 0.0035714488476514816 4305
frame-000140.color.jpg 0.43302755257044445 0.8879276514053345 0.1364358365535736 -0.07387097924947739 -0.21074876189231873 1.340200662612915 0.6090410947799683 0.2406706800286849 0.007659383583813906 3969
frame-000141.color.jpg 0.437699342722579 0.8855367302894592 0.1376655250787735 -0.07274796068668365 -0.24690526723861694 1.363660216331482 0.5783281326293945 0.345634279109517 0.010035843588411808 4069
frame-000142.color.jpg 0.44371127145538136 0.8831969499588013 0.13315720856189728 -0.07316147536039352 -0.26044830679893494 1.3870512247085571 0.548979640007019 0.33773038953806356 0.009738516062498093 4013
frame-000143.color.jpg 0.43738462480337986 0.8873586058616638 0.1228867620229721 -0.07866428047418594 -0.2384646236896515 1.4123567342758179 0.541195809841156 0.3848046402671732 0.011341861449182034 4009
frame-000144.color.jpg 0.43646514033675887 0.8894782662391663 0.11451281607151031 -0.07220406830310822 -0.2533987760543823 1.4291316270828247 0.516510546207428 0.3490094330961347 0.009515088982880116 4095
frame-000145.color.jpg 0.44311173920745145 0.8881601095199585 0.10552112758159637 -0.06073490157723427 -0.26794102787971497 1.459458827972412 0.4599483609199524 0.34170078383867725 0.00805837381631136 4092
frame-000146.color.jpg 0.4493352812702504 0.8870713114738464 0.09241077303886414 -0.051598455756902695 -0.26651445031166077 1.4950324296951294 0.4035034477710724 0.6528374316368994 0.015815746039152145 4151
frame-000147.color.jpg 0.4604160690629786 0.884178102016449 0.07054898887872696 -0.035623714327812195 -0.25110170245170593 1.5335443019866943 0.32570528984069824 0.08156209032389902 0.002487968886271119 4142
frame-000148.color.jpg 0.478785646102723 0.8758602738380432 0.05423798784613609 -0.026289910078048706 -0.23155009746551514 1.5628998279571533 0.23868060111999512 0.42931839715074793 0.009112842381000519 4306
frame-000149.color.jpg 0.487503400868657 0.8719183206558228 0.04272934049367905 -0.016522128134965897 -0.21926553547382355 1.5793282985687256 0.18624646961688995 0.6294969676956734 0.014194842427968979 4363
frame-000150.color.jpg 0.4846339886396994 0.8739609122276306 0.03500201180577278 -0.009854579344391823 -0.20986062288284302 1.6006921529769897 0.182731494307518 0.14869852763604022 0.004932646173983812 4307
frame-000151.color.jpg 0.47865555141263894 0.8773291707038879 0.030037065967917442 -0.016736624762415886 -0.16941234469413757 1.6025487184524536 0.18787620961666107 0.5509797276789985 0.012205307371914387 4360
frame-000152.color.jpg 0.45001034507152793 0.891962468624115 0.029050441458821297 -0.032397493720054626 -0.09451451152563095 1.602896809577942 0.25896623730659485 0.7960163926912025 0.017867207527160645 4248
frame-000153.color.jpg 0.42386884685868853 0.9011440277099609 0.055973779410123825 -0.07170473784208298 -0.08338306844234467 1.6127355098724365 0.3241043984889984 0.2637346013498048 0.005345212761312723 4199
frame-000154.color.jpg 0.4129662473518695 0.9014855027198792 0.09365110844373703 -0.08951026946306229 -0.15879958868026733 1.6156607866287231 0.35715794563293457 0.13810315666541828 0.004720303695648909 4310
frame-000155.color.jpg 0.41168602367297097 0.8946301937103271 0.14156654477119446 -0.10055048018693924 -0.28125518560409546 1.5873773097991943 0.36961981654167175 0.47676929545998675 0.01018756814301014 4257
frame-000156.color.jpg 0.40476484931091933 0.8885669708251953 0.18481208384037018 -0.11161808669567108 -0.3894520401954651 1.5575162172317505 0.4064863920211792 0.5126634870131376 0.012381220236420631 4149
frame-000157.color.jpg 0.39881828459778473 0.8875937461853027 0.19656939804553986 -0.12034060060977936 -0.4092305898666382 1.556991696357727 0.42982056736946106 0.7059786512571259 0.015776436775922775 4219
frame-000158.color.jpg 0.39319997353898767 0.8819613456726074 0.22156061232089996 -0.1358267068862915 -0.4600299000740051 1.5440317392349243 0.45433810353279114 0.49752970880309344 0.011301598511636257 3986
frame-000159.color.jpg 0.3924248004649659 0.8742983937263489 0.24449551105499268 -0.14773936569690704 -0.5037900805473328 1.5246409177780151 0.464821457862854 0.821507672529895 0.018210111185908318 3796
frame-000160.color.jpg 0.38287087154159966 0.870181679725647 0.2634376883506775 -0.16368986666202545 -0.5203225612640381 1.5185558795928955 0.501920759677887 0.3868947048336236 0.008012675680220127 3586
frame-000161.color.jpg 0.3722786043145888 0.8683033585548401 0.2790922522544861 -0.17194615304470062 -0.5287213325500488 1.4946284294128418 0.5326429009437561 0.6474592979957491 0.015419268980622292 3348
frame-000162.color.jpg 0.3622720444515913 0.8654160499572754 0.2966643273830414 -0.17833802103996277 -0.551251232624054 1.4767488241195679 0.5552269220352173 0.9589501284550335 0.019899236038327217 2972
frame-000163.color.jpg 0.35412163495455584 0.8632287383079529 0.31303003430366516 -0.17733065783977509 -0.5716985464096069 1.4640551805496216 0.5685131549835205 0.9630138775677796 0.020052196457982063 2853
frame-000164.color.jpg 0.34106074266431025 0.8634427189826965 0.325755774974823 -0.17896190285682678 -0.5755476951599121 1.4785922765731812 0.5981955528259277 0.5800123005197839 0.012724371626973152 2800
frame-000165.color.jpg 0.3408946619762902 0.8607993125915527 0.33225998282432556 -0.18005181849002838 -0.5872384309768677 1.4791065454483032 0.5975109934806824 0.49739732052707153 0.012416863813996315 2652
frame-000166.color.jpg 0.3427448168950563 0.8563095927238464 0.3422706127166748 -0.17919473350048065 -0.594870388507843 1.4626855850219727 0.5879079103469849 0.9804681058266298 0.022246738895773888 2447
frame-000167.color.jpg 0.33375757963751285 0.8521522879600525 0.35815703868865967 -0.1848403513431549 -0.6126757860183716 1.4466028213500977 0.613472580909729 0.8698381444577581 0.017534269019961357 2120
frame-000168.color.jpg 0.3326513681961549 0.8425151705741882 0.3783608376979828 -0.1906675100326538 -0.6277454495429993 1.4198676347732544 0.615544855594635 1.4551620909959906 0.028555849567055702 1812
frame-000169.color.jpg 0.3212647267147277 0.8359450101852417 0.39678096771240234 -0.20136994123458862 -0.6305932998657227 1.4088330268859863 0.6671921014785767 0.7595884325265857 0.01804518885910511 1473
frame-000170.color.jpg 0.32270877918732777 0.829634428024292 0.4105115234851837 -0.197600856423378 -0.650601327419281 1.3885670900344849 0.6621871590614319 1.3549304523082286 0.027049662545323372 1452
frame-000171.color.jpg 0.32083029245249284 0.8233014345169067 0.4228725731372833 -0.20105081796646118 -0.6678580045700073 1.374345064163208 0.6843867301940918 1.056069868923914 0.020291805267333984 1353
frame-000172.color.jpg 0.3213886771129611 0.8196680545806885 0.4297836720943451 -0.20034873485565186 -0.6758647561073303 1.3640774488449097 0.692322313785553 1.4972435268026738 0.02540639415383339 1293
frame-000173.color.jpg 0.3191426076526431 0.8189550638198853 0.4318483769893646 -0.20240408182144165 -0.6725727915763855 1.3572189807891846 0.7017098069190979 1.4053600868279599 0.02918536402285099 1237
frame-000174.color.jpg 0.3282600188900381 0.8199639320373535 0.42465099692344666 -0.19893740117549896 -0.697163462638855 1.358863115310669 0.6633651256561279 1.7588575945390277 0.029119109734892845 1309
frame-000175.color.jpg 0.34075860684504816 0.8257050514221191 0.406284898519516 -0.1924247145652771 -0.7135893702507019 1.3847312927246094 0.6161725521087646 1.6457196730842918 0.028689226135611534 1098
frame-000176.color.jpg 0.3703905277501187 0.8426101207733154 0.3509190082550049 -0.17226386070251465 -0.6827403903007507 1.477880597114563 0.5047293901443481 0.3839472647633515 0.010952860116958618 2336
frame-000177.color.jpg 0.3772516114881554 0.8520333766937256 0.3237113654613495 -0.16410739719867706 -0.6572087407112122 1.5159664154052734 0.46457210183143616 0.35490447331923747 0.008927036076784134 2956
frame-000178.color.jpg 0.3868982572270939 0.8635130524635315 0.2891848385334015 -0.14500685036182404 -0.6245132088661194 1.5477285385131836 0.41379794478416443 0.7681429776577622 0.020261669531464577 3302
frame-000179.color.jpg 0.38926642273799544 0.8787105083465576 0.24976249039173126 -0.11814464628696442 -0.585830569267273 1.5759344100952148 0.3771285116672516 0.4254371154744617 0.010438745841383934 4000
frame-000180.color.jpg 0.3950210935765721 0.8861309289932251 0.22069139778614044 -0.10012783855199814 -0.5489948391914368 1.5989066362380981 0.3384631872177124 0.5557950644047103 0.01215560082346201 4133
frame-000181.color.jpg 0.40267903158778046 0.8933774828910828 0.18280890583992004 -0.07941815257072449 -0.49600115418434143 1.6204417943954468 0.28694453835487366 0.7080897133191887 0.015151295810937881 4198
frame-000182.color.jpg 0.4072687542215054 0.897894024848938 0.15236428380012512 -0.06858273595571518 -0.44561198353767395 1.6426937580108643 0.2548392415046692 0.7123299267724443 0.014206856489181519 4211
frame-000183.color.jpg 0.41214974807768473 0.9020537734031677 0.11583898961544037 -0.05488983914256096 -0.3879728317260742 1.6675124168395996 0.2226526290178299 0.3069112953424966 0.005644951947033405 4147
frame-000184.color.jpg 0.4172033435951944 0.9039207696914673 0.08750821650028229 -0.034800171852111816 -0.3622080385684967 1.6888946294784546 0.2024334818124771 0.3159850148918735 0.007472974248230457 4157
frame-000185.color.jpg 0.42628835589235026 0.901716411113739 0.06927283108234406 -0.019670231267809868 -0.3477926552295685 1.690370798110962 0.17127090692520142 0.4924891892781827 0.010600990615785122 4175
frame-000186.color.jpg 0.428944326546309 0.9014564156532288 0.05716034024953842 -0.010757899843156338 -0.3453216254711151 1.6872371435165405 0.17194034159183502 0.2809361926506439 0.007837893441319466 4244
frame-000187.color.jpg 0.42891665118741373 0.9017167091369629 0.05376601219177246 -0.006834007333964109 -0.3582095205783844 1.6864838600158691 0.17983070015907288 0.30968747375541594 0.009321167133748531 4291
frame-000188.color.jpg 0.4345778866693689 0.8996196985244751 0.04244228079915047 -0.005011904519051313 -0.3467826843261719 1.6958967447280884 0.16949890553951263 0.19201285260855044 0.006367258727550507 4363
frame-000189.color.jpg 0.44290109188181953 0.8959258794784546 0.03394147381186485 -0.001908438396640122 -0.34622183442115784 1.6995785236358643 0.1507987082004547 0.38063038082809053 0.009257546626031399 4334
frame-000190.color.jpg 0.447353117333555 0.893966794013977 0.026400886476039886 0.0012372921919450164 -0.3359963595867157 1.7019027471542358 0.14597447216510773 0.23132143171540684 0.006654221098870039 4405
frame-000191.color.jpg 0.4465502275604085 0.8944740891456604 0.022287782281637192 0.0035067813005298376 -0.3316945433616638 1.6963090896606445 0.15787772834300995 0.10117517862878898 0.002266887342557311 4424
frame-000192.color.jpg 0.455314009481112 0.8901425004005432 0.017815055325627327 0.004239759873598814 -0.3278431296348572 1.6894174814224243 0.14133316278457642 0.22224583119596564 0.005250337067991495 4385
frame-000193.color.jpg 0.46103448959952803 0.8872189521789551 0.014928611926734447 0.008181888610124588 -0.3315839469432831 1.6875672340393066 0.13235130906105042 0.19094933078979862 0.004710990935564041 4378
frame-000194.color.jpg 0.46793005625576106 0.8836567401885986 0.008808433078229427 0.010708880610764027 -0.3308388292789459 1.6804511547088623 0.12152794748544693 0.5175216725037207 0.012091532349586487 4324
frame-000195.color.jpg 0.46852582674165844 0.8833214640617371 0.001462736981920898 0.01498983521014452 -0.3167288899421692 1.6879143714904785 0.12502022087574005 0.18026277946179964 0.004182038363069296 4378
frame-000196.color.jpg 0.4705959859818965 0.8821611404418945 -0.0024792139884084463 0.018033551052212715 -0.32022783160209656 1.6884236335754395 0.12867820262908936 0.3786569630860593 0.009787914343178272 4362
frame-000197.color.jpg 0.4748552698144021 0.8797955513000488 -0.004773461259901524 0.021198494359850883 -0.319538414478302 1.6830952167510986 0.11404513567686081 0.34421506718560885 0.009097158908843994 4339
frame-000198.color.jpg 0.47823620450638715 0.8778696060180664 -0.007509753108024597 0.024054426699876785 -0.31311270594596863 1.683524489402771 0.10629450529813766 0.24602498804901957 0.006265610456466675 4436
frame-000199.color.jpg 0.4808151400527654 0.8763372898101807 -0.0138984564691782 0.025623217225074768 -0.3003355860710144 1.6922593116760254 0.1041661724448204 0.3282335984665426 0.008805764839053154 4415
frame-000200.color.jpg 0.481933169598924 0.8751043677330017 -0.028959086164832115 0.033079665154218674 -0.275735467672348 1.6838310956954956 0.09693385660648346 0.42075083197146607 0.009666078723967075 4411
frame-000201.color.jpg 0.47637441807589553 0.8769631385803223 -0.04504288360476494 0.04443284496665001 -0.25175511837005615 1.692290186882019 0.11726993322372437 0.05062589240161011 0.0008257474983111024 4378
frame-000202.color.jpg 0.47107723872228036 0.8771194815635681 -0.07284030318260193 0.05866779014468193 -0.20025387406349182 1.6971299648284912 0.1259324848651886 0.12647210490104024 0.0037058438174426556 4414
frame-000203.color.jpg 0.46726040336145336 0.8763744831085205 -0.09372255951166153 0.06965373456478119 -0.16920530796051025 1.6930819749832153 0.12554603815078735 0.10890116311670477 0.0033119849395006895 4342
frame-000204.color.jpg 0.45149277182256525 0.8792517781257629 -0.12646223604679108 0.08413007855415344 -0.10339018702507019 1.6920379400253296 0.1545405089855194 0.2901469428702441 0.006209968589246273 4408
frame-000205.color.jpg 0.44711087003028255 0.8766701221466064 -0.1518704891204834 0.09206972271203995 -0.05792471021413803 1.6933828592300415 0.1615385264158249 0.3159175400933931 0.010743645951151848 4364
frame-000206.color.jpg 0.4370486235993378 0.8702195286750793 -0.1906885802745819 0.12387241423130035 0.006720450706779957 1.6946053504943848 0.16583894193172455 0.11817051689299221 0.005041147582232952 4220
frame-000207.color.jpg 0.4344660100606167 0.8645530939102173 -0.2135746031999588 0.1348075121641159 0.05036342889070511 1.6947323083877563 0.1635819524526596 0.1558114092644548 0.005720209330320358 4189
frame-000208.color.jpg 0.43302303954107346 0.8586652874946594 -0.23391425609588623 0.1430703103542328 0.07770317792892456 1.6898285150527954 0.15852802991867065 0.40472643444624923 0.013208199292421341 4188
frame-000209.color.jpg 0.42598423651005524 0.8557679653167725 -0.251975953578949 0.1506870985031128 0.11382520198822021 1.6956678628921509 0.161702498793602 0.2826340015874946 0.008857488632202148 4132
frame-000210.color.jpg 0.4308083075540089 0.8439080119132996 -0.26782727241516113 0.17461974918842316 0.11914104968309402 1.7009873390197754 0.12740691006183624 0.30194588121802957 0.008473526686429977 4052
frame-000211.color.jpg 0.4251870428887164 0.838825523853302 -0.28315630555152893 0.1881759613752365 0.12794610857963562 1.695482850074768 0.13680027425289154 0.26619448330721435 0.007488599978387356 4130
frame-000212.color.jpg 0.4114172341362535 0.8295907378196716 -0.3184616267681122 0.20272445678710938 0.18505573272705078 1.6775190830230713 0.1733883172273636 0.27439489913818155 0.0063822162337601185 4030
frame-000213.color.jpg 0.40542380319643584 0.816095232963562 -0.3497997224330902 0.21739421784877777 0.23403336107730865 1.6649878025054932 0.19629384577274323 0.23593445076738354 0.00567494984716177 4125
frame-000214.color.jpg 0.3994756234590702 0.8023646473884583 -0.37868398427963257 0.23071317374706268 0.28726762533187866 1.6516445875167847 0.2216719686985016 0.11729398484298272 0.004232803359627724 4038
frame-000215.color.jpg 0.3851219135091661 0.7897067666053772 -0.40607351064682007 0.2512938678264618 0.30322474241256714 1.6302369832992554 0.2591964304447174 0.1632566756455257 0.00393505347892642 4128
frame-000216.color.jpg 0.3724532993020208 0.7777711749076843 -0.4291857182979584 0.2686079144477844 0.2936394512653351 1.6195772886276245 0.29432427883148193 0.19911894406843467 0.006834391504526138 4088
frame-000217.color.jpg 0.3709248526054685 0.7731809020042419 -0.4370182156562805 0.2713320255279541 0.28585389256477356 1.609120488166809 0.303507924079895 0.1936338619378781 0.0065803914330899715 4215
frame-000218.color.jpg 0.3645061234295136 0.768806517124176 -0.45366334915161133 0.26506859064102173 0.28754934668540955 1.5811429023742676 0.3423400819301605 0.2512528842088561 0.008697738870978355 4330
frame-000219.color.jpg 0.3630806899491856 0.7639663815498352 -0.4616755247116089 0.2671767771244049 0.26307278871536255 1.5734105110168457 0.3587360978126526 0.18081889293041356 0.007460815366357565 4319
frame-000220.color.jpg 0.36637409366986706 0.7592502236366272 -0.46544069051742554 0.26958149671554565 0.2398499697446823 1.5645711421966553 0.36214780807495117 0.09889162760975687 0.003533510258421302 4402
frame-000221.color.jpg 0.3608853036944129 0.7593085765838623 -0.47193142771720886 0.2655050754547119 0.21800681948661804 1.5399943590164185 0.3979087471961975 0.09500420943538823 0.0027517839334905148 4448
frame-000222.color.jpg 0.35873487415384026 0.7562476992607117 -0.47944578528404236 0.2636864185333252 0.20646032691001892 1.5194971561431885 0.4214770495891571 0.12786918541121198 0.004605111200362444 4426
frame-000223.color.jpg 0.35728453316483794 0.7517232298851013 -0.48545947670936584 0.26756152510643005 0.19596600532531738 1.5040279626846313 0.4369850158691406 0.17447559486260222 0.0050780028104782104 4409
frame-000224.color.jpg 0.35648285819130093 0.7466807961463928 -0.4943235218524933 0.2665182948112488 0.2045973539352417 1.4885597229003906 0.46012982726097107 0.09152769650870464 0.0032752195838838816 4442
frame-000225.color.jpg 0.35624282800158125 0.7448465824127197 -0.49687936902046204 0.2672180235385895 0.2026042938232422 1.4769947528839111 0.46858230233192444 0.09250369318850243 0.0027257304172962904 4365
frame-000226.color.jpg 0.35044103387277065 0.7403939366340637 -0.509144127368927 0.26415935158729553 0.22929953038692474 1.465928077697754 0.4914805293083191 0.14179839572810093 0.004432279150933027 4341
frame-000227.color.jpg 0.34662195178935534 0.7285046577453613 -0.5250260233879089 0.2710752785205841 0.2565199136734009 1.4615687131881714 0.49593237042427063 0.14055486107212228 0.005308817140758038 4291
frame-000228.color.jpg 0.3399854003619825 0.7173932790756226 -0.5400770306587219 0.2794168293476105 0.28386059403419495 1.4598771333694458 0.4952346682548523 0.032947258410981235 0.0022231468465179205 4242
frame-000229.color.jpg 0.3321154069161937 0.7071840763092041 -0.5556871891021729 0.28425633907318115 0.30171075463294983 1.447148323059082 0.5103243589401245 0.061271926166998496 0.0016772495582699776 4110
frame-000230.color.jpg 0.31223015782852886 0.6959191560745239 -0.5810389518737793 0.2839060127735138 0.31716641783714294 1.419754981994629 0.5547002553939819 0.08868824546447018 0.0035801155027002096 3862
frame-000231.color.jpg 0.3043833185790529 0.6802011728286743 -0.5998892188072205 0.29122185707092285 0.33290261030197144 1.4075967073440552 0.5712031126022339 0.11397964888844726 0.005263655912131071 3557
frame-000232.color.jpg 0.29991634738850426 0.6695234179496765 -0.6108351945877075 0.2977730631828308 0.34495648741722107 1.3879183530807495 0.585174024105072 0.10639020815297222 0.002050111535936594 3377
frame-000233.color.jpg 0.30165453706880907 0.6801321506500244 -0.6035913228988647 0.2865351736545563 0.3439132273197174 1.368949294090271 0.6100906133651733 0.3105359113163784 0.008141715079545975 3455
frame-000234.color.jpg 0.3100654896849608 0.6928926706314087 -0.5887163281440735 0.2777988910675049 0.32475119829177856 1.3635514974594116 0.6229405999183655 0.2671705600282915 0.0066928258165717125 3644
frame-000235.color.jpg 0.3248091284603317 0.7093892693519592 -0.5640659928321838 0.27036163210868835 0.27735739946365356 1.3469213247299194 0.6410008668899536 0.3039789830740191 0.009148096665740013 3820
frame-000236.color.jpg 0.33432837681211 0.7249698638916016 -0.5438100099563599 0.25867748260498047 0.24411696195602417 1.3261301517486572 0.6681933403015137 0.2575644325691974 0.009292109869420528 3899
frame-000237.color.jpg 0.34340009078335026 0.7362800240516663 -0.5266127586364746 0.250294029712677 0.21499872207641602 1.3048449754714966 0.6983675956726074 0.14709105862313357 0.006072112824767828 4008
frame-000238.color.jpg 0.3469803060550349 0.7456541061401367 -0.5165931582450867 0.2381935715675354 0.21378310024738312 1.2730289697647095 0.7435778975486755 0.12975847976866098 0.004341768566519022 4041
frame-000239.color.jpg 0.35531122157297124 0.7542657256126404 -0.4992173910140991 0.23583698272705078 0.19108808040618896 1.2652066946029663 0.7570425868034363 0.26020328682720245 0.008984262123703957 4074
frame-000240.color.jpg 0.3566126094955595 0.7535493969917297 -0.5015859603881836 0.23108907043933868 0.20976896584033966 1.2508552074432373 0.7843490242958069 0.2210116080088164 0.008199311792850494 4181
frame-000241.color.jpg 0.34661781448669704 0.7489368915557861 -0.511577308177948 0.23924514651298523 0.21718217432498932 1.2239288091659546 0.8117619156837463 0.15726780036261456 0.005353118292987347 4148
frame-000242.color.jpg 0.34820391883967067 0.7478252649307251 -0.514498233795166 0.23410041630268097 0.23214221000671387 1.2059967517852783 0.824518084526062 0.21781802766437264 0.0082487678155303 4194
frame-000243.color.jpg 0.34657823022308265 0.7430570125579834 -0.5180435180664062 0.24368178844451904 0.204169362783432 1.1871669292449951 0.8572432994842529 0.13745104702245395 0.004592600744217634 4195
frame-000244.color.jpg 0.34604780867752266 0.7618179321289062 -0.49124160408973694 0.24200421571731567 0.13491766154766083 1.161074161529541 0.9030777812004089 0.060074862143781035 0.0025689543690532446 4429
frame-000245.color.jpg 0.3529086096737115 0.7707417607307434 -0.4719449579715729 0.24224092066287994 0.10555937141180038 1.1561291217803955 0.9228693842887878 0.07688293716487088 0.0011479567037895322 4525
frame-000246.color.jpg 0.363246406872306 0.7750809192657471 -0.45835497975349426 0.239190936088562 0.09661328047513962 1.1430634260177612 0.9422882795333862 0.10175661849220614 0.003990293014794588 4425
frame-000247.color.jpg 0.36906614539506316 0.7765204906463623 -0.45546969771385193 0.23098352551460266 0.11577492207288742 1.1222593784332275 0.9694002866744995 0.18533096658893422 0.005598503164947033 4463
frame-000248.color.jpg 0.3707083030690792 0.7777408957481384 -0.45360517501831055 0.22789642214775085 0.11856476217508316 1.095842957496643 1.004855751991272 0.16411176997288635 0.004621090367436409 4491
frame-000249.color.jpg 0.3708434828283553 0.7769454717636108 -0.45509645342826843 0.22741597890853882 0.11806225776672363 1.076817274093628 1.0310940742492676 0.07879963232027927 0.002991099376231432 4514
frame-000250.color.jpg 0.36731717220900634 0.7733844518661499 -0.46280214190483093 0.22971445322036743 0.1039232462644577 1.0525133609771729 1.047918438911438 0.10400110269681564 0.0036581666208803654 4546
frame-000251.color.jpg 0.3564683790785185 0.7657347321510315 -0.47825732827186584 0.24052157998085022 0.07834432274103165 1.0326924324035645 1.0652669668197632 0.15944416276840245 0.005282295402139425 4549
frame-000252.color.jpg 0.3462746185348671 0.7627497315406799 -0.4886552393436432 0.24397297203540802 0.06797491759061813 1.0120095014572144 1.0793519020080566 0.12369135079498558 0.006301010958850384 4543
frame-000253.color.jpg 0.326500357353713 0.7432825565338135 -0.5264723300933838 0.2524983584880829 0.07102759182453156 0.9731308221817017 1.1214951276779175 0.20297614665985392 0.004529033321887255 4608
frame-000254.color.jpg 0.3249764380146798 0.7381717562675476 -0.5329127311706543 0.2559235990047455 0.06478244066238403 0.9699141383171082 1.1235789060592651 0.1685901329125933 0.0019634761847555637 4583
frame-000255.color.jpg 0.3115043633731261 0.7193180322647095 -0.5599161982536316 0.26840344071388245 0.043622955679893494 0.9564167857170105 1.1384459733963013 0.06721140931045266 0.0015864436281844974 4592
frame-000256.color.jpg 0.3003672198153875 0.701105535030365 -0.5805023312568665 0.28503963351249695 0.0064606741070747375 0.9541014432907104 1.144029140472412 0.05746878478966416 0.00423395773395896 4615
frame-000257.color.jpg 0.28717099429150245 0.6757071614265442 -0.6095331311225891 0.2990351915359497 -0.026003260165452957 0.9419716000556946 1.1541248559951782 0.052581207474298154 0.004307794384658337 4543
frame-000258.color.jpg 0.27623161554955716 0.6627536416053772 -0.6258057355880737 0.30466529726982117 -0.05471254885196686 0.928210437297821 1.1637840270996094 0.06349379204008894 0.0036542112939059734 4592
frame-000259.color.jpg 0.27043679334268234 0.6505645513534546 -0.6372228860855103 0.31237277388572693 -0.08951234817504883 0.9289754033088684 1.1637282371520996 0.058191457490469854 0.0029447569977492094 4557
frame-000260.color.jpg 0.26861885787039713 0.6389620900154114 -0.6462834477424622 0.31920045614242554 -0.14334046840667725 0.9386150240898132 1.1633186340332031 0.06968760634863351 0.006224564742296934 4538
frame-000261.color.jpg 0.26591073204079496 0.6295890808105469 -0.6542842984199524 0.323760986328125 -0.17113322019577026 0.94293212890625 1.1562387943267822 0.08701224110613202 0.001825784333050251 4464
frame-000262.color.jpg 0.2654945911005433 0.6246842741966248 -0.6571404933929443 0.3277933895587921 -0.1972971260547638 0.952104389667511 1.1484404802322388 0.11714577507407874 0.0025094859302043915 4431
frame-000263.color.jpg 0.26370120713496126 0.6206231713294983 -0.6599566340446472 0.33127906918525696 -0.2193032056093216 0.9590931534767151 1.1375842094421387 0.09544291568742932 0.0010379152372479439 4432
frame-000264.color.jpg 0.2634134909132892 0.6140649914741516 -0.6645786762237549 0.3344738483428955 -0.2428012639284134 0.9669559001922607 1.1285487413406372 0.1257448098163529 0.0032077862415462732 4284
frame-000265.color.jpg 0.2605551851912221 0.6105832457542419 -0.6671547293663025 0.33794042468070984 -0.2678937315940857 0.9674701690673828 1.11882483959198 0.0705865499568571 0.0013242491986602545 4221
frame-000266.color.jpg 0.2544865965684677 0.606070876121521 -0.671901285648346 0.34126734733581543 -0.30889734625816345 0.959804117679596 1.1145870685577393 0.07878857995362427 0.0026290162932127714 4169
frame-000267.color.jpg 0.25294226785224316 0.6020646691322327 -0.674453616142273 0.34445714950561523 -0.32330697774887085 0.9604011178016663 1.1068823337554932 0.10814544003763989 0.001837408053688705 4014
frame-000268.color.jpg 0.2555461385024756 0.5977684855461121 -0.6747946739196777 0.3493153750896454 -0.34201779961586 0.9724072217941284 1.0947542190551758 0.14538336458828494 0.00212810467928648 3964
frame-000269.color.jpg 0.25773640513062984 0.59378582239151 -0.6751068234443665 0.3538660705089569 -0.3505489230155945 0.987142026424408 1.0838370323181152 0.10571832164390527 0.001841070712544024 3853
frame-000270.color.jpg 0.2595484519585082 0.583792507648468 -0.6799203157424927 0.3599016070365906 -0.3552129864692688 1.0114572048187256 1.0616894960403442 0.12345775032124322 0.0003718121151905507 3816
frame-000271.color.jpg 0.25077510941902464 0.5707773566246033 -0.6899284720420837 0.3678636848926544 -0.37457242608070374 1.0288058519363403 1.0283509492874146 0.12533542535297526 0.002522446447983384 3828
frame-000272.color.jpg 0.242480767226962 0.5383853912353516 -0.7170995473861694 0.3702869713306427 -0.3494195342063904 1.068040370941162 1.000191569328308 0.15041828122364215 0.0027359945233911276 3820
frame-000273.color.jpg 0.22328866374110026 0.5016735196113586 -0.7479263544082642 0.37292367219924927 -0.3390885889530182 1.0841532945632935 0.9784948229789734 0.18569830270023396 0.004102994222193956 3952
frame-000274.color.jpg 0.19823376150925132 0.4723252058029175 -0.7732190489768982 0.37382423877716064 -0.3466920256614685 1.0848712921142578 0.9660744071006775 0.2990402493759974 0.007810248993337154 3933
frame-000275.color.jpg 0.18035625894489093 0.44493624567985535 -0.792327880859375 0.3764568567276001 -0.34567996859550476 1.0893712043762207 0.9461697340011597 0.20664018296380876 0.005341983400285244 4082
frame-000276.color.jpg 0.16880827810631177 0.4199584424495697 -0.8071213960647583 0.3790694773197174 -0.3385004997253418 1.101374626159668 0.9261439442634583 0.18561602026507648 0.0042799245566129684 4153
frame-000277.color.jpg 0.1586269177386258 0.3964154124259949 -0.8190795183181763 0.38314610719680786 -0.3271842300891876 1.1095904111862183 0.9092512130737305 0.0875327562157612 0.0013901578495278955 4159
frame-000278.color.jpg 0.1491385493816523 0.36583980917930603 -0.8382326364517212 0.37587910890579224 -0.2938297688961029 1.104947566986084 0.9163956642150879 0.09223215981846138 0.002468975493684411 4180
frame-000279.color.jpg 0.13879828485122206 0.34518569707870483 -0.8506659269332886 0.3714151680469513 -0.28311797976493835 1.0934031009674072 0.917542040348053 0.14774428884400861 0.005077407229691744 4157
frame-000280.color.jpg 0.13172423186218457 0.33184248208999634 -0.85810387134552 0.3690354526042938 -0.28938356041908264 1.0873197317123413 0.9164226055145264 0.04660311441872425 0.002386338310316205 4094
frame-000281.color.jpg 0.13941568770221718 0.33095890283584595 -0.8588721752166748 0.3651959002017975 -0.2913967967033386 1.0744037628173828 0.93194180727005 0.3511891972562943 0.01163512747734785 3898
frame-000282.color.jpg 0.14209090342265218 0.33264127373695374 -0.8564868569374084 0.36822566390037537 -0.31180495023727417 1.0715712308883667 0.9357702732086182 0.20819007561644629 0.009207182563841343 3852
frame-000283.color.jpg 0.13540940656689687 0.3357309103012085 -0.854785680770874 0.3718741238117218 -0.3436759114265442 1.0603681802749634 0.9384980797767639 0.16950729925207908 0.007178873289376497 3709
frame-000284.color.jpg 0.1276534577244485 0.3120477497577667 -0.863386332988739 0.37535977363586426 -0.332391619682312 1.0869427919387817 0.9199029803276062 0.2711594972252847 0.00882569421082735 3784
frame-000285.color.jpg 0.11693102217617214 0.2702412009239197 -0.8803020715713501 0.37197452783584595 -0.2780112326145172 1.1028764247894287 0.9109970927238464 0.20138060379756836 0.006492162588983774 3790
frame-000286.color.jpg 0.10188662388513517 0.2275734543800354 -0.8915272951126099 0.3781646490097046 -0.23816390335559845 1.1166108846664429 0.8893745541572571 0.3740944500813437 0.011368846520781517 3897
frame-000287.color.jpg 0.09716707930175941 0.21159079670906067 -0.8944308161735535 0.3818134069442749 -0.22775231301784515 1.1265835762023926 0.8798282742500305 0.12366855237058802 0.004261305555701256 3964
frame-000288.color.jpg 0.08559773911224702 0.18512658774852753 -0.8955063223838806 0.3955623507499695 -0.20912088453769684 1.153280258178711 0.8483453392982483 0.1967552450483607 0.006297775078564882 4278
frame-000289.color.jpg 0.0767868702346221 0.1633673906326294 -0.8939147591590881 0.41028207540512085 -0.19678328931331635 1.1796588897705078 0.8214260935783386 0.2320485533773223 0.007975457236170769 4357
frame-000290.color.jpg 0.07613385165457807 0.14615009725093842 -0.8915338516235352 0.42191368341445923 -0.17071616649627686 1.2042111158370972 0.7982603311538696 0.31475021807555564 0.009617977775633335 4299
frame-000291.color.jpg 0.0717222229949826 0.14004535973072052 -0.88642817735672 0.4353025257587433 -0.1715548187494278 1.2211294174194336 0.7714306116104126 0.368366082482245 0.009549553506076336 4341
frame-000292.color.jpg 0.05802620201087265 0.12355703115463257 -0.8833368420600891 0.44842246174812317 -0.1789833903312683 1.2371960878372192 0.7489960193634033 0.44542184877952234 0.01023680530488491 4388
frame-000293.color.jpg 0.0504856731555916 0.10786941647529602 -0.8775812387466431 0.4643990099430084 -0.18060477077960968 1.259132742881775 0.7093151211738586 0.35418423520734493 0.008346091024577618 4309
frame-000294.color.jpg 0.059215649789425874 0.1038251668214798 -0.8681203722953796 0.48174771666526794 -0.1578143984079361 1.296446681022644 0.6676252484321594 0.5722157463039201 0.012805170379579067 4166
frame-000295.color.jpg 0.04695662688285702 0.12871317565441132 -0.8722724914550781 0.46943455934524536 -0.2053471952676773 1.265041470527649 0.7108480334281921 0.6862503435306316 0.015213075093925 4183
frame-000296.color.jpg 0.04881022897356792 0.15548200905323029 -0.8755338191986084 0.4548443853855133 -0.2282959669828415 1.2393639087677002 0.7490917444229126 0.46745142332820844 0.008826463483273983 4229
frame-000297.color.jpg 0.06887719801560098 0.1576692759990692 -0.8712365031242371 0.4597208797931671 -0.15698930621147156 1.2600640058517456 0.7277926206588745 0.799875769737377 0.017317336052656174 4156
frame-000298.color.jpg 0.07646393085329904 0.12521305680274963 -0.8774795532226562 0.45662301778793335 -0.007370819803327322 1.262845516204834 0.7275682091712952 0.10565804389045859 0.007074980065226555 3948
frame-000299.color.jpg 0.06943911328320637 0.09047547727823257 -0.8804178237915039 0.4602789878845215 0.09117349982261658 1.255165696144104 0.7258627414703369 0.16948116577437586 0.005591379478573799 3921
frame-000300.color.jpg 0.059736148165402264 0.06581823527812958 -0.8816748857498169 0.46341004967689514 0.1606368124485016 1.242337703704834 0.7390106320381165 0.12968246723371812 0.004869380034506321 3876
frame-000301.color.jpg 0.04769775407527273 0.056652721017599106 -0.8817005157470703 0.46596086025238037 0.1622764617204666 1.2353529930114746 0.7528128027915955 0.10736528435805766 0.006423030514270067 3781
frame-000302.color.jpg 0.03202756412436008 0.05058478191494942 -0.8765708208084106 0.4775342047214508 0.14619918167591095 1.24429452419281 0.7389535903930664 0.17128557635508893 0.008206567727029324 3792
frame-000303.color.jpg 0.00810204621895673 0.03220602497458458 -0.8675448298454285 0.4962489902973175 0.10586299002170563 1.2740354537963867 0.6957833170890808 0.17882741253967882 0.00592937832698226 3742
frame-000304.color.jpg 0.01379239139215868 -0.01308318879455328 0.8593744039535522 -0.5109933018684387 0.06872426718473434 1.3011833429336548 0.6622650027275085 0.2864800384204464 0.007454547565430403 3906
frame-000305.color.jpg 0.026346690195734514 0.01088553573936224 0.8579755425453186 -0.512898862361908 0.05555810406804085 1.3099039793014526 0.654982328414917 0.4274719782385966 0.010308743454515934 3851
frame-000306.color.jpg 0.03772098375836986 0.026485728099942207 0.8532129526138306 -0.5195221900939941 0.039262156933546066 1.3155382871627808 0.6388841867446899 0.2773266244372773 0.007703809067606926 4026
frame-000307.color.jpg 0.055795841109631185 0.040377017110586166 0.8442869186401367 -0.5314471125602722 0.01436499785631895 1.338218331336975 0.6062191128730774 0.3747411035770999 0.012599051930010319 3913
frame-000308.color.jpg 0.0634996898869768 0.05132245272397995 0.8386337161064148 -0.5385417342185974 0.010746284388005733 1.3508843183517456 0.5830317139625549 0.2866141342437608 0.009246109053492546 3861
frame-000309.color.jpg 0.07359444978220611 0.06875764578580856 0.8336551785469055 -0.5430241823196411 0.0120578957721591 1.3567930459976196 0.5684670805931091 0.3810102033789667 0.00898619182407856 3861
frame-000310.color.jpg 0.08233628886740524 0.07991542667150497 0.8334761261940002 -0.5405106544494629 0.0011529672192409635 1.3644685745239258 0.5731024742126465 0.059267419058051815 0.004483012482523918 3885
frame-000311.color.jpg 0.08833557668163754 0.09174500405788422 0.8312212824821472 -0.5411570072174072 -0.0015247687697410583 1.3673385381698608 0.5698755979537964 0.11166753647290538 0.005525608547031879 3999
frame-000312.color.jpg 0.09438423594342747 0.09992966055870056 0.8315256834030151 -0.5382106900215149 -0.006838162895292044 1.366692066192627 0.5749777555465698 0.09002911031612153 0.005758566316217184 3967
frame-000313.color.jpg 0.09438471065189932 0.10577410459518433 0.8288201093673706 -0.5412583351135254 -0.003845799481496215 1.3716719150543213 0.565120279788971 0.3201563128036207 0.00945239793509245 4022
frame-000314.color.jpg 0.0917480893573991 0.10136765241622925 0.8272478580474854 -0.5449476838111877 -0.0032413650769740343 1.3764398097991943 0.5580994486808777 0.24981929153509388 0.008425979875028133 4012
frame-000315.color.jpg 0.08780858169721335 0.09920452535152435 0.8264726996421814 -0.5471663475036621 0.005396076012402773 1.3808084726333618 0.5525042414665222 0.27330889906014955 0.0075157820247113705 3883
frame-000316.color.jpg 0.08543870262908362 0.0890936329960823 0.8261898756027222 -0.5497025847434998 -0.009175683371722698 1.3821167945861816 0.5478370785713196 0.13824873841231738 0.005486960988491774 3952
frame-000317.color.jpg 0.08533631951401978 0.08824429661035538 0.8245751261711121 -0.5522739291191101 -0.012669050134718418 1.391302227973938 0.5377715826034546 0.25973928753089115 0.007800769060850143 3802
frame-000318.color.jpg 0.08752749973002431 0.09625822305679321 0.8192873597145081 -0.5584277510643005 -0.01486856397241354 1.398437261581421 0.5188301801681519 0.1675805455759008 0.004465882666409016 3889
frame-000319.color.jpg 0.09230658895336194 0.09843803942203522 0.8169873356819153 -0.5606434941291809 -0.03114391304552555 1.4050016403198242 0.514676570892334 0.1153389765951988 0.004243676550686359 4002
frame-000320.color.jpg 0.09359405402834547 0.09984661638736725 0.816406786441803 -0.5610265135765076 -0.0363960862159729 1.4034191370010376 0.5141406059265137 0.24518650228712116 0.00671115517616272 4018
frame-000321.color.jpg 0.09376970787075646 0.10079105943441391 0.8155921101570129 -0.5620124340057373 -0.03900690749287605 1.4045554399490356 0.5082103610038757 0.09087833494966419 0.0032841924112290144 4046
frame-000322.color.jpg 0.09530429921727047 0.10725098848342896 0.813010573387146 -0.5642943382263184 -0.03580667823553085 1.4099570512771606 0.5006348490715027 0.12719633173668637 0.004448405001312494 4018
frame-000323.color.jpg 0.09662841588413942 0.11249789595603943 0.8122818470001221 -0.564096987247467 -0.03726625815033913 1.4113459587097168 0.49972015619277954 0.19109722039358526 0.005939414259046316 4078
frame-000324.color.jpg 0.09955049907576671 0.11710996180772781 0.8131137490272522 -0.561445415019989 -0.04053760692477226 1.4124394655227661 0.5047460198402405 0.1269390790649002 0.005351728294044733 3999
frame-000325.color.jpg 0.1073405108545873 0.1248324066400528 0.8117318749427795 -0.5603447556495667 -0.051134299486875534 1.4082235097885132 0.49861940741539 0.1671331281646253 0.0043641128577291965 4059
frame-000326.color.jpg 0.11139822243706785 0.1312466263771057 0.8096643090248108 -0.5610780119895935 -0.05006737262010574 1.4084662199020386 0.4918123483657837 0.16286916913183327 0.004091730806976557 4089
