frame-000000.color.jpg 0.4566438058070446 0.5189573168754578 0.5912342667579651 -0.4154537618160248 0.3367214500904083 2.5071024894714355 -1.5310900211334229 0.4037426470819294 0.008616689592599869 3619
frame-000001.color.jpg 0.4537949705310442 0.5177384614944458 0.5934162735939026 -0.41698208451271057 0.3231055438518524 2.517754316329956 -1.525191068649292 0.9021326662357535 0.016797058284282684 3806
frame-000002.color.jpg 0.45442457751186993 0.5153152942657471 0.5897594690322876 -0.4244197607040405 0.33107835054397583 2.4925248622894287 -1.5621360540390015 0.39270215321670626 0.00964992493391037 3599
frame-000003.color.jpg 0.44735930103417093 0.5102760791778564 0.5958936810493469 -0.4294167757034302 0.2841445207595825 2.495253324508667 -1.5681456327438354 0.31987235302496275 0.007687819190323353 3742
frame-000004.color.jpg 0.44920513693415426 0.511695384979248 0.5943678617477417 -0.4279128611087799 0.29753848910331726 2.497549533843994 -1.565269947052002 0.5637545826653023 0.012675709091126919 3840
frame-000005.color.jpg 0.44886780361245193 0.5126785635948181 0.5934033989906311 -0.42842820286750793 0.30315279960632324 2.501568555831909 -1.568733811378479 0.5469887094087424 0.011058063246309757 3607
frame-000006.color.jpg 0.45129736400701354 0.5117180347442627 0.5911206603050232 -0.43017634749412537 0.3063790500164032 2.489614486694336 -1.589524269104004 0.4076771562089741 0.008367087692022324 3473
frame-000007.color.jpg 0.4500549498582952 0.5144666433334351 0.5924873948097229 -0.4263017177581787 0.31260445713996887 2.5083651542663574 -1.568640112876892 0.4384770938583532 0.009690951555967331 3603
frame-000008.color.jpg 0.44969030741098936 0.5144845247268677 0.5931413769721985 -0.4257553815841675 0.3105264902114868 2.5127432346343994 -1.567297339439392 0.431443252993283 0.008382192812860012 3602
frame-000009.color.jpg 0.44854468333816905 0.5151869654655457 0.593579888343811 -0.4255032539367676 0.3116101920604706 2.518338203430176 -1.5617363452911377 0.46500226690222995 0.009004130028188229 3625
frame-000010.color.jpg 0.4486227787758961 0.5140185952186584 0.5938432216644287 -0.4264654219150543 0.30945590138435364 2.5166823863983154 -1.5686817169189453 0.39012018162788276 0.007831082679331303 3561
frame-000011.color.jpg 0.44943804808739746 0.5137979388237 0.5939414501190186 -0.4257354140281677 0.3108566999435425 2.517794370651245 -1.5689315795898438 0.3623703770101639 0.007843024097383022 3627
frame-000012.color.jpg 0.4515327655272798 0.5152769088745117 0.5937530398368835 -0.42197781801223755 0.32748812437057495 2.526637315750122 -1.556394100189209 0.5563802728783629 0.011022308841347694 3835
frame-000013.color.jpg 0.45398723287773235 0.5161745548248291 0.5942620038986206 -0.4175069332122803 0.33794087171554565 2.5257275104522705 -1.5463197231292725 0.31171049041020904 0.007662639487534761 4048
frame-000014.color.jpg 0.45097575030953424 0.5182898044586182 0.5968515872955322 -0.4144451320171356 0.3452664613723755 2.542029619216919 -1.5237618684768677 0.2744597592548702 0.0059941611252725124 4186
frame-000015.color.jpg 0.4525003151185787 0.5142004489898682 0.6000645756721497 -0.41323569416999817 0.3261038362979889 2.5293631553649902 -1.5313396453857422 0.32985240666068855 0.006857499945908785 4399
frame-000016.color.jpg 0.45005345950168946 0.5146602988243103 0.6044750213623047 -0.4088847041130066 0.3142695724964142 2.547229766845703 -1.5058592557907104 0.13564586270937395 0.004518043715506792 4408
frame-000017.color.jpg 0.4448631917701183 0.5123007893562317 0.610734760761261 -0.40822479128837585 0.28608545660972595 2.555474281311035 -1.4892363548278809 0.18582850318128735 0.004409765359014273 4459
frame-000018.color.jpg 0.44178621021754205 0.5100630521774292 0.6169123649597168 -0.40506765246391296 0.2522140145301819 2.5621209144592285 -1.4664963483810425 0.22325907375108114 0.005367003381252289 4446
frame-000019.color.jpg 0.4390332962735034 0.5074336528778076 0.6231433749198914 -0.401812344789505 0.21497002243995667 2.569550037384033 -1.4427552223205566 0.14610976587868638 0.004007219802588224 4515
frame-000020.color.jpg 0.4369708864878837 0.5046878457069397 0.6295018792152405 -0.39758527278900146 0.1755901277065277 2.577721357345581 -1.4143788814544678 0.09253815762936324 0.002361050806939602 4464
frame-000021.color.jpg 0.4328686229262676 0.5022420287132263 0.6358354687690735 -0.3950832486152649 0.1385919600725174 2.5804882049560547 -1.383597731590271 0.09174216044657907 0.0024923693854361773 4428
frame-000022.color.jpg 0.42571911729733963 0.5026352405548096 0.6402838826179504 -0.39516782760620117 0.12314324080944061 2.5857136249542236 -1.3527530431747437 0.18428393327372566 0.0030076266266405582 4420
frame-000023.color.jpg 0.41779738532193766 0.49957501888275146 0.6476262211799622 -0.3955381214618683 0.07999122887849808 2.58612060546875 -1.3214036226272583 0.3463671370631182 0.0048734876327216625 4315
frame-000024.color.jpg 0.41084879052675544 0.497893750667572 0.6534329652786255 -0.39538657665252686 0.052285946905612946 2.5936474800109863 -1.292384147644043 0.14777750597493308 0.003132109297439456 4354
frame-000025.color.jpg 0.4074694007222495 0.49349310994148254 0.6545541286468506 -0.4024825692176819 0.032021164894104004 2.5743730068206787 -1.3092741966247559 0.1120451445483866 0.003640739480033517 4287
frame-000026.color.jpg 0.41382593299628784 0.4896022379398346 0.6550095081329346 -0.4000003933906555 0.00597219867631793 2.5456786155700684 -1.3157026767730713 0.6185675444457422 0.007230617571622133 4177
frame-000027.color.jpg 0.41449486482876857 0.4918478727340698 0.6536620855331421 -0.39875495433807373 0.020450031384825706 2.547560453414917 -1.3118680715560913 0.6165549865181157 0.006592037621885538 4236
frame-000028.color.jpg 0.42135733651979573 0.4989473819732666 0.6440272331237793 -0.39841988682746887 0.0940251275897026 2.526370048522949 -1.3300515413284302 0.5163535500730899 0.006158856209367514 4145
frame-000029.color.jpg 0.42651156180209293 0.5125069618225098 0.6337273120880127 -0.3921915292739868 0.19664016366004944 2.530139446258545 -1.3099310398101807 0.5406240936802013 0.006411866284906864 4149
frame-000030.color.jpg 0.4312836422033433 0.5216953158378601 0.6235716342926025 -0.3911353647708893 0.2878023087978363 2.5181286334991455 -1.3124260902404785 0.19568564009237935 0.0028007107321172953 4171
frame-000031.color.jpg 0.43047876239292926 0.5388820767402649 0.6056337356567383 -0.3968650996685028 0.4701962172985077 2.4891862869262695 -1.3132601976394653 0.12242959340774473 0.003042871132493019 4170
frame-000032.color.jpg 0.4301321562567308 0.5414538979530334 0.6033490300178528 -0.3972201943397522 0.49533677101135254 2.486624240875244 -1.311035394668579 0.14565674557785735 0.0031426462810486555 4118
frame-000033.color.jpg 0.4318820773368817 0.5509903430938721 0.5892104506492615 -0.4033840596675873 0.6243616342544556 2.455563545227051 -1.3301869630813599 0.34231371327540655 0.0035768356174230576 4267
frame-000034.color.jpg 0.4381218122203616 0.5640414357185364 0.5703220367431641 -0.4057576358318329 0.7894546389579773 2.413316249847412 -1.3329806327819824 0.14416833796796313 0.0006102000479586422 4298
frame-000035.color.jpg 0.43988576982033895 0.5705043077468872 0.5635135769844055 -0.4043236970901489 0.8609299659729004 2.4017951488494873 -1.3173991441726685 0.11497752351793025 0.00040463925688527524 4250
frame-000036.color.jpg 0.43653871589044657 0.5794898271560669 0.5602702498435974 -0.3996533751487732 0.9351953864097595 2.4067111015319824 -1.27167809009552 0.3066071118005931 0.0028014425188302994 4209
frame-000037.color.jpg 0.43126869233617704 0.5816115736961365 0.5626415610313416 -0.3989609479904175 0.9561848044395447 2.410660743713379 -1.2525748014450073 0.1638541837957696 0.001562195480801165 4289
frame-000038.color.jpg 0.4232082776701133 0.586290717124939 0.5638082027435303 -0.39909687638282776 0.9992244243621826 2.415714979171753 -1.2302156686782837 0.23060095347967627 0.0029723448678851128 4356
frame-000039.color.jpg 0.41740885195522803 0.5868806838989258 0.5607640743255615 -0.4085153043270111 1.0475597381591797 2.386397123336792 -1.2592172622680664 0.19355001869777352 0.002839059103280306 4428
frame-000040.color.jpg 0.41562985437257227 0.5879005193710327 0.5587359070777893 -0.4116295576095581 1.0768722295761108 2.372960329055786 -1.2688519954681396 0.18091094040165007 0.0032064325641840696 4415
frame-000041.color.jpg 0.4178621515084417 0.5865747928619385 0.5534393191337585 -0.4183613061904907 1.1135139465332031 2.3383450508117676 -1.3093922138214111 0.20452122349551807 0.0037428722716867924 4320
frame-000042.color.jpg 0.42038312826667285 0.5891460180282593 0.5481988191604614 -0.41912171244621277 1.1626150608062744 2.316145420074463 -1.319420576095581 0.19893580962131371 0.003580130636692047 4234
frame-000043.color.jpg 0.4330119718278544 0.5885367393493652 0.5515264868736267 -0.4024222493171692 1.1534425020217896 2.351548433303833 -1.300552248954773 0.0808055268114011 0.002444258891046047 4265
frame-000044.color.jpg 0.4456167856060418 0.5802185535430908 0.5494260787963867 -0.4036124348640442 1.129806399345398 2.33292555809021 -1.366560459136963 0.06046680427837002 0.002002111403271556 4184
frame-000045.color.jpg 0.45630291314108196 0.5754041075706482 0.5496488213539124 -0.3982259929180145 1.1126995086669922 2.3385589122772217 -1.3871465921401978 0.10953441636827883 0.002997585106641054 4165
frame-000046.color.jpg 0.46268022614818755 0.5758571624755859 0.5506096482276917 -0.38877326250076294 1.121787667274475 2.3571958541870117 -1.3724331855773926 0.004477423288438082 0.0033449118491262197 4093
frame-000047.color.jpg 0.46761934118041215 0.5804230570793152 0.5450875759124756 -0.38382402062416077 1.172520399093628 2.3522660732269287 -1.3600678443908691 0.139917012117093 0.0025967471301555634 3984
frame-000048.color.jpg 0.4700976535421447 0.5826987028121948 0.5414721965789795 -0.3824634850025177 1.1979633569717407 2.3455779552459717 -1.3557047843933105 0.10869025434565417 0.0026821920182555914 3932
frame-000049.color.jpg 0.47659629388022956 0.5962561368942261 0.5288441181182861 -0.3710234761238098 1.3069229125976562 2.3379828929901123 -1.2889201641082764 0.15024105649097882 0.0033669359982013702 3742
frame-000050.color.jpg 0.48171171569424026 0.6243340373039246 0.5044917464256287 -0.35163742303848267 1.519924283027649 2.3086965084075928 -1.1404244899749756 0.25376743436005217 0.0011528927134349942 3520
frame-000051.color.jpg 0.4833483884303073 0.6375809907913208 0.4901904761791229 -0.34580057859420776 1.6292206048965454 2.2700448036193848 -1.074577808380127 0.1493329081356316 0.004767852369695902 3356
frame-000052.color.jpg 0.4876550441131696 0.6514055728912354 0.47449371218681335 -0.3357366621494293 1.7433948516845703 2.229818344116211 -0.9811259508132935 0.18863036150466028 0.003440998261794448 3140
frame-000053.color.jpg 0.49058062693917615 0.6649695634841919 0.46098828315734863 -0.32347479462623596 1.8355133533477783 2.200685501098633 -0.8734359741210938 0.1105977380838323 0.004494475666433573 2999
frame-000054.color.jpg 0.49265690389225775 0.6770143508911133 0.45135030150413513 -0.30858343839645386 1.8985048532485962 2.1874003410339355 -0.7596081495285034 0.2609465501471174 0.0020434618927538395 2956
frame-000055.color.jpg 0.4854596257384753 0.689985990524292 0.4483347535133362 -0.29537153244018555 1.939643144607544 2.1759274005889893 -0.6391636729240417 0.06536960611207641 0.006336390506476164 2929
frame-000056.color.jpg 0.48054512834507 0.6913666129112244 0.4527239203453064 -0.2934786081314087 1.93772554397583 2.1768133640289307 -0.6162455081939697 0.13376502604710813 0.0044179135002195835 3101
frame-000057.color.jpg 0.4761111042632629 0.6895045638084412 0.4576357901096344 -0.2974410057067871 1.931843638420105 2.1708946228027344 -0.6266627907752991 0.20379622292750502 0.0032237160485237837 3379
frame-000058.color.jpg 0.4703616190454345 0.689894437789917 0.46452605724334717 -0.29499348998069763 1.9139900207519531 2.1848700046539307 -0.6021518111228943 0.2834122429464793 0.004702902399003506 3442
frame-000059.color.jpg 0.46922202670439833 0.6900196671485901 0.4663354754447937 -0.29365774989128113 1.9112342596054077 2.18774676322937 -0.5922075510025024 0.40066794137751294 0.004235338419675827 3454
frame-000060.color.jpg 0.46715521555931927 0.6851918697357178 0.47472497820854187 -0.29481226205825806 1.8788634538650513 2.19284725189209 -0.6006706953048706 0.3070889069413434 0.00436850031837821 3475
frame-000061.color.jpg 0.46551256550176057 0.685658872127533 0.4766100347042084 -0.29327934980392456 1.8730952739715576 2.198086977005005 -0.5899577736854553 0.3003590094943388 0.004546125419437885 3580
frame-000062.color.jpg 0.46203829789906586 0.6863469481468201 0.4827323257923126 -0.2870852053165436 1.8467953205108643 2.2190299034118652 -0.562358021736145 0.37516390829497953 0.00532545754685998 3607
frame-000063.color.jpg 0.45737404915900637 0.6876349449157715 0.48650142550468445 -0.28510281443595886 1.8369768857955933 2.2228317260742188 -0.5458076000213623 0.4849525557767496 0.005931168328970671 3493
frame-000064.color.jpg 0.4457205134775514 0.6882377862930298 0.4949679374694824 -0.2875217795372009 1.8147944211959839 2.224454879760742 -0.5492457151412964 0.37304529567223266 0.004556390456855297 3538
frame-000065.color.jpg 0.4483218847655827 0.6842077970504761 0.4991922974586487 -0.2857872247695923 1.7763519287109375 2.2325117588043213 -0.5657814145088196 0.20395082265854267 0.0031152856536209583 3359
frame-000066.color.jpg 0.44698813451690234 0.6843811273574829 0.5011441111564636 -0.28404000401496887 1.7648358345031738 2.2387964725494385 -0.5559107065200806 0.34985701688345094 0.0037695991341024637 3271
frame-000067.color.jpg 0.44498948876215544 0.6796092391014099 0.5043997764587402 -0.29273971915245056 1.7489776611328125 2.224947929382324 -0.6082893013954163 0.22748889517823634 0.0026155004743486643 3376
frame-000068.color.jpg 0.4400834922301989 0.6767799854278564 0.5152842402458191 -0.2877108156681061 1.7050222158432007 2.2532615661621094 -0.5918612480163574 0.23250174710092322 0.0029365054797381163 3289
frame-000069.color.jpg 0.4419350716871733 0.679887056350708 0.5110457539558411 -0.2850950360298157 1.739774465560913 2.238678455352783 -0.574386715888977 0.2506380871422756 0.002061188919469714 3193
frame-000070.color.jpg 0.4440917661891203 0.6824175119400024 0.50732421875 -0.28233107924461365 1.7775359153747559 2.226112127304077 -0.5533465147018433 0.1787482783948419 0.0012852433137595654 3216
frame-000071.color.jpg 0.43779966386869135 0.6950109601020813 0.5024171471595764 -0.2699408531188965 1.8750475645065308 2.2122819423675537 -0.44546785950660706 0.28142868664239884 0.004095048177987337 3094
frame-000072.color.jpg 0.438812965900869 0.6987269520759583 0.4977668225765228 -0.2673049867153168 1.9228293895721436 2.195483684539795 -0.4211425185203552 0.19754337150534348 0.003730730153620243 3037
frame-000073.color.jpg 0.4414132545621219 0.7019503116607666 0.4924745559692383 -0.264365017414093 1.9877641201019287 2.174743413925171 -0.3849465847015381 0.23604909655981926 0.004612359683960676 3146
frame-000074.color.jpg 0.4425093361464533 0.7033417820930481 0.49067550897598267 -0.2621704041957855 2.036226272583008 2.1659274101257324 -0.3606030344963074 0.2876462932212261 0.004579911474138498 3132
frame-000075.color.jpg 0.44387834862290126 0.702414333820343 0.4918539226055145 -0.26012641191482544 2.0539650917053223 2.168607234954834 -0.34684038162231445 0.3424307603062224 0.006646453402936459 3219
frame-000076.color.jpg 0.44441141813580726 0.701859176158905 0.4920724928379059 -0.260301411151886 2.077288866043091 2.1618123054504395 -0.34136611223220825 0.3174401119893506 0.006086478475481272 3213
frame-000077.color.jpg 0.44545115009996233 0.7010918855667114 0.4924966096878052 -0.2597894072532654 2.090787887573242 2.1580584049224854 -0.33634769916534424 0.3740298567689194 0.007408516947180033 3249
frame-000078.color.jpg 0.4448070332076009 0.7002089619636536 0.4941199719905853 -0.2601914703845978 2.108549118041992 2.156078815460205 -0.33191123604774475 0.37317661673119673 0.006979364901781082 3170
frame-000079.color.jpg 0.4452615897311659 0.695102870464325 0.4972476661205292 -0.2670561671257019 2.129899740219116 2.152531147003174 -0.37669193744659424 0.36952972260123307 0.007258129771798849 3373
frame-000080.color.jpg 0.44138234084765104 0.6857792735099792 0.514526903629303 -0.26485946774482727 2.0881834030151367 2.2349324226379395 -0.4153052568435669 0.31343132455508205 0.0063231042586266994 3569
frame-000081.color.jpg 0.4402087303642834 0.6843870282173157 0.5164909958839417 -0.266585111618042 2.088393449783325 2.2467048168182373 -0.43655380606651306 0.233095893517435 0.006674721837043762 3443
frame-000082.color.jpg 0.4400028857235144 0.68098384141922 0.5173391103744507 -0.2738954424858093 2.0905373096466064 2.250751495361328 -0.49574488401412964 0.2900354186877025 0.007056062575429678 3599
frame-000083.color.jpg 0.45114161794807806 0.6750146150588989 0.5142604112625122 -0.2763381004333496 2.0974621772766113 2.2689454555511475 -0.5564085245132446 0.1691133494154001 0.0031718467362225056 3815
frame-000084.color.jpg 0.46131141018783944 0.6710768342018127 0.5109333992004395 -0.2753080725669861 2.1027112007141113 2.2911322116851807 -0.5962648391723633 0.1983107139101253 0.001866767997853458 3820
frame-000085.color.jpg 0.46975935010984243 0.6634148359298706 0.5105473399162292 -0.28026479482650757 2.0969080924987793 2.309154987335205 -0.6682323217391968 0.1773185277024878 0.0027794272173196077 3949
frame-000086.color.jpg 0.4815727690006019 0.6594788432121277 0.5037868618965149 -0.28173431754112244 2.116013765335083 2.300199031829834 -0.7045860290527344 0.11572985818283658 0.00219550309702754 4025
frame-000087.color.jpg 0.49011933781524086 0.654771089553833 0.5040318369865417 -0.27750635147094727 2.103219985961914 2.3279762268066406 -0.7144913077354431 0.18294745735222456 0.0030287737026810646 3985
frame-000088.color.jpg 0.5003545563081683 0.6571230292320251 0.5013126730918884 -0.2579151690006256 2.107224225997925 2.3838837146759033 -0.6208986639976501 0.17984200245632984 0.0027283381205052137 4137
frame-000089.color.jpg 0.5058644334371619 0.6610085964202881 0.4932977557182312 -0.25263842940330505 2.1589131355285645 2.375997543334961 -0.5794196724891663 0.19151070030242226 0.004970413167029619 4206
frame-000090.color.jpg 0.5111269175619749 0.6623678207397461 0.48790350556373596 -0.24893434345722198 2.192189931869507 2.3723714351654053 -0.5570184588432312 0.5614374409893755 0.010941100306808949 4211
frame-000091.color.jpg 0.5159410728124562 0.6656537055969238 0.4797200858592987 -0.246127188205719 2.2419064044952393 2.362238883972168 -0.5245789289474487 0.3964048361183672 0.007968473248183727 4292
frame-000092.color.jpg 0.5209790445491629 0.6674021482467651 0.4736495018005371 -0.24251027405261993 2.2814574241638184 2.358292818069458 -0.4947918653488159 0.43470157339249643 0.008717674762010574 4249
frame-000093.color.jpg 0.5263071102671423 0.6699990630149841 0.4659583568572998 -0.23871484398841858 2.333239793777466 2.3485946655273438 -0.45750102400779724 0.43939530073447036 0.00855406653136015 4224
frame-000094.color.jpg 0.5250534897097351 0.6747249364852905 0.4634895622730255 -0.2329002320766449 2.3654625415802 2.352015733718872 -0.40230706334114075 0.2226908340286478 0.004469479434192181 4145
frame-000095.color.jpg 0.5174249841699584 0.6814523339271545 0.46663931012153625 -0.22392363846302032 2.383307933807373 2.3727707862854004 -0.32412073016166687 0.2089350998445066 0.0038462327793240547 4058
frame-000096.color.jpg 0.5138250572716911 0.6834003329277039 0.46940329670906067 -0.22047321498394012 2.3864896297454834 2.3819565773010254 -0.29392364621162415 0.3240868198666986 0.0071456776931881905 4078
frame-000097.color.jpg 0.5053228232135419 0.6848006844520569 0.4774037301540375 -0.21859219670295715 2.398247241973877 2.404789686203003 -0.27205124497413635 0.29840768314540433 0.006368729751557112 3968
frame-000098.color.jpg 0.5013113525190728 0.6819900274276733 0.4835541844367981 -0.22305144369602203 2.3980185985565186 2.4138011932373047 -0.3029707372188568 0.3494470454506915 0.006977326702326536 3994
frame-000099.color.jpg 0.4964868108872204 0.6800092458724976 0.490162193775177 -0.22545331716537476 2.3972959518432617 2.4208710193634033 -0.31939759850502014 0.37300893025098764 0.007465780712664127 3930
frame-000100.color.jpg 0.49224853399086355 0.6757665276527405 0.49743378162384033 -0.231496199965477 2.391526222229004 2.4274508953094482 -0.36353588104248047 0.6434626234750868 0.012454366311430931 3870
frame-000101.color.jpg 0.48498316496297683 0.667556881904602 0.5091577768325806 -0.24478019773960114 2.3774547576904297 2.4392526149749756 -0.4587709903717041 0.6248156734324231 0.012353505939245224 3828
frame-000102.color.jpg 0.4818999534751465 0.6618784070014954 0.5141549706459045 -0.2556054890155792 2.374676465988159 2.4341697692871094 -0.5283952355384827 0.4592911081781886 0.009032429195940495 3774
frame-000103.color.jpg 0.47672854550801036 0.6582353711128235 0.5211881995201111 -0.2604207396507263 2.35785174369812 2.44805908203125 -0.5584117770195007 0.40404013383679516 0.007668517995625734 3762
frame-000104.color.jpg 0.4746741820101141 0.6515139937400818 0.5266548991203308 -0.26990461349487305 2.34190034866333 2.454024314880371 -0.626372754573822 0.38346917820187704 0.00875701941549778 3692
frame-000105.color.jpg 0.47294066272224555 0.6413558125495911 0.5330038070678711 -0.2844237983226776 2.3123972415924072 2.453979253768921 -0.7307481169700623 0.20059067641180053 0.004714959766715765 3593
frame-000106.color.jpg 0.47315596957518175 0.6344500780105591 0.5372475981712341 -0.29148200154304504 2.2877442836761475 2.4634199142456055 -0.7900665998458862 0.013841731868681241 0.0037275608628988266 3393
frame-000107.color.jpg 0.4762507329890014 0.6239384412765503 0.5427895188331604 -0.2987734079360962 2.2494475841522217 2.4761605262756348 -0.8607140183448792 0.17623187395400786 0.0051950314082205296 3280
frame-000108.color.jpg 0.47605774447031907 0.6150680184364319 0.5498757362365723 -0.30446183681488037 2.2073585987091064 2.4985527992248535 -0.9195548892021179 0.2641329401166341 0.007397160399705172 3060
frame-000109.color.jpg 0.47607116320797443 0.6093884110450745 0.5551661849021912 -0.30625542998313904 2.1767287254333496 2.5189011096954346 -0.9468076229095459 0.23009213106693677 0.006636420730501413 3049
frame-000110.color.jpg 0.4778395774510866 0.6042165756225586 0.5580952167510986 -0.30841749906539917 2.1553304195404053 2.5276072025299072 -0.9757386445999146 0.27236550586146796 0.007634966634213924 2942
frame-000111.color.jpg 0.48017751306064943 0.6009256839752197 0.5596787929534912 -0.30834659934043884 2.141799211502075 2.534119129180908 -0.9858055114746094 0.19283140809189414 0.006068774964660406 2930
frame-000112.color.jpg 0.4804854331956603 0.5980057716369629 0.563057541847229 -0.3073907494544983 2.1240768432617188 2.5502841472625732 -0.9909950494766235 0.33309226420480176 0.008615684695541859 2991
frame-000113.color.jpg 0.4778867003390776 0.5969438552856445 0.5666590929031372 -0.30688750743865967 2.1081061363220215 2.5614802837371826 -0.9919745326042175 0.2522549209848646 0.0067718010395765305 3024
frame-000114.color.jpg 0.47384581131814774 0.5949789881706238 0.5731791853904724 -0.30485373735427856 2.084122657775879 2.585777997970581 -0.9863818287849426 0.3931520919282808 0.009659092873334885 3139
frame-000115.color.jpg 0.4668904250141315 0.595666766166687 0.5798729658126831 -0.301565557718277 2.0621674060821533 2.6132445335388184 -0.9657776951789856 0.3281990206338694 0.009699186310172081 3170
frame-000116.color.jpg 0.4607400667943818 0.5969963669776917 0.5870854258537292 -0.2943543493747711 2.037752389907837 2.6480257511138916 -0.920120120048523 0.35381793963267655 0.010662606917321682 3308
frame-000117.color.jpg 0.4576916252550461 0.5977908372879028 0.5891796946525574 -0.2933116555213928 2.0371949672698975 2.6532142162323 -0.9088332056999207 0.4284834332051403 0.01243885699659586 3399
frame-000118.color.jpg 0.45410141183678515 0.5988246202468872 0.5924336314201355 -0.2902127206325531 2.024249792098999 2.6626622676849365 -0.8836341500282288 0.597284461548571 0.014830660074949265 3495
frame-000119.color.jpg 0.45300838708989866 0.6011398434638977 0.5934349298477173 -0.285042405128479 2.020787000656128 2.670983076095581 -0.8445377349853516 0.5822007358185383 0.01334560476243496 3498
frame-000120.color.jpg 0.45024911131091483 0.6028105020523071 0.5950877666473389 -0.28242820501327515 2.0079610347747803 2.6710262298583984 -0.8208397030830383 0.43196290765915935 0.009503507986664772 3550
frame-000121.color.jpg 0.44700551633919494 0.6066247820854187 0.5963570475578308 -0.2766781151294708 1.9972271919250488 2.6742002964019775 -0.7722963094711304 0.34957300374394007 0.007405667100101709 3709
frame-000122.color.jpg 0.44318430053117314 0.6141356229782104 0.5946848392486572 -0.26976829767227173 2.003690004348755 2.665489912033081 -0.7012782096862793 0.3689348824936337 0.00736812362447381 3787
frame-000123.color.jpg 0.4340395935231836 0.6198291778564453 0.5973706841468811 -0.26564937829971313 1.9936027526855469 2.6560635566711426 -0.6452070474624634 0.3446680207853718 0.007571893744170666 3959
frame-000124.color.jpg 0.42407689514331914 0.6267889142036438 0.6012234687805176 -0.2565632164478302 1.977979063987732 2.6653378009796143 -0.5606052875518799 0.7077879576960917 0.014492392539978027 4062
frame-000125.color.jpg 0.4164609742437655 0.6337609887123108 0.6037783622741699 -0.24568060040473938 1.9592353105545044 2.663391590118408 -0.4671337604522705 0.4924141105581654 0.010249612852931023 4025
frame-000126.color.jpg 0.4120529711196469 0.6377118825912476 0.6036884188652039 -0.24309706687927246 1.9652276039123535 2.6458230018615723 -0.43027305603027344 0.3585558764412704 0.008306585252285004 3925
frame-000127.color.jpg 0.4030364687523866 0.6408180594444275 0.6060060262680054 -0.2442755401134491 1.961336612701416 2.6164462566375732 -0.4081926643848419 0.4553491285317392 0.009478804655373096 3748
frame-000128.color.jpg 0.3939995198433092 0.643970251083374 0.6107370257377625 -0.23888683319091797 1.9493409395217896 2.6196649074554443 -0.3543095290660858 0.6821018040226422 0.012640625238418579 3862
frame-000129.color.jpg 0.38836219699217067 0.6407173871994019 0.6165106892585754 -0.24201373755931854 1.9232230186462402 2.617642402648926 -0.3735300898551941 0.5997490392610348 0.01010360661894083 3639
frame-000130.color.jpg 0.37652560903392285 0.6386479139328003 0.627318799495697 -0.23838746547698975 1.8804244995117188 2.633890151977539 -0.3458183705806732 0.7654033247486466 0.013967634178698063 3580
frame-000131.color.jpg 0.3703007234515631 0.6363050937652588 0.6330171823501587 -0.23933741450309753 1.85591721534729 2.6293530464172363 -0.3540772497653961 0.42165938053321 0.007406800519675016 3349
frame-000132.color.jpg 0.35877337488068767 0.6364080309867859 0.6397387981414795 -0.23874813318252563 1.8378431797027588 2.6340479850769043 -0.34026432037353516 0.8044864142314001 0.014089091680943966 3393
frame-000133.color.jpg 0.3460445651945909 0.63843834400177 0.645435631275177 -0.2367752641439438 1.833563208580017 2.6286444664001465 -0.3148041069507599 0.5512942365459363 0.010260336101055145 3221
frame-000134.color.jpg 0.34200513798263876 0.6374208927154541 0.6479925513267517 -0.23839633166790009 1.8236547708511353 2.623086452484131 -0.3284311890602112 0.33430563663868396 0.005409588571637869 3059
frame-000135.color.jpg 0.3387265710230706 0.6336840391159058 0.6493344902992249 -0.24914544820785522 1.840267300605774 2.607968330383301 -0.4006253778934479 0.3099425119518071 0.007780648767948151 3032
frame-000136.color.jpg 0.325152643212642 0.6284641027450562 0.6582680344581604 -0.25688913464546204 1.858522891998291 2.6210312843322754 -0.4582187831401825 0.2671713604410848 0.008555767126381397 3133
frame-000137.color.jpg 0.3183720097438049 0.6288004517555237 0.6615346670150757 -0.25616633892059326 1.8868743181228638 2.6309728622436523 -0.4510207176208496 0.3789348397274877 0.008367219008505344 3118
frame-000138.color.jpg 0.3225040955009907 0.6271932125091553 0.6624236106872559 -0.2526158392429352 1.9106848239898682 2.647101640701294 -0.4421957731246948 0.30917726396050127 0.006113626528531313 3221
frame-000139.color.jpg 0.32866975246575686 0.6259470582008362 0.6581295728683472 -0.258905291557312 1.9589546918869019 2.6340153217315674 -0.4865390956401825 0.29691976912339935 0.006808212026953697 3341
frame-000140.color.jpg 0.3366308794990325 0.6216374039649963 0.6564704179763794 -0.2632361352443695 2.0081424713134766 2.642564058303833 -0.5239074230194092 0.4296406967022079 0.007000794168561697 3624
frame-000141.color.jpg 0.3371198031085487 0.6180062890052795 0.6592715978622437 -0.2641579210758209 2.0181424617767334 2.6582696437835693 -0.5382523536682129 0.4682891353577399 0.00793013907968998 3535
frame-000142.color.jpg 0.3373815127404656 0.6172211766242981 0.6599591970443726 -0.26394233107566833 2.0185396671295166 2.663661241531372 -0.5381278395652771 0.49943138287841304 0.008539238944649696 3507
frame-000143.color.jpg 0.3406922577671622 0.6153603792190552 0.6591665744781494 -0.26600727438926697 2.0545120239257812 2.6664161682128906 -0.5597123503684998 0.5053266365449275 0.008216531947255135 3424
frame-000144.color.jpg 0.3408985843824383 0.6142099499702454 0.6594405770301819 -0.2677166163921356 2.0703094005584717 2.6664154529571533 -0.5731965899467468 0.5090072013730652 0.00855263788253069 3368
frame-000145.color.jpg 0.34083795452722954 0.6126390695571899 0.6606642603874207 -0.26837584376335144 2.0805604457855225 2.6727495193481445 -0.5808741450309753 0.5099730328103873 0.009417375549674034 3317
frame-000146.color.jpg 0.33920198338459917 0.6092991232872009 0.6630843877792358 -0.27205848693847656 2.089064359664917 2.6750895977020264 -0.612459659576416 0.41392224362704005 0.007853088900446892 3151
frame-000147.color.jpg 0.3364583427705623 0.6066093444824219 0.6667709946632385 -0.2724653482437134 2.0874738693237305 2.690983533859253 -0.6233556270599365 0.41072011220592053 0.0068408106453716755 3079
frame-000148.color.jpg 0.33728836864627515 0.6016798615455627 0.6694473624229431 -0.2757863402366638 2.071887731552124 2.69687557220459 -0.6617501378059387 0.09292943275329109 0.0009196340688504279 3097
frame-000149.color.jpg 0.3389309225875623 0.5945454835891724 0.673031747341156 -0.2804813086986542 2.0465784072875977 2.709918737411499 -0.7104823589324951 0.421631286044163 0.007117964792996645 3111
frame-000150.color.jpg 0.3446724253401663 0.5921674966812134 0.6709854602813721 -0.28340259194374084 2.057542324066162 2.7245121002197266 -0.7408027648925781 0.4062438036590499 0.005902299657464027 2935
frame-000151.color.jpg 0.34996569638637953 0.582582950592041 0.6722419261932373 -0.29361873865127563 2.0141496658325195 2.737083911895752 -0.8360199928283691 0.12475472587139194 0.0018572538392618299 3307
frame-000152.color.jpg 0.35684391728914905 0.5677214860916138 0.6741099953651428 -0.30972644686698914 1.94310462474823 2.7761008739471436 -1.0083531141281128 0.20181964355494003 0.004616014659404755 3805
frame-000153.color.jpg 0.36212092779408134 0.5608351230621338 0.6745897531509399 -0.31505700945854187 1.9078152179718018 2.796800374984741 -1.0795973539352417 0.3090200362074587 0.006828834302723408 3858
frame-000154.color.jpg 0.3648070465583054 0.5584583282470703 0.6744398474693298 -0.31649789214134216 1.8980869054794312 2.7984542846679688 -1.1002978086471558 0.3821159469725683 0.008415449410676956 3951
frame-000155.color.jpg 0.36908198881007553 0.5517622232437134 0.6759276986122131 -0.3200918138027191 1.8594181537628174 2.8227641582489014 -1.1630545854568481 0.5754823376353316 0.011420589871704578 3908
frame-000156.color.jpg 0.36869994428582836 0.5465560555458069 0.6773262619972229 -0.32644420862197876 1.8208906650543213 2.8220226764678955 -1.2343724966049194 0.26272837574684443 0.005723503418266773 3838
frame-000157.color.jpg 0.37828958532468326 0.5482802987098694 0.6734719276428223 -0.32050156593322754 1.8394547700881958 2.841179132461548 -1.223352313041687 0.3744487661445381 0.007094236556440592 3856
frame-000158.color.jpg 0.38591684285885575 0.5595535635948181 0.6623256206512451 -0.31510767340660095 1.9358528852462769 2.832186460494995 -1.1782268285751343 0.3465068624564126 0.0073059797286987305 3828
frame-000159.color.jpg 0.3964781208516943 0.5710431933403015 0.6493951082229614 -0.3082217872142792 2.0432827472686768 2.8033812046051025 -1.1166462898254395 0.42479342350604093 0.007741949521005154 3819
frame-000160.color.jpg 0.40569948555715385 0.5906064510345459 0.6274430751800537 -0.3048066794872284 2.2293167114257812 2.7158331871032715 -1.0438957214355469 0.16193085855438955 0.0031601116061210632 3702
frame-000161.color.jpg 0.41204830050912694 0.6146606802940369 0.6029698252677917 -0.2980533540248871 2.440476655960083 2.618581533432007 -0.9224684238433838 0.20874630914697923 0.0037270139437168837 3750
frame-000162.color.jpg 0.417262604125757 0.6275490522384644 0.5879606008529663 -0.2938985228538513 2.5512752532958984 2.549417018890381 -0.8501015305519104 0.10824136284081758 0.0035253551322966814 3808
frame-000163.color.jpg 0.4226370500585559 0.6436969637870789 0.5729618668556213 -0.2806186378002167 2.666926383972168 2.502723217010498 -0.7066110968589783 0.13773995602021755 0.003261047415435314 3811
frame-000164.color.jpg 0.426460561001299 0.6562855839729309 0.5589672327041626 -0.27381792664527893 2.768146276473999 2.442204236984253 -0.6113537549972534 0.19341173404750722 0.004430179018527269 3757
frame-000165.color.jpg 0.426515982526459 0.6666043400764465 0.5496978163719177 -0.26749807596206665 2.843338966369629 2.3987443447113037 -0.5291026830673218 0.21545763701717788 0.0035515297204256058 3831
frame-000166.color.jpg 0.4286237199922903 0.6757601499557495 0.5420033931732178 -0.25663626194000244 2.901425838470459 2.3780102729797363 -0.42856457829475403 0.16737555985952107 0.0035298787988722324 3837
frame-000167.color.jpg 0.42568028472580965 0.6886425018310547 0.531981348991394 -0.2481202781200409 2.991199493408203 2.321897506713867 -0.33159399032592773 0.1627389019497138 0.0041464283131062984 3853
frame-000168.color.jpg 0.4231403397745285 0.6950962543487549 0.5267011523246765 -0.2457219511270523 3.04231595993042 2.285334587097168 -0.2993597686290741 0.2939787857163271 0.006851381156593561 3908
frame-000169.color.jpg 0.4186514133863617 0.698557436466217 0.5269430875778198 -0.24306294322013855 3.062032461166382 2.2843892574310303 -0.27692803740501404 0.15394843514769416 0.0035088418517261744 3968
frame-000170.color.jpg 0.41919350262514526 0.700198769569397 0.525128185749054 -0.2413271814584732 3.081620216369629 2.2842960357666016 -0.26669570803642273 0.185431058208744 0.004159075673669577 3998
frame-000171.color.jpg 0.4209435546715071 0.6943133473396301 0.5249481797218323 -0.2552742660045624 3.1043448448181152 2.2659904956817627 -0.3805338144302368 0.10227950148968236 0.003697866341099143 4168
frame-000172.color.jpg 0.420269552611131 0.6929033398628235 0.5268312692642212 -0.2563343048095703 3.0988056659698486 2.2748727798461914 -0.395050972700119 0.12097967231299796 0.0030545545741915703 4118
frame-000173.color.jpg 0.41761011462254244 0.6885556578636169 0.532970666885376 -0.259682834148407 3.0865232944488525 2.306729555130005 -0.4416562020778656 0.20326441532738285 0.0043052141554653645 4130
frame-000174.color.jpg 0.4147220228752421 0.6780008673667908 0.5437943339347839 -0.26945897936820984 3.0484397411346436 2.3508076667785645 -0.5552387833595276 0.10526583495160514 0.0031942061614245176 4029
frame-000175.color.jpg 0.4090689688134451 0.6659552454948425 0.5597683191299438 -0.27536454796791077 2.9874305725097656 2.4299373626708984 -0.6495935320854187 0.4150152606572272 0.006825767923146486 3994
frame-000176.color.jpg 0.4040827861747551 0.6561567783355713 0.5708990097045898 -0.28328371047973633 2.935980796813965 2.473562479019165 -0.7433916926383972 0.28812763479472686 0.005728444550186396 3934
frame-000177.color.jpg 0.40291962105496865 0.6539140939712524 0.5735329389572144 -0.2848019301891327 2.922288179397583 2.4855315685272217 -0.7623452544212341 0.32423847141061407 0.006132623180747032 3927
frame-000178.color.jpg 0.3959527468850504 0.6381113529205322 0.5927621126174927 -0.2909783124923706 2.813159227371216 2.5731210708618164 -0.8655007481575012 0.31042756210458383 0.005797486752271652 3926
frame-000179.color.jpg 0.3952809550649568 0.6366588473320007 0.5945368409156799 -0.2914523482322693 2.8038766384124756 2.581364631652832 -0.873043417930603 0.3365860927282484 0.005885948892682791 3940
frame-000180.color.jpg 0.39068323624769374 0.6305261850357056 0.6032030582427979 -0.2931712865829468 2.753441572189331 2.6183736324310303 -0.906765341758728 0.3576625624030268 0.006170765496790409 3970
frame-000181.color.jpg 0.38828266257304606 0.6267572045326233 0.6091997027397156 -0.2920405864715576 2.717871904373169 2.647453546524048 -0.9134485721588135 0.21110722006248966 0.003956197295337915 3964
frame-000182.color.jpg 0.38506712577628144 0.623720109462738 0.6137089729309082 -0.29335612058639526 2.6909146308898926 2.661458730697632 -0.9322014451026917 0.14261597737587942 0.003686098149046302 3961
frame-000183.color.jpg 0.37981896767876155 0.6194241642951965 0.6225632429122925 -0.2906307578086853 2.6347174644470215 2.7016689777374268 -0.9269071221351624 0.10572538528680668 0.002993789967149496 4030
frame-000184.color.jpg 0.37535446375774634 0.6169859170913696 0.6284838318824768 -0.2888692021369934 2.594125270843506 2.7267565727233887 -0.9207709431648254 0.1195514023843116 0.0031191175803542137 4108
frame-000185.color.jpg 0.3757906480082425 0.6171203255653381 0.6287103295326233 -0.2875191271305084 2.593302011489868 2.729503631591797 -0.9112313389778137 0.06244247651643588 0.002854762366041541 4203
frame-000186.color.jpg 0.3726025374483025 0.6169929504394531 0.6316350698471069 -0.2855243384838104 2.5746066570281982 2.7393736839294434 -0.8938281536102295 0.060788543540874644 0.0024840491823852062 4236
frame-000187.color.jpg 0.3704056978015571 0.6167067885398865 0.6333253383636475 -0.2852569818496704 2.56319522857666 2.7412803173065186 -0.889899730682373 0.09008417204619815 0.002463341923430562 4234
frame-000188.color.jpg 0.3677685053482545 0.6156994700431824 0.6361955404281616 -0.28445684909820557 2.5425500869750977 2.7470343112945557 -0.8824878334999084 0.12888146747097548 0.0027272789739072323 4260
frame-000189.color.jpg 0.3636529866256975 0.6164676547050476 0.640113890171051 -0.2792458236217499 2.521374464035034 2.762058973312378 -0.8392789363861084 0.041079545773020226 0.0014467716682702303 4251
frame-000190.color.jpg 0.36076200657867435 0.6159005761146545 0.6420360803604126 -0.27983367443084717 2.5089685916900635 2.759551525115967 -0.8394853472709656 0.06376357117209122 0.002572594443336129 4280
frame-000191.color.jpg 0.3586874706865554 0.6145004034042358 0.6439881324768066 -0.2810906171798706 2.493804693222046 2.7581043243408203 -0.8453067541122437 0.12016649293558299 0.0033472394570708275 4277
frame-000192.color.jpg 0.3568505989417793 0.6136346459388733 0.6458987593650818 -0.28093573451042175 2.481788158416748 2.7562971115112305 -0.8376746773719788 0.0981358044790928 0.0030466855969280005 4361
frame-000193.color.jpg 0.35170146336602515 0.6127839684486389 0.6503621935844421 -0.2789820730686188 2.4578657150268555 2.7679736614227295 -0.8195523619651794 0.11177120326985884 0.0023227049969136715 4364
frame-000194.color.jpg 0.35206232986303454 0.6108807325363159 0.6521409749984741 -0.27854788303375244 2.4374945163726807 2.7725493907928467 -0.8097193241119385 0.07602067247290305 0.003164342138916254 4313
frame-000195.color.jpg 0.35052197852982164 0.6039899587631226 0.659287691116333 -0.2786935865879059 2.370657205581665 2.7973074913024902 -0.8187330365180969 0.17563711388768785 0.0031966527458280325 4147
frame-000196.color.jpg 0.3447952935337198 0.5999401211738586 0.6689208149909973 -0.2715380787849426 2.2966036796569824 2.847090482711792 -0.7753738164901733 0.17227383269083837 0.00308526074513793 4094
frame-000197.color.jpg 0.34029973241122613 0.5932228565216064 0.6788455247879028 -0.26730430126190186 2.2092134952545166 2.8883891105651855 -0.760219395160675 0.24926417858247166 0.003735464531928301 3969
frame-000198.color.jpg 0.34088222230610954 0.589778482913971 0.6844728589057922 -0.2597258388996124 2.1483683586120605 2.923417806625366 -0.7221913933753967 0.2598143128900555 0.0048010325990617275 4135
frame-000199.color.jpg 0.34352436346415394 0.5831555724143982 0.6879375576972961 -0.2620355784893036 2.0888795852661133 2.935427665710449 -0.7507845163345337 0.34091016276182184 0.005045986734330654 3999
frame-000200.color.jpg 0.34218055650220575 0.5795127153396606 0.6931307911872864 -0.2581609785556793 2.030874013900757 2.952352285385132 -0.7314786314964294 0.2054620553732609 0.0031350001227110624 3961
frame-000201.color.jpg 0.3386828273931253 0.5740882158279419 0.6983177065849304 -0.2609003782272339 1.9773948192596436 2.960627317428589 -0.7531145215034485 0.22665038273591148 0.0035782388877123594 3879
frame-000202.color.jpg 0.33101425327146355 0.5651316046714783 0.7085275053977966 -0.26276329159736633 1.8876701593399048 2.9876766204833984 -0.7718735933303833 0.218226198168347 0.0023538570385426283 3742
frame-000203.color.jpg 0.3241220832122672 0.5585702657699585 0.7169291973114014 -0.2625958025455475 1.8204984664916992 3.013664960861206 -0.7750036120414734 0.15729385379903846 0.000997997121885419 3744
frame-000204.color.jpg 0.3166087875478294 0.5507255792617798 0.7261752486228943 -0.26292526721954346 1.7438923120498657 3.043124198913574 -0.7847457528114319 0.26039343822647854 0.0025526145473122597 3642
frame-000205.color.jpg 0.3105905191776783 0.5410627722740173 0.7356716394424438 -0.2637648582458496 1.6592499017715454 3.0733845233917236 -0.800926685333252 0.40819841170043714 0.00473014684394002 3508
frame-000206.color.jpg 0.2996611455022328 0.5255972743034363 0.7510114312171936 -0.26444751024246216 1.5344926118850708 3.124354124069214 -0.8178391456604004 0.5117941853586948 0.00708408560603857 3354
frame-000207.color.jpg 0.2925325022623411 0.5117070078849792 0.763080894947052 -0.2651190757751465 1.4237810373306274 3.1618762016296387 -0.8356133699417114 0.541047618769595 0.007242176216095686 3192
frame-000208.color.jpg 0.28864288189169307 0.4930505156517029 0.7767716646194458 -0.2649760842323303 1.2834842205047607 3.201103687286377 -0.8598327040672302 0.3907271880099412 0.005066869780421257 3032
frame-000209.color.jpg 0.28337690942459426 0.480880469083786 0.7855958342552185 -0.26700299978256226 1.1948636770248413 3.2208735942840576 -0.881397008895874 0.4188186621687194 0.005637635011225939 2903
frame-000210.color.jpg 0.27813776106626414 0.4667886793613434 0.7934119701385498 -0.27430856227874756 1.1097989082336426 3.230433702468872 -0.9387849569320679 0.35154410028887056 0.006755781825631857 2844
frame-000211.color.jpg 0.27423095313804396 0.45697182416915894 0.7969929575920105 -0.28421181440353394 1.0571900606155396 3.2225048542022705 -1.006507396697998 0.6019922227948552 0.00862657930701971 2826
frame-000212.color.jpg 0.2685400850078685 0.4248413145542145 0.8089608550071716 -0.30492356419563293 0.8602644801139832 3.218122959136963 -1.1662460565567017 0.8284835901891523 0.013913714326918125 2779
frame-000213.color.jpg 0.2683563512366706 0.4144349992275238 0.8130670189857483 -0.3084648549556732 0.7940239310264587 3.2253384590148926 -1.2043451070785522 0.8581079882493488 0.014629630371928215 2680
frame-000214.color.jpg 0.267091079576826 0.4047841429710388 0.8174425959587097 -0.31080514192581177 0.7340929508209229 3.2370362281799316 -1.238113522529602 0.6536356032744389 0.012870142236351967 2714
frame-000215.color.jpg 0.2685058653331147 0.4000115692615509 0.8190253973007202 -0.3115970194339752 0.7052776217460632 3.2421555519104004 -1.2574421167373657 0.7583155627417304 0.014367668889462948 2822
frame-000216.color.jpg 0.27309159061454213 0.3934614360332489 0.8191277980804443 -0.3156559467315674 0.6779775023460388 3.255221366882324 -1.3234840631484985 0.9355189510638932 0.016087137162685394 2990
frame-000217.color.jpg 0.2747224904610357 0.3932969272136688 0.8178290128707886 -0.3178061544895172 0.6865419745445251 3.260826826095581 -1.3554677963256836 0.7326968571863348 0.013309093192219734 3049
frame-000218.color.jpg 0.28073418222525764 0.39743277430534363 0.8125123977661133 -0.32102811336517334 0.7406120300292969 3.257812023162842 -1.3973170518875122 0.7812320213458868 0.012744391337037086 3216
frame-000219.color.jpg 0.28314116738441847 0.4014055132865906 0.8079038262367249 -0.32557037472724915 0.7869080305099487 3.2513506412506104 -1.4426064491271973 0.5857752726319821 0.00976862944662571 3400
frame-000220.color.jpg 0.2896968609532458 0.4120875298976898 0.8011333346366882 -0.3231797516345978 0.8923406004905701 3.2639307975769043 -1.4503005743026733 0.49910983037889356 0.008136005140841007 3522
frame-000221.color.jpg 0.29292929208707547 0.42737114429473877 0.7944417595863342 -0.3168731927871704 1.0415228605270386 3.3067052364349365 -1.4293276071548462 0.15470769338326307 0.002342626452445984 3770
frame-000222.color.jpg 0.29814131846990233 0.428838849067688 0.7914260029792786 -0.3175748586654663 1.085941195487976 3.318627119064331 -1.4602218866348267 0.09235984566932226 0.001243071397766471 3932
frame-000223.color.jpg 0.2977434902363133 0.42863404750823975 0.7889267802238464 -0.32437053322792053 1.1204687356948853 3.3134682178497314 -1.5236481428146362 0.1496628116086285 0.002673574723303318 4106
frame-000224.color.jpg 0.29767850822731173 0.42705920338630676 0.7899354696273804 -0.3240524232387543 1.123374104499817 3.3335485458374023 -1.5423332452774048 0.10393668947726993 0.0022380524314939976 4279
frame-000225.color.jpg 0.3001317283580367 0.4269085228443146 0.789866030216217 -0.3221517503261566 1.1366446018218994 3.347905158996582 -1.5468544960021973 0.06241707675045989 0.00031934879370965064 4367
frame-000226.color.jpg 0.2934307640656989 0.4270695745944977 0.7911684513092041 -0.3249036371707916 1.141417384147644 3.3598132133483887 -1.5642591714859009 0.11887219876829201 0.0018175534205511212 4421
frame-000227.color.jpg 0.286994340395357 0.42592868208885193 0.7922238111495972 -0.3295460343360901 1.137660264968872 3.3706583976745605 -1.6025028228759766 0.1514303498399941 0.0024968695361167192 4420
frame-000228.color.jpg 0.2699242043636565 0.41378915309906006 0.7973545789718628 -0.34661954641342163 1.0392006635665894 3.367873430252075 -1.7237907648086548 0.24370037585368803 0.004182172939181328 4538
frame-000229.color.jpg 0.2608715582127887 0.39519864320755005 0.8077375888824463 -0.3511753976345062 0.873611569404602 3.41420578956604 -1.7832590341567993 0.22067692873948577 0.0031726150773465633 4488
frame-000230.color.jpg 0.251345718819874 0.37072163820266724 0.8164740800857544 -0.36436358094215393 0.6700479388237 3.4210288524627686 -1.9016995429992676 0.2550492420877667 0.003494414733722806 4477
frame-000231.color.jpg 0.2453289110581977 0.3537939488887787 0.8227421045303345 -0.3711321949958801 0.5234077572822571 3.4275219440460205 -1.9632381200790405 0.2052678485491651 0.002647625282406807 4367
frame-000232.color.jpg 0.23863125615726039 0.3378183841705322 0.8274162411689758 -0.37988975644111633 0.3872896134853363 3.4150702953338623 -2.028163194656372 0.1516677922951446 0.0017047422006726265 4369
frame-000233.color.jpg 0.23008061994099513 0.32185059785842896 0.8327505588531494 -0.3873004615306854 0.2514444589614868 3.405143976211548 -2.071118116378784 0.17731237786419216 0.0029867396224290133 4372
frame-000234.color.jpg 0.22057675221982795 0.30503204464912415 0.8383145332336426 -0.3943731486797333 0.10679002106189728 3.39296817779541 -2.1027719974517822 0.2661301301186281 0.004641539882868528 4299
frame-000235.color.jpg 0.20782758130757503 0.2870492935180664 0.8430382609367371 -0.4045945703983307 -0.04224255308508873 3.363238573074341 -2.140608549118042 0.22401998617308966 0.003615154419094324 4290
frame-000236.color.jpg 0.20138552015953226 0.2795116901397705 0.8450383543968201 -0.4089342951774597 -0.10258857160806656 3.353505849838257 -2.1485002040863037 0.29969442675201124 0.005604404490441084 4320
frame-000237.color.jpg 0.19331334164759156 0.27148500084877014 0.8470011949539185 -0.41414353251457214 -0.16367368400096893 3.342080593109131 -2.154461622238159 0.5422006400788577 0.008419804275035858 4304
frame-000238.color.jpg 0.18636858619675548 0.26136505603790283 0.8488867878913879 -0.419935941696167 -0.23441535234451294 3.3159632682800293 -2.162428855895996 0.4631663333976717 0.007420687470585108 4169
frame-000239.color.jpg 0.1811279719290861 0.255644828081131 0.8505883812904358 -0.4223005473613739 -0.2710888385772705 3.3092164993286133 -2.1545166969299316 0.6856202585796979 0.01077941432595253 4094
frame-000240.color.jpg 0.17919437663396137 0.24657832086086273 0.8522765040397644 -0.4251038730144501 -0.32007765769958496 3.283287763595581 -2.1526846885681152 0.5395117333408412 0.009617245756089687 4033
frame-000241.color.jpg 0.177485576154103 0.23976323008537292 0.8524712920188904 -0.42930781841278076 -0.3604139983654022 3.2524449825286865 -2.163628578186035 0.2397883583261368 0.004673157352954149 3918
frame-000242.color.jpg 0.17716857735990207 0.2335067242383957 0.8551220297813416 -0.4276122748851776 -0.39680224657058716 3.2411906719207764 -2.132935047149658 0.3389706291613762 0.005974018480628729 3961
frame-000243.color.jpg 0.1759195268088964 0.2332947552204132 0.8564766049385071 -0.42552754282951355 -0.3879190683364868 3.238372564315796 -2.097878932952881 0.3015327081340967 0.00559827359393239 4019
frame-000244.color.jpg 0.17613028367553685 0.23487089574337006 0.8573824763298035 -0.42274004220962524 -0.3688151240348816 3.240811824798584 -2.0630404949188232 0.35872804523312235 0.007099177222698927 4080
frame-000245.color.jpg 0.17685590140214408 0.23834459483623505 0.8581074476242065 -0.419005423784256 -0.331603467464447 3.245361804962158 -2.0178425312042236 0.37189499576646734 0.006970210000872612 4111
frame-000246.color.jpg 0.17158796994208103 0.2416180968284607 0.8574981093406677 -0.4205654561519623 -0.30693158507347107 3.2362589836120605 -1.9965903759002686 0.5008037706539096 0.008941606618463993 4110
frame-000247.color.jpg 0.16869195341026283 0.24377964437007904 0.8595398664474487 -0.41630008816719055 -0.2909644544124603 3.244460344314575 -1.943514108657837 0.5207525120636954 0.010141732171177864 4279
frame-000248.color.jpg 0.1646190028184235 0.24001476168632507 0.8647208213806152 -0.4093303680419922 -0.3290139436721802 3.2603635787963867 -1.8799781799316406 0.3041769785186701 0.005977828986942768 4346
frame-000249.color.jpg 0.16357547985258677 0.23978115618228912 0.8670468330383301 -0.4049418866634369 -0.3348276913166046 3.2747559547424316 -1.8457506895065308 0.21279360977682166 0.004437665920704603 4400
frame-000250.color.jpg 0.15733149384908582 0.23647798597812653 0.8749502301216125 -0.3921568989753723 -0.38145583868026733 3.3176259994506836 -1.7401496171951294 0.21360744282468455 0.004812305793166161 4503
frame-000251.color.jpg 0.14099920159000934 0.21706070005893707 0.8937249183654785 -0.3664146065711975 -0.5573474168777466 3.3990378379821777 -1.5260083675384521 0.08737457463747327 0.002482999349012971 4466
frame-000252.color.jpg 0.13628621201156021 0.20867185294628143 0.9006119966506958 -0.3560620844364166 -0.6257508397102356 3.427746295928955 -1.4457709789276123 0.24379535817183354 0.0043739015236496925 4330
frame-000253.color.jpg 0.1350947511341517 0.20733505487442017 0.9015474319458008 -0.35492801666259766 -0.6360121369361877 3.4316582679748535 -1.4343345165252686 0.2420641987019262 0.004409076180309057 4340
frame-000254.color.jpg 0.12359874951342541 0.20115160942077637 0.9094974398612976 -0.34216347336769104 -0.6872715950012207 3.4862797260284424 -1.3174082040786743 0.25522266485966155 0.004064621869474649 4181
frame-000255.color.jpg 0.11377850118356742 0.19831867516040802 0.9126498699188232 -0.3388131558895111 -0.7085495591163635 3.5152533054351807 -1.2679413557052612 0.26401733382884635 0.004225457552820444 4148
frame-000256.color.jpg 0.11304890997884458 0.19804291427135468 0.9140498042106628 -0.3354279696941376 -0.7115515470504761 3.5266048908233643 -1.2454286813735962 0.3691080384612641 0.005668086465448141 4082
frame-000257.color.jpg 0.10960705366380674 0.19270072877407074 0.9176977872848511 -0.32967185974121094 -0.7528336644172668 3.5512750148773193 -1.2040700912475586 0.31730868420868075 0.0053934804163873196 4074
frame-000258.color.jpg 0.10164635975088991 0.17230437695980072 0.9264902472496033 -0.3187396824359894 -0.9029252529144287 3.598450183868408 -1.1315586566925049 0.27659179213211915 0.006938850041478872 3930
frame-000259.color.jpg 0.09434839539183544 0.15131619572639465 0.9307304620742798 -0.31928470730781555 -1.0601805448532104 3.601294994354248 -1.1211825609207153 0.21259990988082833 0.005427119322121143 3845
frame-000260.color.jpg 0.09217269413419164 0.1380971074104309 0.9336256384849548 -0.3174530267715454 -1.1668429374694824 3.601846218109131 -1.1092936992645264 0.13033653788802618 0.002230406040325761 3791
frame-000261.color.jpg 0.09334504784741755 0.1322244107723236 0.9344728589057922 -0.31711822748184204 -1.211517095565796 3.612490653991699 -1.1250879764556885 0.11085795228295392 0.00230026594363153 3837
frame-000262.color.jpg 0.09424360261420135 0.1279563009738922 0.9373434782028198 -0.31005242466926575 -1.246196985244751 3.6359331607818604 -1.093476414680481 0.15607793338443074 0.003264858853071928 3793
frame-000263.color.jpg 0.09570028234722755 0.1186501607298851 0.9392513036727905 -0.30752331018447876 -1.3162533044815063 3.641308546066284 -1.097878336906433 0.30995251711172417 0.00625069672241807 3784
frame-000264.color.jpg 0.09721299489119975 0.11161443591117859 0.9409903883934021 -0.30434975028038025 -1.375089406967163 3.6442384719848633 -1.088794469833374 0.2509561711863572 0.005362489726394415 3757
frame-000265.color.jpg 0.09959450592944005 0.10823829472064972 0.9419481754302979 -0.3018261194229126 -1.4063624143600464 3.6486704349517822 -1.0866204500198364 0.2893015735583228 0.005032571963965893 3729
frame-000266.color.jpg 0.10463749381416189 0.10480546951293945 0.9422205090522766 -0.3004781901836395 -1.4362058639526367 3.6499226093292236 -1.103878378868103 0.572826674708666 0.00985527504235506 3574
frame-000267.color.jpg 0.10439872126878948 0.10272440314292908 0.9417629837989807 -0.30270639061927795 -1.4624820947647095 3.648667335510254 -1.115119457244873 0.42342818608483174 0.006948798894882202 3556
frame-000268.color.jpg 0.10901066850099858 0.10790028423070908 0.9423248171806335 -0.2974865436553955 -1.4297219514846802 3.667612075805664 -1.0936375856399536 0.4309270134219917 0.0069594671949744225 3580
frame-000269.color.jpg 0.11188700507507547 0.11800982058048248 0.9432981610298157 -0.28938496112823486 -1.3638558387756348 3.7020654678344727 -1.0465062856674194 0.2928340620196888 0.004946949891746044 3700
frame-000270.color.jpg 0.12408066966815524 0.14308947324752808 0.9404611587524414 -0.282245010137558 -1.1636302471160889 3.7570760250091553 -1.0430359840393066 0.4607466855233418 0.007877802476286888 3964
frame-000271.color.jpg 0.1271079066818082 0.15777312219142914 0.9376882910728455 -0.2822974622249603 -1.0399304628372192 3.7851181030273438 -1.0512207746505737 0.4770171032608113 0.00832531787455082 4068
frame-000272.color.jpg 0.13530062520682853 0.19360385835170746 0.9303519129753113 -0.28045782446861267 -0.7413457036018372 3.8402762413024902 -1.0458050966262817 0.383741932201428 0.006746897008270025 4237
frame-000273.color.jpg 0.13937425375532086 0.22652946412563324 0.922191321849823 -0.2807532846927643 -0.4578002095222473 3.8634605407714844 -1.0382252931594849 0.2559942627924614 0.004414057824760675 4307
frame-000274.color.jpg 0.1307687619528192 0.24360798299312592 0.9184454083442688 -0.2828650176525116 -0.30029088258743286 3.8698084354400635 -1.0140427350997925 0.1836370930149843 0.0033931401558220387 4283
frame-000275.color.jpg 0.12708496762794436 0.25322091579437256 0.9162362813949585 -0.28326621651649475 -0.21941792964935303 3.865725517272949 -0.9920534491539001 0.1823015108877691 0.0034873776603490114 4168
frame-000276.color.jpg 0.13369966231425695 0.2695906162261963 0.9137334823608398 -0.27301305532455444 -0.09291400760412216 3.866509199142456 -0.9202646017074585 0.12108967571123219 0.001987827243283391 4041
frame-000277.color.jpg 0.13895022054764047 0.28008589148521423 0.9117016792297363 -0.26654213666915894 -0.017585257068276405 3.8560338020324707 -0.8637491464614868 0.3703354981603095 0.004817343782633543 3870
frame-000278.color.jpg 0.14551404514061364 0.28971588611602783 0.9052926301956177 -0.2744729816913605 0.06828960031270981 3.8157522678375244 -0.9221296906471252 0.23599504201584096 0.004422889091074467 3727
frame-000279.color.jpg 0.1428263565476787 0.29171881079673767 0.9019480347633362 -0.28458818793296814 0.08855932205915451 3.7825779914855957 -0.9741010665893555 0.1395220084035694 0.0030681320931762457 3946
frame-000280.color.jpg 0.14136835319060276 0.28992122411727905 0.8990291357040405 -0.29615387320518494 0.07778757065534592 3.742616891860962 -1.045386791229248 0.12341359421547614 0.0019075223244726658 3986
frame-000281.color.jpg 0.13546196592265322 0.28508511185646057 0.8980966210365295 -0.30626627802848816 0.03536266088485718 3.704528331756592 -1.0917911529541016 0.1283694967679154 0.004039876163005829 3989
frame-000282.color.jpg 0.14040637015517898 0.2762628197669983 0.9053752422332764 -0.2902767062187195 -0.08269597589969635 3.7008135318756104 -0.9769342541694641 0.26678110584346854 0.0034281883854418993 3867
frame-000283.color.jpg 0.1391832530912722 0.26881545782089233 0.9048063158988953 -0.299485981464386 -0.1435062289237976 3.6594455242156982 -1.0347040891647339 0.23885387638988798 0.0049904570914804935 3932
frame-000284.color.jpg 0.11919992520453253 0.2477179765701294 0.9083011150360107 -0.31530341506004333 -0.3180331289768219 3.5823349952697754 -1.0723869800567627 0.2784291930601319 0.004711167886853218 4133
frame-000285.color.jpg 0.11594002712506844 0.2449052631855011 0.9084360003471375 -0.3183135986328125 -0.3391275703907013 3.571913003921509 -1.08133864402771 0.17604515098953 0.002876153914257884 4124
frame-000286.color.jpg 0.10823506028690431 0.2352849841117859 0.9092237949371338 -0.32594186067581177 -0.4151739180088043 3.5343804359436035 -1.0994352102279663 0.19234232919472422 0.002525010146200657 4228
frame-000287.color.jpg 0.10740581543832622 0.2277834564447403 0.9107553958892822 -0.32726624608039856 -0.46948787569999695 3.5045876502990723 -1.0969319343566895 0.16904100543909348 0.0022392631508409977 4262
frame-000288.color.jpg 0.10009979975477439 0.2177606225013733 0.9106215834617615 -0.336643248796463 -0.5299270153045654 3.4608049392700195 -1.1268807649612427 0.23449200019204147 0.0034323770087212324 4118
frame-000289.color.jpg 0.09269615639893847 0.19950440526008606 0.9142640829086304 -0.34018629789352417 -0.6496710181236267 3.4180095195770264 -1.1111267805099487 0.16346039404164928 0.0020378900226205587 4157
frame-000290.color.jpg 0.08580665676354916 0.18792955577373505 0.9163747429847717 -0.34289512038230896 -0.7144536375999451 3.3916804790496826 -1.098130464553833 0.19307796191267573 0.003491602372378111 4295
frame-000291.color.jpg 0.07869735962055852 0.17531026899814606 0.9188000559806824 -0.34478896856307983 -0.7733924984931946 3.355679512023926 -1.0716749429702759 0.09818819149641828 0.0025269370526075363 4303
frame-000292.color.jpg 0.07412288780211873 0.16947360336780548 0.9204741716384888 -0.34425532817840576 -0.7932060956954956 3.3413896560668945 -1.0466915369033813 0.14937770457163335 0.0026885345578193665 4265
frame-000293.color.jpg 0.07351218040331053 0.16565854847431183 0.920989453792572 -0.34486451745033264 -0.7937515377998352 3.325965404510498 -1.0414958000183105 0.2805837175368742 0.004263457842171192 4266
frame-000294.color.jpg 0.0727451014415617 0.16312441229820251 0.9216740727424622 -0.34440597891807556 -0.7942435145378113 3.3174920082092285 -1.0320460796356201 0.26673361468439577 0.00410704780369997 4265
frame-000295.color.jpg 0.07401125774232849 0.15643271803855896 0.9212612509727478 -0.34832289814949036 -0.8027515411376953 3.2863175868988037 -1.0500285625457764 0.3080892628504858 0.00427010515704751 4283
frame-000296.color.jpg 0.07698476617135522 0.1556607484817505 0.9203311204910278 -0.3504764139652252 -0.7911749482154846 3.2737209796905518 -1.0675324201583862 0.3250643906916567 0.0046063559129834175 4266
frame-000297.color.jpg 0.08046960763182981 0.1562812328338623 0.9186037182807922 -0.35393226146698 -0.7664459347724915 3.259237051010132 -1.093043565750122 0.33472489285984636 0.004847792908549309 4239
frame-000298.color.jpg 0.08326958098659128 0.1572898030281067 0.9177326560020447 -0.3550955057144165 -0.7485139966011047 3.253685474395752 -1.1062670946121216 0.3861236405093526 0.006242790725082159 4227
frame-000299.color.jpg 0.08830589082410106 0.15947338938713074 0.9159286022186279 -0.35755446553230286 -0.7125423550605774 3.239475727081299 -1.1285994052886963 0.2881703768378924 0.004235435742884874 4233
frame-000300.color.jpg 0.09273841210109424 0.16486039757728577 0.9179670810699463 -0.3486505150794983 -0.6703187227249146 3.2571091651916504 -1.080509066581726 0.2525359192361871 0.003729912219569087 4310
frame-000301.color.jpg 0.09428585214968166 0.1688740998506546 0.918618381023407 -0.3445749282836914 -0.6352445483207703 3.260518789291382 -1.059705376625061 0.27593329252702115 0.0036449874751269817 4279
frame-000302.color.jpg 0.09438684683975707 0.17545007169246674 0.9189496636390686 -0.3403525948524475 -0.5812104344367981 3.271062135696411 -1.0313992500305176 0.26892151637462125 0.0034256528597325087 4348
frame-000303.color.jpg 0.09492491495793033 0.19473561644554138 0.9268016815185547 -0.3067668080329895 -0.44998079538345337 3.32401442527771 -0.8269702792167664 0.08769888189102325 0.0013203213457018137 4225
frame-000304.color.jpg 0.09651925596668717 0.19700251519680023 0.9273968935012817 -0.3029998540878296 -0.43540337681770325 3.326995611190796 -0.8070781826972961 0.16637929939583804 0.0016041198978200555 4211
frame-000305.color.jpg 0.1013770339232921 0.20355623960494995 0.9281635284423828 -0.29461854696273804 -0.39530324935913086 3.3337996006011963 -0.7689364552497864 0.18393120469590474 0.0021541903261095285 4084
frame-000306.color.jpg 0.0987800511270808 0.20721983909606934 0.928202211856842 -0.2928195297718048 -0.3670071065425873 3.3381898403167725 -0.7527037858963013 0.1620548291558679 0.002115722047165036 4033
frame-000307.color.jpg 0.10002400732349785 0.20832674205303192 0.9302493929862976 -0.28501075506210327 -0.3583196997642517 3.3424644470214844 -0.7074735760688782 0.19359532206187777 0.00285346363671124 4015
frame-000308.color.jpg 0.09475212856419862 0.20631685853004456 0.9320792555809021 -0.2822829782962799 -0.3648034632205963 3.3426382541656494 -0.6789186596870422 0.08856147341821503 0.002921785693615675 3974
frame-000309.color.jpg 0.08977453372473772 0.19661183655261993 0.9347598552703857 -0.28197240829467773 -0.4155563414096832 3.3305513858795166 -0.6651102900505066 0.08580213035438278 0.0024821951519697905 4115
frame-000310.color.jpg 0.08592673222866522 0.18430432677268982 0.9367228746414185 -0.2849540412425995 -0.48054221272468567 3.3122527599334717 -0.6712262630462646 0.12837810120544405 0.0007711935322731733 4233
frame-000311.color.jpg 0.07692866624952309 0.16618362069129944 0.9385032653808594 -0.2927054762840271 -0.5701298713684082 3.282210111618042 -0.6926157474517822 0.12810197213194777 0.0010457468451932073 4313
frame-000312.color.jpg 0.06706215252864578 0.14563776552677155 0.9411407709121704 -0.29756730794906616 -0.6771285533905029 3.2482540607452393 -0.6893855333328247 0.08955664665452044 0.0029971140902489424 4354
frame-000313.color.jpg 0.059822777323772294 0.12715516984462738 0.9425356388092041 -0.30311593413352966 -0.7671788930892944 3.2112183570861816 -0.6975113749504089 0.09161919703119902 0.0018565260106697679 4412
frame-000314.color.jpg 0.05097189705254975 0.10717529058456421 0.9440866112709045 -0.30759668350219727 -0.8713653683662415 3.1765310764312744 -0.6932892203330994 0.17520953337347447 0.0026690850500017405 4492
frame-000315.color.jpg 0.044420597606047454 0.08444096148014069 0.9478206634521484 -0.30419182777404785 -0.9999304413795471 3.1464364528656006 -0.6453555822372437 0.12000809124377687 0.0025821207091212273 4585
frame-000316.color.jpg 0.036852314129997885 0.06979695707559586 0.9501785635948181 -0.30154794454574585 -1.0856786966323853 3.127673864364624 -0.6065702438354492 0.12433340191718001 0.0030401016119867563 4629
frame-000317.color.jpg 0.030572970307988202 0.056163936853408813 0.9498931169509888 -0.3059638440608978 -1.161653995513916 3.1033992767333984 -0.6107597947120667 0.06817696727340371 0.002447744831442833 4661
frame-000318.color.jpg 0.02041289081170316 0.03520793840289116 0.9476385712623596 -0.3167407810688019 -1.290164589881897 3.060335397720337 -0.6426584720611572 0.20039899088800384 0.005249217618256807 4465
frame-000319.color.jpg 0.010137579041863992 0.013436444103717804 0.9451534152030945 -0.3261927664279938 -1.4167929887771606 3.0184178352355957 -0.6567633152008057 0.06351445603037087 0.0031928534153848886 4557
frame-000320.color.jpg 0.0058786093341137045 0.0013187415897846222 0.9428758025169373 -0.3330898880958557 -1.490177035331726 2.9911563396453857 -0.6804034113883972 0.08930066130299041 0.0033779009245336056 4555
frame-000321.color.jpg 0.0062949996658296 -0.01400898490101099 0.9405840635299683 -0.3392135798931122 -1.587101936340332 2.948887825012207 -0.7099683284759521 0.10435467170806959 0.003294168971478939 4504
frame-000322.color.jpg 0.0002710382097299861 -0.026688039302825928 0.9374303817749023 -0.34714826941490173 -1.6669176816940308 2.913095474243164 -0.7338482141494751 0.14976988015995374 0.003691986436024308 4391
frame-000323.color.jpg 0.0013287818482024872 0.033169519156217575 -0.9353229999542236 0.35223403573036194 -1.7069571018218994 2.890669345855713 -0.753687858581543 0.1905370781805781 0.0041521331295371056 4364
frame-000324.color.jpg 0.0052638565783478175 0.049543097615242004 -0.9287024140357971 0.3674638867378235 -1.806058645248413 2.825286865234375 -0.8171318173408508 0.15156984844966367 0.0046771373599767685 4160
frame-000325.color.jpg 0.012368319972207829 0.081053227186203 -0.9198517203330994 0.38360175490379333 -1.9861980676651 2.6930792331695557 -0.8423786759376526 0.32781994513493373 0.008470016531646252 4102
frame-000326.color.jpg 0.013860095796325996 0.09204629063606262 -0.9175209403038025 0.3866402804851532 -2.0479254722595215 2.645169973373413 -0.835465133190155 0.27342925446384453 0.008225813508033752 4007
frame-000327.color.jpg 0.016823408060451454 0.10591421276330948 -0.9136004447937012 0.3922159671783447 -2.1213760375976562 2.582021713256836 -0.8292562365531921 0.3126669836982753 0.008942289277911186 3926
frame-000328.color.jpg 0.023580229029632162 0.11621683090925217 -0.9094306826591492 0.398589164018631 -2.1711976528167725 2.538571834564209 -0.8198557496070862 0.376892559804801 0.00924796424806118 3870
frame-000329.color.jpg 0.025800182260072087 0.12639975547790527 -0.9064639210700989 0.40209534764289856 -2.2152655124664307 2.4870972633361816 -0.8080242276191711 0.302562412512329 0.008890648372471333 3747
frame-000330.color.jpg 0.029842312552287878 0.13448920845985413 -0.906971275806427 0.39802664518356323 -2.240899085998535 2.462205171585083 -0.7530708312988281 0.2725292436385631 0.00874189380556345 3750
frame-000331.color.jpg 0.03207796374409614 0.13969732820987701 -0.9076680541038513 0.39445462822914124 -2.2544121742248535 2.4484000205993652 -0.7137200832366943 0.3114767698745477 0.009631931781768799 3710
frame-000332.color.jpg 0.02788952510689991 0.15519583225250244 -0.9100455045700073 0.3833455741405487 -2.314634084701538 2.3862998485565186 -0.6391236186027527 0.3306365710743442 0.010468806140124798 3768
frame-000333.color.jpg 0.03399249198071181 0.1627582609653473 -0.9107975959777832 0.37789157032966614 -2.3380286693573 2.3664166927337646 -0.5743932723999023 0.3068980351705533 0.011102259159088135 3771
frame-000334.color.jpg 0.03595264229467837 0.17262867093086243 -0.9132048487663269 0.36737415194511414 -2.3703458309173584 2.3349289894104004 -0.497249037027359 0.322266921298434 0.010124923661351204 3773
frame-000335.color.jpg 0.03755671063350357 0.18108153343200684 -0.9153856039047241 0.3575865626335144 -2.3988571166992188 2.3091866970062256 -0.4288020730018616 0.28230831362187603 0.00929840374737978 3790
frame-000336.color.jpg 0.039443942870315336 0.18870225548744202 -0.9178004860877991 0.3470994234085083 -2.422921895980835 2.286716938018799 -0.359853595495224 0.35826116445075495 0.010718456469476223 3815
frame-000337.color.jpg 0.050067063364477485 0.20291046798229218 -0.9216643571853638 0.3268876075744629 -2.450711727142334 2.2546184062957764 -0.2127121239900589 0.2064477637282848 0.0064454409293830395 3695
frame-000338.color.jpg 0.052347282928249736 0.2033735066652298 -0.9224012494087219 0.3241526782512665 -2.445812225341797 2.2589476108551025 -0.19197319447994232 0.2967638753916791 0.007873832248151302 3612
frame-000339.color.jpg 0.05299714307456565 0.20864413678646088 -0.9262784719467163 0.30930095911026 -2.4462409019470215 2.2461822032928467 -0.11718616634607315 0.2082114332978158 0.005937632638961077 3549
frame-000340.color.jpg 0.05810974572482092 0.2141697257757187 -0.9270966053009033 0.3020702302455902 -2.4537906646728516 2.233170509338379 -0.0748743787407875 0.07641035344135079 0.002939572324976325 3636
frame-000341.color.jpg 0.061531825293196105 0.21159863471984863 -0.9279285669326782 0.30064672231674194 -2.4047024250030518 2.2597222328186035 -0.0733429342508316 0.2367078629691817 0.0062566171400249004 3609
frame-000342.color.jpg 0.06396853854147624 0.18208953738212585 -0.9358054399490356 0.2949908375740051 -2.192462205886841 2.425689220428467 -0.11766158789396286 0.3902120690165606 0.008237209171056747 3692
frame-000343.color.jpg 0.06694404371995719 0.17483443021774292 -0.9375869631767273 0.2930566668510437 -2.1388473510742188 2.4665515422821045 -0.11613990366458893 0.341975565550638 0.006532053928822279 3700
frame-000344.color.jpg 0.06443820580790022 0.1617584377527237 -0.94081711769104 0.2907661497592926 -2.0408127307891846 2.528721570968628 -0.14043688774108887 0.32397884418087425 0.00850576814264059 3922
frame-000345.color.jpg 0.06235969054578231 0.15657198429107666 -0.9427521824836731 0.2877757251262665 -1.982503890991211 2.5576860904693604 -0.1454351544380188 0.2140750573187792 0.0077718463726341724 4066
frame-000346.color.jpg 0.06470693757974291 0.15315257012844086 -0.943672239780426 0.2860768735408783 -1.9316952228546143 2.584376096725464 -0.14199207723140717 0.07101325001699779 0.00546124204993248 4158
frame-000347.color.jpg 0.06446283082639288 0.1503104418516159 -0.9444000124931335 0.2852365970611572 -1.8800983428955078 2.6044414043426514 -0.1508471965789795 0.05707094628083075 0.005613821558654308 4246
frame-000348.color.jpg 0.05794480005255986 0.15122359991073608 -0.9437694549560547 0.28822389245033264 -1.8630361557006836 2.6008920669555664 -0.1986326426267624 0.46257392120887886 0.008608977310359478 4207
frame-000349.color.jpg 0.04807223720911556 0.154962956905365 -0.9440147876739502 0.2872483730316162 -1.8644267320632935 2.588519334793091 -0.22617949545383453 0.30628350490823725 0.006240500137209892 4162
frame-000350.color.jpg 0.04728146861416596 0.16676974296569824 -0.9423684477806091 0.286171555519104 -1.9135688543319702 2.5587923526763916 -0.22746792435646057 0.257373961004804 0.004196925088763237 4077
frame-000351.color.jpg 0.06649907553796615 0.21126793324947357 -0.9275088310241699 0.3011164367198944 -2.110464096069336 2.4152281284332275 -0.22335660457611084 0.28771077981194454 0.007776521611958742 3569
frame-000352.color.jpg 0.07231374920651934 0.23196670413017273 -0.9218338131904602 0.3019678592681885 -2.2012908458709717 2.348371982574463 -0.1886199414730072 0.5888510989143093 0.012718671932816505 3279
frame-000353.color.jpg 0.07713713803359408 0.2454221397638321 -0.9175984859466553 0.3030358552932739 -2.2483532428741455 2.311204671859741 -0.16237811744213104 0.6535733845199684 0.01421607006341219 3019
frame-000354.color.jpg 0.06749604267022129 0.2489122450351715 -0.9136372208595276 0.31425154209136963 -2.2449228763580322 2.277324676513672 -0.2558884918689728 0.8799864715430747 0.02252962440252304 2936
frame-000355.color.jpg 0.07288170933546863 0.2424335777759552 -0.9156846404075623 0.3121472895145416 -2.191164493560791 2.3311357498168945 -0.24385319650173187 1.1542717674894187 0.027254808694124222 2781
frame-000356.color.jpg 0.07868690173421854 0.22769170999526978 -0.9165482521057129 0.31922447681427 -2.090416431427002 2.40790057182312 -0.2896861433982849 1.153643176642366 0.029130859300494194 2348
