frame-000010.color.jpg 0.3990053202401434 0.7417607307434082 -0.4885253608226776 0.2278790920972824 3.410762071609497 1.329218864440918 0.39257127046585083 0.40086121438668315 0.010344259440898895 1480
frame-000011.color.jpg 0.40233648457633964 0.7442958354949951 -0.48278987407684326 0.22597156465053558 3.399993896484375 1.361598253250122 0.36012282967567444 0.4594428664438098 0.014977863989770412 1396
frame-000012.color.jpg 0.4092752031386092 0.7459057569503784 -0.47471940517425537 0.22529925405979156 3.387563467025757 1.4031375646591187 0.28674688935279846 0.2577405767445897 0.008411694318056107 1397
frame-000013.color.jpg 0.40877426547457824 0.748306393623352 -0.47143951058387756 0.22513505816459656 3.3750874996185303 1.4350072145462036 0.28150850534439087 0.6096959291266891 0.014975287951529026 1497
frame-000014.color.jpg 0.41664629462701575 0.7461214065551758 -0.4671078622341156 0.22697816789150238 3.3648605346679688 1.4457414150238037 0.22570489346981049 0.1920898122986321 0.004291848745197058 1629
frame-000015.color.jpg 0.4198255709014105 0.7455286979675293 -0.46486061811447144 0.22767966985702515 3.3518691062927246 1.4628748893737793 0.21396590769290924 0.28345282387510273 0.0077097415924072266 1663
frame-000016.color.jpg 0.42037772005145924 0.743418276309967 -0.46494215726852417 0.23332519829273224 3.336045980453491 1.484810709953308 0.23106682300567627 0.3381418283942775 0.009486811235547066 1820
frame-000017.color.jpg 0.42458715023552007 0.7380636930465698 -0.46820196509361267 0.2361661195755005 3.3398025035858154 1.4612315893173218 0.23142515122890472 0.20598379111239995 0.007574519608169794 1949
frame-000018.color.jpg 0.41998233908306576 0.7389094829559326 -0.46964961290359497 0.23886573314666748 3.3287529945373535 1.4795382022857666 0.2683623135089874 0.30579535982599293 0.01192545983940363 1935
frame-000019.color.jpg 0.42280029052776974 0.7375454902648926 -0.469089537858963 0.23921048641204834 3.3327691555023193 1.4854485988616943 0.23338153958320618 0.12335553760753103 0.0050238147377967834 2123
frame-000020.color.jpg 0.42154295303047035 0.7396072745323181 -0.4666675329208374 0.23980019986629486 3.3125686645507812 1.5184284448623657 0.2295600324869156 0.1280204767693704 0.004875126760452986 2151
frame-000021.color.jpg 0.4191431751491686 0.7406257390975952 -0.46655404567718506 0.24108043313026428 3.3067235946655273 1.5321334600448608 0.24009372293949127 0.12829757967843194 0.0046229795552790165 2232
frame-000022.color.jpg 0.4165261092868202 0.7410441637039185 -0.46784889698028564 0.24182023108005524 3.3135788440704346 1.549176573753357 0.23593559861183167 0.18698928849464572 0.007896769791841507 2258
frame-000023.color.jpg 0.4148353752722974 0.741263210773468 -0.47251299023628235 0.23488721251487732 3.314831256866455 1.5489088296890259 0.201908141374588 0.13345441252243123 0.004112883936613798 2496
frame-000024.color.jpg 0.40872313135574634 0.7391225695610046 -0.4811786115169525 0.23475612699985504 3.3293821811676025 1.5369702577590942 0.23358996212482452 0.24127739292605246 0.00615675188601017 2654
frame-000025.color.jpg 0.41023833181590275 0.7377141118049622 -0.48258841037750244 0.23364685475826263 3.337381362915039 1.5268254280090332 0.21233755350112915 0.020839095588220672 0.004317867569625378 2594
frame-000026.color.jpg 0.41318977935171053 0.735191822052002 -0.485090047121048 0.23120319843292236 3.3510117530822754 1.5211803913116455 0.17876353859901428 0.06098737941895871 0.0010199244134128094 2735
frame-000027.color.jpg 0.42215610782767166 0.7327143549919128 -0.4771978259086609 0.23915739357471466 3.3364975452423096 1.6336374282836914 0.06166790425777435 0.07085299403555372 0.0028144805692136288 3134
frame-000028.color.jpg 0.42516287381261575 0.7329015731811523 -0.47419804334640503 0.23922380805015564 3.3303773403167725 1.6538944244384766 0.019836338236927986 0.14917131813286527 0.0038558978121727705 3119
frame-000029.color.jpg 0.42711581261343357 0.7331403493881226 -0.47445958852767944 0.23444685339927673 3.3307907581329346 1.663192629814148 -0.044006817042827606 0.13386230288192794 0.0034260530956089497 3290
frame-000030.color.jpg 0.42844158453421577 0.7346597909927368 -0.475439190864563 0.22510062158107758 3.33823823928833 1.6568840742111206 -0.10359524190425873 0.04272117573693684 0.0029732377734035254 3459
frame-000031.color.jpg 0.4296506117890756 0.7351843118667603 -0.47508203983306885 0.22181396186351776 3.3359174728393555 1.6598273515701294 -0.12782083451747894 0.05534075731143537 0.004967719782143831 3310
frame-000032.color.jpg 0.4395540792648691 0.7307384610176086 -0.47535982728004456 0.2164408266544342 3.3337318897247314 1.6460063457489014 -0.23395797610282898 0.06433459232898148 0.008200510405004025 3419
frame-000033.color.jpg 0.4534552200092939 0.7450351119041443 -0.43707093596458435 0.21970435976982117 3.1077775955200195 1.931762933731079 -0.5251347422599792 0.0952858546870521 0.007842889055609703 3414
frame-000034.color.jpg 0.45687817039852185 0.7469437718391418 -0.42744264006614685 0.22501131892204285 3.0442817211151123 2.001535415649414 -0.5918925404548645 0.08352249468793152 0.005784561857581139 3324
frame-000035.color.jpg 0.461061570140978 0.7505658864974976 -0.4177713394165039 0.2225763201713562 2.9874351024627686 2.0511512756347656 -0.6737059354782104 0.21805560352165537 0.0049528381787240505 3328
frame-000036.color.jpg 0.46136884072741763 0.7553799152374268 -0.40786468982696533 0.2240227907896042 2.917684555053711 2.1331703662872314 -0.7337726950645447 0.3183876406541312 0.008697552606463432 3315
frame-000037.color.jpg 0.4651308046158651 0.7554490566253662 -0.405993789434433 0.21936069428920746 2.8963992595672607 2.141397476196289 -0.796095073223114 0.24271757566514668 0.00827216636389494 3141
frame-000038.color.jpg 0.4626940704396005 0.7549567222595215 -0.41162240505218506 0.2156885266304016 2.898836374282837 2.1517155170440674 -0.8113798499107361 0.375733055151912 0.012282561510801315 3057
frame-000039.color.jpg 0.45873965682225293 0.7480214238166809 -0.42430898547172546 0.22357061505317688 2.956846237182617 2.136766195297241 -0.7598467469215393 0.5681365225438357 0.015544614754617214 3140
frame-000040.color.jpg 0.4632162665213763 0.7403321266174316 -0.43031781911849976 0.22839762270450592 2.980872631072998 2.0963473320007324 -0.7788236141204834 0.21503844749708156 0.00556509243324399 3304
frame-000041.color.jpg 0.4617368579484468 0.7355200052261353 -0.4384628236293793 0.23142966628074646 3.025369167327881 2.087754249572754 -0.7573957443237305 0.36023927794784055 0.011392402462661266 3412
frame-000042.color.jpg 0.4629174657659965 0.7340821623802185 -0.4388997256755829 0.23280420899391174 3.0284011363983154 2.0855112075805664 -0.7683843374252319 0.32807986584936444 0.010605483315885067 3401
frame-000043.color.jpg 0.45836824061583453 0.731778621673584 -0.44460034370422363 0.23817896842956543 3.038733959197998 2.114823579788208 -0.7491247653961182 0.6451919419955693 0.01901230588555336 3450
frame-000044.color.jpg 0.4628334581999119 0.7246509194374084 -0.4506645202636719 0.2399328202009201 3.0921409130096436 2.0888662338256836 -0.7997773289680481 0.5417714587390576 0.017175985500216484 3468
frame-000045.color.jpg 0.46835562832532734 0.721256673336029 -0.45056474208831787 0.2396315485239029 3.0964527130126953 2.0875096321105957 -0.8635886907577515 0.6168874779924778 0.017632784321904182 3504
frame-000046.color.jpg 0.4754512696427266 0.716311514377594 -0.4499627947807312 0.24161404371261597 3.1036577224731445 2.0680198669433594 -0.9125669002532959 0.606393479302135 0.015927787870168686 3524
frame-000047.color.jpg 0.4795475824717414 0.7139948606491089 -0.4485814571380615 0.24294058978557587 3.096101999282837 2.067106246948242 -0.9444020986557007 0.902725718754781 0.024482037872076035 3432
frame-000048.color.jpg 0.48233150019845944 0.7098839282989502 -0.448096364736557 0.2502613961696625 3.10107159614563 2.0544593334198 -0.9461214542388916 0.8192005093334587 0.02173054963350296 3445
frame-000049.color.jpg 0.4843880904689393 0.7078370451927185 -0.44832390546798706 0.25167572498321533 3.096446990966797 2.049199342727661 -0.954839289188385 0.9983360941387946 0.027304871007800102 3311
frame-000050.color.jpg 0.48515173034195436 0.7070114016532898 -0.4489273130893707 0.2514498829841614 3.0979602336883545 2.04256010055542 -0.9555058479309082 1.049369346626426 0.028794897720217705 3265
frame-000051.color.jpg 0.48812164245920076 0.7027402520179749 -0.4519156515598297 0.2523205280303955 3.1052913665771484 2.0102379322052 -0.9591190814971924 1.0371538734609755 0.028867186978459358 3237
frame-000052.color.jpg 0.4886712045805978 0.6972318887710571 -0.4577162265777588 0.25605475902557373 3.125079870223999 1.96784508228302 -0.9271124005317688 1.1006906409979613 0.029918141663074493 3234
frame-000053.color.jpg 0.4835135803738594 0.6873711943626404 -0.47409746050834656 0.2626158595085144 3.1641666889190674 1.8702363967895508 -0.8078486323356628 0.98804566710223 0.02610897459089756 3391
frame-000054.color.jpg 0.4781921280148668 0.6844781041145325 -0.48187607526779175 0.2657395899295807 3.173915147781372 1.8440958261489868 -0.7262492775917053 0.7498604288794892 0.019514033570885658 3518
frame-000055.color.jpg 0.4698963634243832 0.6870027184486389 -0.48639944195747375 0.2657823860645294 3.155237913131714 1.8558998107910156 -0.6521482467651367 0.5085798876631162 0.014191066846251488 3458
frame-000056.color.jpg 0.46993666549367297 0.6865738034248352 -0.48637476563453674 0.26686254143714905 3.1484265327453613 1.8483985662460327 -0.6450202465057373 0.537752426021034 0.014310488477349281 3459
frame-000057.color.jpg 0.4641496266138022 0.6893550157546997 -0.48866933584213257 0.2656257152557373 3.1120784282684326 1.8477482795715332 -0.5983515977859497 0.5854828017972881 0.015177306719124317 3544
frame-000058.color.jpg 0.4417107054257923 0.6949086785316467 -0.5027857422828674 0.2630593478679657 3.043717622756958 1.8186103105545044 -0.4030432403087616 0.7178741193877907 0.01809045858681202 3571
frame-000059.color.jpg 0.4370640634094456 0.6935725808143616 -0.507423996925354 0.26542985439300537 3.0205495357513428 1.7980782985687256 -0.34533706307411194 0.7288212050800286 0.018908796831965446 3485
frame-000060.color.jpg 0.43500418028483545 0.6924415230751038 -0.5096936225891113 0.26741060614585876 3.01631760597229 1.7848889827728271 -0.3197735846042633 0.7650501292633629 0.019759003072977066 3543
frame-000061.color.jpg 0.43114252795022084 0.6914477348327637 -0.5140965580940247 0.2678075134754181 3.006096601486206 1.7575269937515259 -0.27756574749946594 0.7027363391137796 0.018925104290246964 3556
frame-000062.color.jpg 0.42311409285979595 0.6890774965286255 -0.5241586565971375 0.26721617579460144 3.003927230834961 1.7020158767700195 -0.18720725178718567 0.4485297716148633 0.012296994216740131 3361
frame-000063.color.jpg 0.41750428637621334 0.686954915523529 -0.5298187136650085 0.27032461762428284 2.996771812438965 1.6775445938110352 -0.12550529837608337 0.6319366792506902 0.01683036796748638 3259
frame-000064.color.jpg 0.40666484538986347 0.6905549764633179 -0.533102810382843 0.2712175250053406 2.981964111328125 1.690739393234253 -0.045856278389692307 0.5172327234853175 0.012607457116246223 3357
frame-000065.color.jpg 0.3951166973708953 0.6911680698394775 -0.541253924369812 0.27058058977127075 2.9853172302246094 1.6639341115951538 0.04825510084629059 0.3305435364273292 0.007868957705795765 3228
frame-000066.color.jpg 0.3930697560806719 0.6908220052719116 -0.5456031560897827 0.2656655013561249 2.9972293376922607 1.622409701347351 0.06895782053470612 0.4571002716410541 0.011057747527956963 3232
frame-000067.color.jpg 0.38804964523257424 0.6878565549850464 -0.553138792514801 0.26515695452690125 3.013261079788208 1.561635971069336 0.14191491901874542 0.3355802139708318 0.008986965753138065 3351
frame-000068.color.jpg 0.3879087900954251 0.6878730058670044 -0.5535408854484558 0.2644805610179901 3.013270139694214 1.5526491403579712 0.1439935266971588 0.4958240825012943 0.01285848580300808 3292
frame-000069.color.jpg 0.38325837040759925 0.680801272392273 -0.569011926651001 0.25660866498947144 3.0493884086608887 1.4006704092025757 0.26175737380981445 0.43410163732344603 0.012082302942872047 3368
frame-000070.color.jpg 0.3763141138515411 0.6810632348060608 -0.572554349899292 0.2583060562610626 3.040524959564209 1.378000259399414 0.33518773317337036 0.35363472514427624 0.010406851768493652 3202
frame-000071.color.jpg 0.3648598790007102 0.6802468299865723 -0.5808160901069641 0.25844573974609375 3.0235865116119385 1.312024712562561 0.447380006313324 0.4242266245266356 0.014703791588544846 3531
frame-000072.color.jpg 0.3637638095214196 0.6793397665023804 -0.582146942615509 0.25938060879707336 3.025750160217285 1.2998766899108887 0.46356889605522156 0.3175147371421183 0.011858430691063404 3576
frame-000073.color.jpg 0.35988240076424005 0.6778469681739807 -0.5865241289138794 0.2588387131690979 3.0223138332366943 1.2659530639648438 0.5020808577537537 0.36521776548126583 0.014665775932371616 3428
frame-000074.color.jpg 0.3580738127980383 0.6788153052330017 -0.5886061191558838 0.25403887033462524 3.0291695594787598 1.2374370098114014 0.5084934234619141 0.298184928265012 0.01176509726792574 3391
frame-000075.color.jpg 0.35806301619755904 0.6800035834312439 -0.5886359810829163 0.250786155462265 3.0251214504241943 1.2317007780075073 0.5022459626197815 0.37729770208037383 0.014088398776948452 3412
frame-000076.color.jpg 0.35310223399505875 0.6806935667991638 -0.5908833146095276 0.25066301226615906 3.014023542404175 1.2097994089126587 0.5411773324012756 0.13091222144943776 0.008616655133664608 3380
frame-000077.color.jpg 0.353105691434818 0.6814311146736145 -0.5914261341094971 0.24735216796398163 3.0028326511383057 1.1824748516082764 0.5479415655136108 0.11729681296818593 0.008875387720763683 3522
frame-000078.color.jpg 0.3571282054664807 0.6857752799987793 -0.5861498713493347 0.24207445979118347 2.9739339351654053 1.1682133674621582 0.5234100818634033 0.11386160134163975 0.0071571506559848785 3523
frame-000079.color.jpg 0.3567377879256615 0.6876500844955444 -0.5846599340438843 0.24093207716941833 2.963643789291382 1.1696795225143433 0.5234417915344238 0.16542276608713213 0.008710112422704697 3536
frame-000080.color.jpg 0.35469359540253775 0.6916689276695251 -0.5818935036659241 0.23913706839084625 2.9376957416534424 1.158566951751709 0.5459331274032593 0.30143182944170677 0.010272251442074776 3545
frame-000081.color.jpg 0.35085789877825313 0.6956986784934998 -0.5792041420936584 0.23963426053524017 2.8980355262756348 1.1403368711471558 0.5896791815757751 0.32071385367504945 0.009212483651936054 3629
frame-000082.color.jpg 0.35041736404391377 0.6964272856712341 -0.5787839889526367 0.2391771525144577 2.8921759128570557 1.133984088897705 0.5924041867256165 0.37897720824468295 0.01039879024028778 3632
frame-000083.color.jpg 0.34713458964309135 0.6998681426048279 -0.5786388516426086 0.23422059416770935 2.873689889907837 1.1033827066421509 0.6080047488212585 0.4113013719764592 0.013449125923216343 3673
frame-000084.color.jpg 0.3436819907871797 0.7018909454345703 -0.5822961330413818 0.2239709496498108 2.86570405960083 1.028533697128296 0.6303795576095581 0.49584222519127713 0.018383027985692024 3601
frame-000085.color.jpg 0.3425161260021109 0.7023613452911377 -0.5839064717292786 0.2200557291507721 2.865656852722168 0.9837039709091187 0.6403484344482422 0.5783478687964164 0.020320594310760498 3472
frame-000086.color.jpg 0.3397961550455507 0.7036870718002319 -0.5846627354621887 0.21801991760730743 2.8609941005706787 0.9705804586410522 0.6519547700881958 0.5679348718807617 0.019314240664243698 3505
frame-000087.color.jpg 0.33659810175766547 0.7038695216178894 -0.5861412286758423 0.21842139959335327 2.850289821624756 0.9423107504844666 0.6765371561050415 0.9460736210439727 0.029162853956222534 3404
frame-000088.color.jpg 0.3332820840691483 0.6942780613899231 -0.5993918180465698 0.21824413537979126 2.8583385944366455 0.8213661909103394 0.7397192120552063 1.2954017251535708 0.038485150784254074 3177
frame-000089.color.jpg 0.32543006178447187 0.6901409029960632 -0.6077800989151001 0.22000941634178162 2.8588743209838867 0.7608844637870789 0.8132075667381287 1.1908619446468234 0.036294981837272644 3321
frame-000090.color.jpg 0.32015897689476147 0.6805322766304016 -0.622599720954895 0.21620284020900726 2.8791024684906006 0.6452860236167908 0.874144434928894 0.9444710879099585 0.030171111226081848 3244
frame-000091.color.jpg 0.3193497969858011 0.6759539246559143 -0.6281676888465881 0.21565592288970947 2.8887369632720947 0.5945907831192017 0.8941290974617004 1.0001545252836048 0.03092312067747116 3244
frame-000092.color.jpg 0.3126222013376481 0.6694722175598145 -0.6387781500816345 0.21456198394298553 2.8906478881835938 0.5131635069847107 0.966295063495636 0.8409533278186271 0.028134716674685478 3249
frame-000093.color.jpg 0.31199209737243894 0.6586240530014038 -0.6497399210929871 0.21613243222236633 2.8896281719207764 0.40947970747947693 1.0121113061904907 1.3293984581387803 0.03825804591178894 3125
frame-000094.color.jpg 0.29357241528127204 0.6320516467094421 -0.6792219877243042 0.23018115758895874 2.8268697261810303 0.22859179973602295 1.2377982139587402 0.7290809657119006 0.022868061438202858 3167
frame-000095.color.jpg 0.28498160298007064 0.6075267791748047 -0.7000855207443237 0.24408413469791412 2.755136013031006 0.09200791269540787 1.3910850286483765 1.1352152195399658 0.03081067092716694 3055
frame-000096.color.jpg 0.283050958944604 0.5863469839096069 -0.7163169384002686 0.2509371340274811 2.704319715499878 -0.017888309434056282 1.4760611057281494 1.03355863263661 0.02942739799618721 2946
frame-000097.color.jpg 0.2813313759842941 0.5740184783935547 -0.7269331812858582 0.25084587931632996 2.6702263355255127 -0.08298812061548233 1.520094871520996 0.5703121512378964 0.016295984387397766 3115
frame-000098.color.jpg 0.27851423355595 0.5595492124557495 -0.7363713383674622 0.2590205669403076 2.623927593231201 -0.1230577677488327 1.5904037952423096 0.28028676439053735 0.009143851697444916 3028
frame-000099.color.jpg 0.27370976279258596 0.5457411408424377 -0.7452622056007385 0.26801827549934387 2.55448317527771 -0.1593332439661026 1.6650012731552124 0.24590599334707325 0.008370406925678253 3074
frame-000100.color.jpg 0.27330144469065937 0.5389009118080139 -0.7490788102149963 0.2716118097305298 2.5233380794525146 -0.17770639061927795 1.6920350790023804 0.2600469928890855 0.00890243612229824 3146
frame-000101.color.jpg 0.26823244026247406 0.5257951617240906 -0.7573270797729492 0.2793683111667633 2.464728832244873 -0.21166390180587769 1.7562081813812256 0.3514052553496489 0.011589135974645615 3113
frame-000102.color.jpg 0.26441510654526845 0.5133033394813538 -0.7649828791618347 0.28531673550605774 2.3997697830200195 -0.24921461939811707 1.8115849494934082 0.5779162862182362 0.016782542690634727 3137
frame-000103.color.jpg 0.25934720957722907 0.5026156902313232 -0.772059440612793 0.2898977994918823 2.359006404876709 -0.2829517424106598 1.8589489459991455 0.6696019708721371 0.01829214207828045 3107
frame-000104.color.jpg 0.2559849886011092 0.49112415313720703 -0.7791535258293152 0.2935789227485657 2.306164264678955 -0.3187819719314575 1.898393988609314 0.7376014132580799 0.020929502323269844 3135
frame-000105.color.jpg 0.24744157081142693 0.47867757081985474 -0.7868533730506897 0.3008359968662262 2.2297885417938232 -0.3228892683982849 1.9534720182418823 0.65334451982192 0.01880631037056446 3242
frame-000106.color.jpg 0.24677229199958742 0.4740702509880066 -0.7889909148216248 0.30307427048683167 2.204263687133789 -0.31956353783607483 1.962561011314392 0.6150561335212681 0.018263861536979675 3296
frame-000107.color.jpg 0.24068624984008433 0.459829181432724 -0.7958481311798096 0.3118540942668915 2.121668577194214 -0.3033517003059387 2.0092811584472656 0.4292142100854788 0.01327607687562704 3157
frame-000108.color.jpg 0.2422477221934302 0.4488479197025299 -0.8007475733757019 0.31409379839897156 2.0730600357055664 -0.3040139973163605 2.002581834793091 0.39377043749157853 0.012467487715184689 3197
frame-000109.color.jpg 0.24130996516030612 0.4460444450378418 -0.8018833994865417 0.3159063458442688 2.0499675273895264 -0.2926328480243683 2.0006163120269775 0.38765560391541887 0.01176170352846384 3118
frame-000110.color.jpg 0.2391804088518111 0.444619745016098 -0.8022580146789551 0.31857213377952576 2.024287700653076 -0.26401302218437195 2.0007500648498535 0.11287435886209524 0.003938247449696064 3054
frame-000111.color.jpg 0.24278896658682061 0.4421229064464569 -0.801385760307312 0.3214990496635437 2.012049674987793 -0.2383842170238495 1.9748964309692383 0.24996336583789883 0.007024701684713364 3171
frame-000112.color.jpg 0.2480248121314497 0.440015584230423 -0.8011553883552551 0.32096728682518005 2.0103094577789307 -0.23892661929130554 1.9457969665527344 0.4256895389890613 0.011237136088311672 3159
frame-000113.color.jpg 0.24656538546696372 0.4440225660800934 -0.8008920550346375 0.31720858812332153 2.0141444206237793 -0.23020271956920624 1.9253908395767212 0.19727096435133631 0.004051596857607365 3223
frame-000114.color.jpg 0.24805391409789315 0.4459955096244812 -0.8004147410392761 0.314473420381546 2.016274929046631 -0.21562258899211884 1.8959099054336548 0.10675000037369455 0.0016373745165765285 3479
frame-000115.color.jpg 0.25634324385909335 0.44420960545539856 -0.8000848889350891 0.31117546558380127 2.0316109657287598 -0.19298772513866425 1.8395233154296875 0.08399706610322179 0.001499704085290432 3322
frame-000116.color.jpg 0.26437279861607765 0.44573286175727844 -0.7958799600601196 0.313056617975235 2.0526862144470215 -0.1476658433675766 1.7956575155258179 0.20571127723668703 0.0057748546823859215 3364
frame-000117.color.jpg 0.2757935819962953 0.4560135304927826 -0.7853111624717712 0.31508076190948486 2.095903158187866 -0.06587686389684677 1.7147873640060425 0.11884144957681374 0.009908684529364109 3618
frame-000118.color.jpg 0.28418129871474795 0.46791842579841614 -0.7759960889816284 0.31324663758277893 2.1201484203338623 0.00437377393245697 1.6392934322357178 0.16585308134505614 0.010889760218560696 3644
frame-000119.color.jpg 0.2900841979260174 0.48585426807403564 -0.762450635433197 0.31379246711730957 2.140681028366089 0.09464401751756668 1.5752980709075928 0.23869880975138752 0.007061646319925785 3778
frame-000120.color.jpg 0.28956062571097646 0.50392085313797 -0.7526922225952148 0.3093104362487793 2.146604061126709 0.16325069963932037 1.5208932161331177 0.23409931767561865 0.006871175952255726 3704
frame-000121.color.jpg 0.2916366048844551 0.5263440608978271 -0.74021977186203 0.2999744713306427 2.1550052165985107 0.24399088323116302 1.431816816329956 0.11884841316811598 0.003746261354535818 3724
frame-000122.color.jpg 0.2946973047208278 0.5412918329238892 -0.7290327548980713 0.29777151346206665 2.15847110748291 0.3345528244972229 1.3668135404586792 0.1739729489685848 0.007677158340811729 3659
frame-000123.color.jpg 0.32053502377494414 0.5716628432273865 -0.6928777098655701 0.30063140392303467 2.1885926723480225 0.5554705858230591 1.1740542650222778 0.30571734625906666 0.012526900507509708 3505
frame-000124.color.jpg 0.335065849395466 0.5839048027992249 -0.6755167245864868 0.30077099800109863 2.1940457820892334 0.6440153121948242 1.0798887014389038 0.10723057488493502 0.009939047507941723 3409
frame-000125.color.jpg 0.34408922449951185 0.5936427116394043 -0.6620975136756897 0.3013599216938019 2.1856017112731934 0.7151111364364624 1.0137819051742554 0.1209032862520849 0.008036179468035698 3233
frame-000126.color.jpg 0.35069881953938115 0.6054410338401794 -0.6450991630554199 0.30708077549934387 2.167410373687744 0.8125497698783875 0.9589466452598572 0.15808779658898633 0.006757823284715414 3352
frame-000127.color.jpg 0.36388140053082507 0.6203465461730957 -0.6236603260040283 0.30628126859664917 2.1491405963897705 0.9121819138526917 0.8532648682594299 0.2089318181520538 0.00641889963299036 3196
frame-000128.color.jpg 0.3673682855147381 0.6230606436729431 -0.6188620328903198 0.30634263157844543 2.133763551712036 0.9391581416130066 0.8234344720840454 0.31803689976808047 0.007585485931485891 3187
frame-000129.color.jpg 0.3719655807564712 0.6230565905570984 -0.6167016625404358 0.3051576614379883 2.1296064853668213 0.95613694190979 0.8012579679489136 0.33880003451468454 0.009883809834718704 3142
frame-000130.color.jpg 0.3806349712778984 0.6188536286354065 -0.6154533624649048 0.30553945899009705 2.113913059234619 0.9627389311790466 0.7689849734306335 0.3108086653159294 0.009535240940749645 2977
frame-000131.color.jpg 0.378052429633237 0.6124832034111023 -0.620052695274353 0.3122103214263916 2.0830087661743164 0.969656765460968 0.8071635961532593 0.5059378317539378 0.013558425009250641 2837
frame-000132.color.jpg 0.3737932206363027 0.6112895607948303 -0.6223072409629822 0.31517812609672546 2.0648961067199707 0.966288149356842 0.8275296688079834 0.25723452909620054 0.006456704810261726 2907
frame-000133.color.jpg 0.37132867024420246 0.6084936857223511 -0.6272397637367249 0.31372079253196716 2.036487340927124 0.9550191760063171 0.8360418081283569 0.23613868943182278 0.00681736133992672 2804
frame-000134.color.jpg 0.36164118048208543 0.6032617688179016 -0.6358801126480103 0.31772223114967346 2.0152339935302734 0.9499714374542236 0.8849385976791382 0.20120560688051323 0.0038361873012036085 2878
frame-000135.color.jpg 0.3487448378851784 0.5889042615890503 -0.6521564722061157 0.32597649097442627 1.9623593091964722 0.9495051503181458 0.9285188317298889 0.1869909293408721 0.004595011472702026 2847
frame-000136.color.jpg 0.340268345755075 0.5697048902511597 -0.663590669631958 0.34539997577667236 1.9224222898483276 0.9926356077194214 0.9587093591690063 0.06600841556245772 0.002884275745600462 2999
frame-000137.color.jpg 0.33832040009776376 0.5671063661575317 -0.6663112044334412 0.3463509976863861 1.9217592477798462 1.0090090036392212 0.960172176361084 0.13331025817834694 0.007936571724712849 2943
frame-000138.color.jpg 0.3392163374949919 0.5660075545310974 -0.6664838790893555 0.3469395935535431 1.9170225858688354 1.0217349529266357 0.9435957074165344 0.1604661831838185 0.0058127944357693195 2876
frame-000139.color.jpg 0.33590787851617243 0.5629289746284485 -0.6697543263435364 0.34886378049850464 1.9095747470855713 1.0312317609786987 0.9501582980155945 0.19736107749165555 0.007489935960620642 2894
frame-000140.color.jpg 0.3334075125509138 0.5552371144294739 -0.6768884658813477 0.3498188257217407 1.9112969636917114 1.019783616065979 0.955607533454895 0.27485001385248653 0.006699852645397186 2795
frame-000141.color.jpg 0.3329005923934078 0.5499262809753418 -0.6810961365699768 0.35052308440208435 1.90640389919281 1.0130304098129272 0.9570640325546265 0.37279244527080996 0.00899170245975256 2761
frame-000142.color.jpg 0.3283551672606433 0.5463560223579407 -0.685308039188385 0.3521801233291626 1.8951807022094727 1.0153788328170776 0.9721980094909668 0.4446030264919142 0.011014582589268684 2755
frame-000143.color.jpg 0.3175186830716487 0.5429130792617798 -0.6924550533294678 0.353458970785141 1.8772339820861816 1.0169970989227295 1.014814853668213 0.7176033664202232 0.018561575561761856 2789
frame-000144.color.jpg 0.30747318411810737 0.5425862669944763 -0.6983034610748291 0.35132983326911926 1.8545891046524048 1.0256448984146118 1.0486114025115967 1.2003902719824027 0.0305880606174469 2759
frame-000145.color.jpg 0.298214028046492 0.5379398465156555 -0.7061429023742676 0.3507866859436035 1.8237136602401733 1.0166133642196655 1.0922441482543945 0.6098703657547888 0.017574796453118324 2681
frame-000146.color.jpg 0.28097627618165577 0.5306714773178101 -0.716914176940918 0.35422319173812866 1.7813509702682495 1.0080147981643677 1.1576889753341675 0.9412447840224795 0.02335895039141178 2738
frame-000147.color.jpg 0.27013310566850257 0.5187000632286072 -0.7282871603965759 0.35717806220054626 1.7579745054244995 0.9976468682289124 1.2115504741668701 1.0858887672928974 0.03118504025042057 2745
frame-000148.color.jpg 0.2623136978845781 0.4958536624908447 -0.7413224577903748 0.3684583604335785 1.7198402881622314 0.9695574641227722 1.2637238502502441 1.0062706395202339 0.03295478597283363 2958
frame-000149.color.jpg 0.25476153976104005 0.481020450592041 -0.7484573125839233 0.37885022163391113 1.6952611207962036 0.949977457523346 1.297274112701416 1.2266249218627159 0.0457751601934433 3040
frame-000150.color.jpg 0.24172097738065704 0.45969662070274353 -0.7608584761619568 0.3890300393104553 1.6485036611557007 0.9243868589401245 1.3571422100067139 0.20156211073867616 0.00913859624415636 3107
frame-000151.color.jpg 0.23793938185102367 0.448089063167572 -0.7671235203742981 0.3925841450691223 1.624285340309143 0.9023005366325378 1.387863039970398 0.1734282413822763 0.006005923729389906 3106
frame-000152.color.jpg 0.2288205470269891 0.4300253689289093 -0.777768075466156 0.3972354829311371 1.5749210119247437 0.8665255308151245 1.4421343803405762 0.20193667724554262 0.006583828013390303 3400
frame-000153.color.jpg 0.22480166062377682 0.4198587238788605 -0.7834075093269348 0.3993188440799713 1.550787329673767 0.8443085551261902 1.4695942401885986 0.1371910596069571 0.005297776777297258 3444
frame-000154.color.jpg 0.22102403169985446 0.4084596037864685 -0.7888678908348083 0.4024878144264221 1.5200754404067993 0.8245079517364502 1.496356725692749 0.15378840594987486 0.006091418210417032 3607
frame-000155.color.jpg 0.218357576113277 0.3970797657966614 -0.7929791212081909 0.4072243869304657 1.4900686740875244 0.8081504702568054 1.5217249393463135 0.05378695597632358 0.0036895517259836197 3645
frame-000156.color.jpg 0.21642416604067627 0.3900243937969208 -0.7960155606269836 0.40914633870124817 1.4721125364303589 0.7936230301856995 1.5409919023513794 0.056920061799175616 0.003257991746068001 3641
frame-000157.color.jpg 0.21631697510780534 0.38330522179603577 -0.7989538908004761 0.40982526540756226 1.455666184425354 0.7724687457084656 1.558000922203064 0.13012513552908636 0.005089659243822098 3725
frame-000158.color.jpg 0.21411159396533488 0.3785248398780823 -0.8027046322822571 0.4080936908721924 1.4359781742095947 0.7408877611160278 1.5827972888946533 0.16403942599657975 0.0068086073733866215 3825
frame-000159.color.jpg 0.21969484685567625 0.37681081891059875 -0.8046042323112488 0.40293899178504944 1.4465246200561523 0.7105551362037659 1.5814377069473267 0.15458580385504742 0.008364157751202583 3855
frame-000160.color.jpg 0.22481908429883193 0.3798084259033203 -0.804095447063446 0.3982868492603302 1.4466103315353394 0.6839123964309692 1.5790550708770752 0.10481965151005275 0.0054707759991288185 3905
frame-000161.color.jpg 0.22525941476520855 0.38960352540016174 -0.8010227084159851 0.3947531282901764 1.4297575950622559 0.6778945326805115 1.5913249254226685 0.1731277397392222 0.0066108061000704765 3953
frame-000162.color.jpg 0.22352616896360822 0.39876407384872437 -0.7967072129249573 0.39532387256622314 1.4123516082763672 0.6839298605918884 1.6075091361999512 0.21005198251614912 0.008282718248665333 3896
frame-000163.color.jpg 0.22631376735407166 0.4057340919971466 -0.7924191355705261 0.395264208316803 1.4071975946426392 0.688179075717926 1.6096550226211548 0.19079775928716253 0.007410221733152866 3888
frame-000164.color.jpg 0.23521957571717841 0.4167906939983368 -0.7847509384155273 0.3938567042350769 1.4112719297409058 0.6814509630203247 1.6154865026474 0.24620734876377362 0.008554159663617611 3699
frame-000165.color.jpg 0.23834518959565543 0.41781821846961975 -0.7841731309890747 0.39203569293022156 1.4065606594085693 0.6581370234489441 1.631967306137085 0.27739564670049144 0.009274117648601532 3613
frame-000166.color.jpg 0.23740163709236722 0.4150529205799103 -0.7865496873855591 0.3907827138900757 1.3941725492477417 0.6257205605506897 1.655476450920105 0.2232781102353499 0.006485388148576021 3452
frame-000167.color.jpg 0.23733678784403694 0.4100731313228607 -0.7895821332931519 0.3899632692337036 1.3832955360412598 0.5925456285476685 1.6890052556991577 0.24325379887584556 0.008993003517389297 3422
frame-000168.color.jpg 0.23553737958586426 0.40297752618789673 -0.7932018637657166 0.3911035358905792 1.3695557117462158 0.5587665438652039 1.7322955131530762 0.25489676345063145 0.00938828568905592 3384
frame-000169.color.jpg 0.23478899999958508 0.39355403184890747 -0.797073483467102 0.3932725191116333 1.3604464530944824 0.5192677974700928 1.7827372550964355 0.25187584548592884 0.008261024951934814 3334
frame-000170.color.jpg 0.23454669399302064 0.38691574335098267 -0.7987424731254578 0.39660385251045227 1.3499928712844849 0.4998539984226227 1.823663592338562 0.2509283435015747 0.010029644705355167 3345
frame-000171.color.jpg 0.23298659504455682 0.384550005197525 -0.7994225025177002 0.3984496593475342 1.344527244567871 0.4835599958896637 1.8542619943618774 0.2185553145687638 0.009932644665241241 3366
frame-000172.color.jpg 0.23043733858171445 0.38236892223358154 -0.8008081912994385 0.3992478847503662 1.337022304534912 0.4638507068157196 1.8817427158355713 0.24374327797941217 0.010292556136846542 3523
frame-000173.color.jpg 0.22346261089140806 0.37933212518692017 -0.8034360408782959 0.4008268117904663 1.3107695579528809 0.4265677034854889 1.9412330389022827 0.3184780606193546 0.01181948371231556 3628
frame-000174.color.jpg 0.2219092683940003 0.377789705991745 -0.8047806024551392 0.40044882893562317 1.2988755702972412 0.3977699279785156 1.973654866218567 0.2664678509565735 0.010452755726873875 3737
frame-000175.color.jpg 0.21299393400053407 0.37320154905319214 -0.808638334274292 0.4018186330795288 1.258965253829956 0.35375651717185974 2.0358941555023193 0.2547669898564012 0.009394790045917034 3787
frame-000176.color.jpg 0.20986727356751703 0.3678973615169525 -0.8121435046195984 0.4012855291366577 1.2324239015579224 0.31376132369041443 2.072176933288574 0.17986617492268933 0.00682960357517004 3835
frame-000177.color.jpg 0.20995841826269826 0.356140673160553 -0.8180047869682312 0.3999367356300354 1.2104542255401611 0.2557680308818817 2.1119279861450195 0.10036201259158722 0.004478029906749725 3850
frame-000178.color.jpg 0.2095949941569328 0.3521728515625 -0.8198240399360657 0.39991599321365356 1.1965998411178589 0.23312950134277344 2.1385183334350586 0.14680781921598962 0.006048405077308416 3769
frame-000179.color.jpg 0.20942795854560667 0.3486503064632416 -0.8188910484313965 0.40496960282325745 1.1807104349136353 0.2388228476047516 2.1642115116119385 0.15123586287142063 0.006231651175767183 3638
frame-000180.color.jpg 0.21084739115208118 0.3489465117454529 -0.8155579566955566 0.41066408157348633 1.1730934381484985 0.2557692527770996 2.188476085662842 0.16524875634585548 0.006173336878418922 3625
frame-000181.color.jpg 0.21334462305312726 0.35081619024276733 -0.8131202459335327 0.4126105308532715 1.169907569885254 0.2469654679298401 2.213139057159424 0.14380102853708984 0.00532603170722723 3467
frame-000182.color.jpg 0.21363204878127215 0.35351645946502686 -0.8130793571472168 0.41023075580596924 1.1674374341964722 0.21492403745651245 2.232724189758301 0.21049775908119825 0.007484018802642822 3551
frame-000183.color.jpg 0.21426296954458815 0.3653828203678131 -0.8148698806762695 0.39569416642189026 1.177871823310852 0.12780778110027313 2.2419016361236572 0.10336077246212694 0.0036246723029762506 3794
frame-000184.color.jpg 0.21047879385592305 0.3735007345676422 -0.8116697072982788 0.3967217206954956 1.1588329076766968 0.11709848791360855 2.2685718536376953 0.1378737316784146 0.004298599436879158 3803
frame-000185.color.jpg 0.20657750785585036 0.3795604109764099 -0.8095462322235107 0.39735931158065796 1.1404553651809692 0.10625671595335007 2.288760185241699 0.07778602957940672 0.0024436290841549635 3815
frame-000186.color.jpg 0.2096948862232929 0.38151678442955017 -0.808609664440155 0.3957567512989044 1.1440379619598389 0.07915980368852615 2.3051860332489014 0.12164478866385439 0.004926461726427078 3895
frame-000187.color.jpg 0.21245893767947724 0.38377997279167175 -0.8081579208374023 0.39300736784935 1.1535298824310303 0.04631108418107033 2.3193037509918213 0.20075566816893864 0.007318067830055952 3963
frame-000188.color.jpg 0.21314208629632841 0.38568082451820374 -0.8072413802146912 0.3926602602005005 1.159889817237854 0.04174485057592392 2.3210525512695312 0.21551181162307517 0.008238174952566624 3955
frame-000189.color.jpg 0.21194240138081033 0.391169011592865 -0.807500422000885 0.3873116075992584 1.169871211051941 -0.001321120886132121 2.330669403076172 0.22296182712005336 0.008699123747646809 3799
frame-000190.color.jpg 0.21420148839122197 0.3954945206642151 -0.8103011250495911 0.3756512403488159 1.1956580877304077 -0.10424762964248657 2.3450465202331543 0.19114685932698686 0.007265398744493723 3975
frame-000191.color.jpg 0.21324667513907994 0.39377355575561523 -0.8119005560874939 0.3745473027229309 1.1868557929992676 -0.12022603303194046 2.3506486415863037 0.20792431188862404 0.007063334342092276 4012
frame-000192.color.jpg 0.20964068601540484 0.38418105244636536 -0.8165624737739563 0.3764059841632843 1.1432067155838013 -0.16069665551185608 2.382028579711914 0.13462496287186862 0.006929000373929739 3920
frame-000193.color.jpg 0.19806468593833076 0.36418163776397705 -0.829587459564209 0.3740679621696472 1.0361846685409546 -0.26643839478492737 2.4276046752929688 0.22294062952124252 0.0077895307913422585 3685
frame-000194.color.jpg 0.1970822486228559 0.35671186447143555 -0.8358150124549866 0.3678702116012573 1.0117876529693604 -0.3372725248336792 2.4275078773498535 0.23438071613333786 0.006767877843230963 3752
frame-000195.color.jpg 0.1911025305431982 0.34868237376213074 -0.843183159828186 0.3618597686290741 0.9693484306335449 -0.41747426986694336 2.4375874996185303 0.3429888881470329 0.009704812429845333 3642
frame-000196.color.jpg 0.18720464350217644 0.34182867407798767 -0.8478071689605713 0.3596256375312805 0.9360299110412598 -0.46603432297706604 2.4497926235198975 0.38865766737185375 0.011152823455631733 3363
frame-000197.color.jpg 0.1716811001047209 0.3367309272289276 -0.8544157147407532 0.3565272092819214 0.8471723794937134 -0.5419877767562866 2.470425605773926 0.3344806068753126 0.008754819631576538 3011
frame-000198.color.jpg 0.16649438717331508 0.33577677607536316 -0.8558516502380371 0.35644277930259705 0.8208045959472656 -0.5536297559738159 2.473416805267334 0.2892756135033915 0.00732682878151536 2934
frame-000199.color.jpg 0.1545462134491217 0.3203093707561493 -0.8639099597930908 0.35661864280700684 0.6902820467948914 -0.6184309720993042 2.4960412979125977 0.560605598653662 0.016438418999314308 2569
frame-000200.color.jpg 0.1510438561285974 0.31722933053970337 -0.8635010123252869 0.3618248403072357 0.6238515973091125 -0.6115817427635193 2.4989871978759766 0.44646347930837577 0.009191416203975677 2374
frame-000201.color.jpg 0.15218893927168856 0.32060328125953674 -0.8638842701911926 0.35742974281311035 0.6176487803459167 -0.6371743679046631 2.487039804458618 0.5203380049584403 0.013220448978245258 2340
frame-000202.color.jpg 0.14434444626600335 0.33133113384246826 -0.8613389730453491 0.3570428490638733 0.5273233652114868 -0.6499062776565552 2.448195219039917 0.9299398604507564 0.02110437862575054 1958
frame-000203.color.jpg 0.13688848152733316 0.3217938244342804 -0.8632671236991882 0.36397823691368103 0.41358259320259094 -0.6005268096923828 2.4317898750305176 0.5268224158017212 0.011700459755957127 1982
frame-000204.color.jpg 0.13634337073649913 0.3205680251121521 -0.8627965450286865 0.36637240648269653 0.398465096950531 -0.5910191535949707 2.4276981353759766 0.7627279716672644 0.018414363265037537 1953
frame-000205.color.jpg 0.1344089346620029 0.3135961890220642 -0.8644794821739197 0.36914342641830444 0.35353147983551025 -0.5785192847251892 2.4256772994995117 0.8943733045343546 0.020092632621526718 1977
frame-000206.color.jpg 0.13195052502627896 0.30879005789756775 -0.867490291595459 0.3670128881931305 0.30976659059524536 -0.565747857093811 2.408862352371216 0.4644688718167343 0.00929831713438034 1976
frame-000207.color.jpg 0.13571495415948673 0.2994364798069 -0.870023250579834 0.3673945367336273 0.27179625630378723 -0.5385769009590149 2.3883414268493652 0.3852102094295692 0.007445493247359991 1911
frame-000208.color.jpg 0.1328996995681569 0.2976123094558716 -0.8696956634521484 0.37066712975502014 0.2482067346572876 -0.5119591355323792 2.3798317909240723 0.56618415565827 0.012530124746263027 2019
frame-000209.color.jpg 0.13079121718840742 0.2951399087905884 -0.8704460859298706 0.3716311454772949 0.21825283765792847 -0.4914253354072571 2.3728151321411133 0.28961301417621954 0.0114020686596632 1938
frame-000210.color.jpg 0.1289893859079945 0.29995957016944885 -0.8645263910293579 0.3820734918117523 0.17459143698215485 -0.3713039457798004 2.322786569595337 0.30853157096009703 0.011528726667165756 2312
frame-000211.color.jpg 0.1271399502978763 0.30487191677093506 -0.8629921674728394 0.38227325677871704 0.17435388267040253 -0.34566330909729004 2.2918546199798584 0.2785525900324417 0.007712497375905514 2400
frame-000212.color.jpg 0.1298952013390159 0.3065398335456848 -0.8596251010894775 0.3875632584095001 0.17587001621723175 -0.27892541885375977 2.2516160011291504 0.3340214634166144 0.0034080236218869686 2508
frame-000213.color.jpg 0.13404603773616874 0.30789610743522644 -0.8606557846069336 0.3827574849128723 0.18532128632068634 -0.2648158669471741 2.2263848781585693 0.5471456436770941 0.01073600072413683 2652
frame-000214.color.jpg 0.1427182794875831 0.3139650821685791 -0.859923779964447 0.3762825131416321 0.22500258684158325 -0.2535531520843506 2.1912858486175537 0.3436466407001904 0.0053146290592849255 2689
frame-000215.color.jpg 0.14432580842282652 0.31769001483917236 -0.8593059182167053 0.3739470839500427 0.234047532081604 -0.23677532374858856 2.1728355884552 0.5675690298733429 0.012376903556287289 2710
frame-000216.color.jpg 0.15904073675533276 0.3220038414001465 -0.8564853668212891 0.37074586749076843 0.2883472442626953 -0.20609091222286224 2.1371731758117676 0.4611338718719169 0.009828505106270313 2636
frame-000217.color.jpg 0.16691189354648275 0.32731151580810547 -0.8528079986572266 0.37111473083496094 0.3202891945838928 -0.17762163281440735 2.115230083465576 0.46428050800603005 0.008527197875082493 2599
frame-000218.color.jpg 0.17550702553957775 0.3458192050457001 -0.8452012538909912 0.36775141954421997 0.36434319615364075 -0.1432020515203476 2.080533027648926 0.46829938064149496 0.007728471886366606 2785
frame-000219.color.jpg 0.1802540121178046 0.3562428057193756 -0.8401069641113281 0.3671780824661255 0.38474589586257935 -0.11599350720643997 2.05806827545166 0.435179126345442 0.008225087076425552 2773
frame-000220.color.jpg 0.18588473787984572 0.37181979417800903 -0.8331977128982544 0.3646622598171234 0.4174366295337677 -0.09165526926517487 2.026951313018799 0.49765041105233226 0.01039000041782856 2760
frame-000221.color.jpg 0.19238330079828675 0.39500585198402405 -0.8212766051292419 0.3639555871486664 0.4589272737503052 -0.041765764355659485 1.985487461090088 0.4821507908348692 0.008512125350534916 2983
frame-000222.color.jpg 0.21584127662761665 0.41575533151626587 -0.8004156351089478 0.3740251362323761 0.5322777032852173 0.10200198739767075 1.9295703172683716 0.2315831400184094 0.0069091771729290485 3025
frame-000223.color.jpg 0.21784800945350966 0.4157029092311859 -0.7988396286964417 0.37628260254859924 0.5325971841812134 0.11778659373521805 1.9241588115692139 0.1558319932134574 0.004735215567052364 3137
frame-000224.color.jpg 0.22482698300784354 0.4216248691082001 -0.791146457195282 0.38180163502693176 0.5386910438537598 0.19709976017475128 1.8968479633331299 0.1414202407038776 0.006445504724979401 3203
frame-000225.color.jpg 0.22663330733576423 0.4197554886341095 -0.7908251881599426 0.3834556043148041 0.5276783108711243 0.2282487154006958 1.8807783126831055 0.12391317186045232 0.005375081207603216 3214
frame-000226.color.jpg 0.2278769816422571 0.42124196887016296 -0.7900948524475098 0.3825931251049042 0.5305776596069336 0.2544468343257904 1.8617339134216309 0.27122980014896825 0.00849946029484272 3183
frame-000227.color.jpg 0.2246439150152143 0.4293437600135803 -0.7870798707008362 0.3817123472690582 0.529283881187439 0.2797074615955353 1.8328205347061157 0.19154795951795323 0.0069563500583171844 3029
frame-000228.color.jpg 0.21970763948970012 0.43761885166168213 -0.7804148197174072 0.38880717754364014 0.5067941546440125 0.337600976228714 1.8079404830932617 0.30619898131725837 0.00820892583578825 3071
frame-000229.color.jpg 0.21902899630808667 0.4423433840274811 -0.7763135433197021 0.3920407295227051 0.5001896619796753 0.3796892464160919 1.7699412107467651 0.19957216447246204 0.004573152866214514 2884
frame-000230.color.jpg 0.22182150849814175 0.4398302733898163 -0.7737928628921509 0.39823251962661743 0.4778093993663788 0.43085676431655884 1.739498496055603 0.2177504995050394 0.0020102541893720627 2720
frame-000231.color.jpg 0.2339417345112905 0.4380567669868469 -0.7757067680358887 0.3894311189651489 0.5119041204452515 0.4431662857532501 1.6946196556091309 0.21503812733196423 0.00198942213319242 2690
frame-000232.color.jpg 0.2394563454183364 0.440936803817749 -0.7752676606178284 0.3836604952812195 0.5301510095596313 0.45701953768730164 1.6597411632537842 0.2206683643225968 0.0016328726196661592 2680
frame-000233.color.jpg 0.24934987903262265 0.45094791054725647 -0.7691298723220825 0.37803423404693604 0.5609441995620728 0.49174943566322327 1.6164898872375488 0.26644021003477614 0.004902875050902367 2693
frame-000234.color.jpg 0.2561137064247425 0.45908454060554504 -0.7613565921783447 0.3794512450695038 0.5708903074264526 0.532511293888092 1.582984209060669 0.2755550974821581 0.006494341883808374 2755
frame-000235.color.jpg 0.26161318135610917 0.4750417470932007 -0.749984860420227 0.37870389223098755 0.5812747478485107 0.5821905732154846 1.5379613637924194 0.3041015796335355 0.003889665240421891 2825
frame-000236.color.jpg 0.2672033141278081 0.4855113625526428 -0.7404342293739319 0.38031333684921265 0.5756005644798279 0.6254613995552063 1.5010883808135986 0.2199296900360305 0.0027809173334389925 3012
frame-000237.color.jpg 0.27286394731871255 0.4987090528011322 -0.7303566932678223 0.37870001792907715 0.5764070153236389 0.6637435555458069 1.4633432626724243 0.17282039456678483 0.0008629073272459209 3096
frame-000238.color.jpg 0.27273974052861016 0.5078497529029846 -0.7242042422294617 0.3784573972225189 0.5649217367172241 0.6805475354194641 1.4412270784378052 0.19208475635782069 0.003121609566733241 3202
frame-000239.color.jpg 0.2750724148743597 0.5110868811607361 -0.721786618232727 0.3770272433757782 0.5697665214538574 0.6867737174034119 1.4301793575286865 0.0923970381837871 0.00458938255906105 3264
frame-000240.color.jpg 0.2823906118573216 0.5259132981300354 -0.7100688219070435 0.3734607398509979 0.5753397941589355 0.7173885107040405 1.4013409614562988 0.13410522816471296 0.002627554116770625 3332
frame-000241.color.jpg 0.2838444557135892 0.5330294966697693 -0.7051897048950195 0.37150973081588745 0.5736889839172363 0.7296091914176941 1.3856515884399414 0.08610974233108458 0.002698312746360898 3411
frame-000242.color.jpg 0.289441500641618 0.5391384363174438 -0.7014212012290955 0.3654610812664032 0.5866416096687317 0.7399488687515259 1.366370439529419 0.17895100961518698 0.005867718253284693 3423
frame-000243.color.jpg 0.2894549651941362 0.5440946817398071 -0.6998693943023682 0.361053466796875 0.5844961404800415 0.7418646812438965 1.3533530235290527 0.12242603157081428 0.00488479807972908 3488
frame-000244.color.jpg 0.29335452273147106 0.5419249534606934 -0.7007565498352051 0.35944488644599915 0.588124692440033 0.750506579875946 1.3350653648376465 0.088391125565468 0.002437036484479904 3486
frame-000245.color.jpg 0.29238225383747246 0.5397423505783081 -0.7018305063247681 0.3614203929901123 0.5730463862419128 0.7652511596679688 1.3242366313934326 0.0577477153079372 0.004098824691027403 3479
frame-000246.color.jpg 0.2915638547096913 0.5358496308326721 -0.7038794159889221 0.36388126015663147 0.5622302293777466 0.7777244448661804 1.3115122318267822 0.04035444848846131 0.0033058449625968933 3558
frame-000247.color.jpg 0.29189098917277184 0.5306999683380127 -0.7064318060874939 0.36621224880218506 0.5540387630462646 0.8031216859817505 1.2869794368743896 0.0794431575360348 0.003922639414668083 3618
frame-000248.color.jpg 0.2831369371333261 0.5301668643951416 -0.70875084400177 0.3693626821041107 0.5270573496818542 0.8212440013885498 1.273026943206787 0.07394709640999594 0.003789914771914482 3727
frame-000249.color.jpg 0.28014752230490725 0.5252220034599304 -0.7128074169158936 0.3708973526954651 0.5154426097869873 0.8382914066314697 1.260523796081543 0.15709393736368338 0.006852771155536175 3687
frame-000250.color.jpg 0.27879198053645465 0.5205682516098022 -0.7157217860221863 0.3728620409965515 0.5103198885917664 0.8555737733840942 1.2404147386550903 0.1859829294895531 0.0065542361699044704 3627
frame-000251.color.jpg 0.2756627222496063 0.5193706750869751 -0.7171667218208313 0.3740803003311157 0.5025561451911926 0.8654507398605347 1.2276960611343384 0.15753576522561857 0.005142331123352051 3565
frame-000252.color.jpg 0.2739053619132602 0.516257643699646 -0.719205379486084 0.3757626414299011 0.49595481157302856 0.8762521743774414 1.2137248516082764 0.21153740191828146 0.006138924974948168 3563
frame-000253.color.jpg 0.27392599890904307 0.514890730381012 -0.719961941242218 0.37617406249046326 0.495536744594574 0.8804470896720886 1.2079850435256958 0.25126139526489216 0.006552699953317642 3649
frame-000254.color.jpg 0.27351403768773497 0.5117142796516418 -0.7211825847625732 0.37846294045448303 0.49572139978408813 0.9004501700401306 1.1883727312088013 0.18034419478309768 0.005054072942584753 3630
frame-000255.color.jpg 0.2688830668433318 0.5112046003341675 -0.7214549779891968 0.3819350600242615 0.47911742329597473 0.9208800792694092 1.1620874404907227 0.19262606218975742 0.0050020175985991955 3698
frame-000256.color.jpg 0.27064554866729507 0.5077441930770874 -0.723611056804657 0.38122686743736267 0.4818826913833618 0.929236650466919 1.1431753635406494 0.16455278408181498 0.005099948961287737 3649
frame-000257.color.jpg 0.27198385060261887 0.5065339207649231 -0.7239907383918762 0.38116341829299927 0.4829308092594147 0.9313279390335083 1.1374984979629517 0.21599587460007338 0.0062436447478830814 3664
frame-000258.color.jpg 0.27366458764648094 0.5060468912124634 -0.7248977422714233 0.37887662649154663 0.4869580566883087 0.9352309107780457 1.1259385347366333 0.15754665083960828 0.0034260607790201902 3714
frame-000259.color.jpg 0.28279884223520635 0.514232873916626 -0.7184323668479919 0.37342238426208496 0.47210201621055603 0.9629246592521667 1.0806472301483154 0.14714019062843273 0.0023419978097081184 3820
frame-000260.color.jpg 0.2801409994585671 0.5245617628097534 -0.7134225368499756 0.37065389752388 0.45003342628479004 0.9737160205841064 1.0743799209594727 0.17735235848322053 0.0029126377776265144 3793
frame-000261.color.jpg 0.28320622109259236 0.5349043607711792 -0.705455482006073 0.36878731846809387 0.4408794343471527 0.9893501400947571 1.0573946237564087 0.15848973721338572 0.005310189910233021 3613
frame-000262.color.jpg 0.27738503154568117 0.5536360740661621 -0.6943435668945312 0.3666493594646454 0.4014192223548889 1.0007755756378174 1.0438930988311768 0.17334286401765114 0.004523400217294693 3699
frame-000263.color.jpg 0.280407052428084 0.5620888471603394 -0.6894769072532654 0.3606238067150116 0.4051354229450226 1.0077792406082153 1.0238295793533325 0.24334870115271173 0.004449734464287758 3507
frame-000264.color.jpg 0.28241634217357064 0.5694609880447388 -0.6858661770820618 0.354320228099823 0.4004058837890625 1.0155562162399292 1.0037511587142944 0.22958755084200208 0.004433619789779186 3484
frame-000265.color.jpg 0.2862158965339661 0.5732259154319763 -0.6839036345481873 0.3489532768726349 0.40341290831565857 1.0312138795852661 0.9794002771377563 0.29171914035939 0.005494529847055674 3409
frame-000266.color.jpg 0.28470918124463795 0.5733428597450256 -0.6837712526321411 0.35025060176849365 0.39220646023750305 1.0472996234893799 0.9634252190589905 0.3657796285817787 0.00649070693179965 3423
frame-000267.color.jpg 0.2868543349641649 0.5713977813720703 -0.6850861310958862 0.34910789132118225 0.39299237728118896 1.0843955278396606 0.9272890686988831 0.35823605816946985 0.006927883252501488 3214
frame-000268.color.jpg 0.28564793357828805 0.5655502676963806 -0.6865702867507935 0.3566223382949829 0.37473511695861816 1.1352639198303223 0.8919063806533813 0.3449777004951231 0.007520975545048714 3211
frame-000269.color.jpg 0.28210138913198385 0.5564337372779846 -0.692504346370697 0.3622678816318512 0.35968053340911865 1.1721607446670532 0.8536849617958069 0.4159227420019133 0.00877505261451006 3350
frame-000270.color.jpg 0.27830676677952665 0.5410327911376953 -0.7003718614578247 0.37324002385139465 0.3458242416381836 1.2435193061828613 0.783998429775238 0.2760686423303785 0.00627761660143733 3441
frame-000271.color.jpg 0.2782242115417947 0.5394695401191711 -0.6986892223358154 0.37867826223373413 0.333919882774353 1.2753196954727173 0.7538378834724426 0.2952638217756415 0.005897525232285261 3458
frame-000272.color.jpg 0.28020874488129105 0.5378099083900452 -0.6965491771697998 0.38348743319511414 0.32403671741485596 1.3098819255828857 0.7137194871902466 0.26315929131436344 0.006028876639902592 3544
frame-000273.color.jpg 0.284347135575322 0.5340834856033325 -0.6997511386871338 0.379802405834198 0.3299277126789093 1.321614146232605 0.6841097474098206 0.37297771415204656 0.008881519548594952 3580
frame-000274.color.jpg 0.2890253264576408 0.5356522798538208 -0.703098714351654 0.36768639087677 0.3305738568305969 1.3211650848388672 0.6680126190185547 0.4054043574017995 0.00929331686347723 3498
frame-000275.color.jpg 0.2869823499581179 0.5390454530715942 -0.7034570574760437 0.3636198341846466 0.31170979142189026 1.3254181146621704 0.6615639925003052 0.33187432941799744 0.007625347003340721 3465
frame-000276.color.jpg 0.2965381969666976 0.5483160614967346 -0.6940354704856873 0.3601793646812439 0.26991507411003113 1.348198413848877 0.6263589859008789 0.24186996519740395 0.0056782010942697525 3166
frame-000277.color.jpg 0.2918237178810532 0.5585957169532776 -0.6870005130767822 0.36171817779541016 0.20101985335350037 1.3587502241134644 0.6223064064979553 0.30588972849433016 0.007168229669332504 3150
frame-000278.color.jpg 0.2955164750265128 0.570838451385498 -0.6776750087738037 0.357169508934021 0.14199399948120117 1.378184199333191 0.616364061832428 0.27092345549252256 0.006589007563889027 3038
frame-000279.color.jpg 0.2850219386385556 0.5760790705680847 -0.6781623959541321 0.3563584089279175 0.1026865616440773 1.3795312643051147 0.6324847340583801 0.24901458319307532 0.005630642641335726 3194
frame-000280.color.jpg 0.28887924743264215 0.5754440426826477 -0.6835317611694336 0.34379836916923523 0.10253170877695084 1.4143770933151245 0.63760906457901 0.19382087838704687 0.004615515936166048 3233
frame-000281.color.jpg 0.2909621758096008 0.5723657608032227 -0.6858476996421814 0.3425659239292145 0.11548981815576553 1.4363521337509155 0.6317686438560486 0.11631868185427251 0.003352263243868947 3068
frame-000282.color.jpg 0.2954137489385044 0.5711369514465332 -0.6846689581871033 0.34316423535346985 0.12008359283208847 1.44829261302948 0.6193734407424927 0.10151844899543501 0.0020369533449411392 3041
frame-000283.color.jpg 0.30237037235195546 0.5636231303215027 -0.6846261024475098 0.3495542109012604 0.11105627566576004 1.4829587936401367 0.5815920829772949 0.45551289298926084 0.012609993107616901 3017
frame-000284.color.jpg 0.30031139032349197 0.5624964833259583 -0.6849675178527832 0.35246315598487854 0.10720182955265045 1.5001667737960815 0.5659435391426086 0.3657396079421107 0.00958186760544777 3322
frame-000285.color.jpg 0.2921842295254285 0.5596768856048584 -0.6895048022270203 0.3549272418022156 0.09548494964838028 1.5116256475448608 0.5598693490028381 0.4696494102196303 0.011150449514389038 3500
frame-000286.color.jpg 0.29208355951322185 0.5565922856330872 -0.6909085512161255 0.357124000787735 0.08943914622068405 1.5233378410339355 0.5402407050132751 0.5121041051922841 0.014276782050728798 3528
frame-000287.color.jpg 0.2844576506614055 0.557643473148346 -0.6924941539764404 0.3585657477378845 0.06849095970392227 1.5303207635879517 0.5409793257713318 0.6802264902086506 0.01890755072236061 3493
frame-000288.color.jpg 0.27512249933925015 0.5584211349487305 -0.6949359774589539 0.3599129319190979 0.05171502009034157 1.5297707319259644 0.5432542562484741 0.6282467229124437 0.0158336590975523 3475
frame-000289.color.jpg 0.27021540010921785 0.5614306330680847 -0.698250949382782 0.3524554669857025 0.049594249576330185 1.5228749513626099 0.5596411824226379 0.6955191770386033 0.01694647967815399 3412
frame-000290.color.jpg 0.2761367494270707 0.5656192302703857 -0.6974955797195435 0.3425249457359314 0.04055086895823479 1.5231986045837402 0.5625494122505188 0.9143019289026006 0.02266557328402996 3324
frame-000291.color.jpg 0.2768690277101922 0.5659310221672058 -0.6978158354759216 0.3407619297504425 0.03883424028754234 1.5239249467849731 0.5650189518928528 0.8799812421794915 0.021733734756708145 3333
frame-000292.color.jpg 0.2837037416619479 0.5774921178817749 -0.689042866230011 0.3335190713405609 -0.06002691388130188 1.5033400058746338 0.5894910097122192 0.7810798361934423 0.019518211483955383 3516
frame-000293.color.jpg 0.2803727242226205 0.5807204842567444 -0.6883420944213867 0.332174688577652 -0.1056598648428917 1.4906028509140015 0.6118521094322205 0.3862608045817082 0.0106866005808115 3523
frame-000294.color.jpg 0.28559629560333005 0.5919882655143738 -0.6773800849914551 0.3303649425506592 -0.20928634703159332 1.4558216333389282 0.6331977844238281 0.2490576454013581 0.006019711494445801 3708
frame-000295.color.jpg 0.2960646693112166 0.5963894128799438 -0.6732141375541687 0.32163360714912415 -0.2201429307460785 1.4463051557540894 0.6450810432434082 0.2424338026494738 0.006011104676872492 3703
frame-000296.color.jpg 0.30833266445181373 0.5958030819892883 -0.6723524928092957 0.3128766417503357 -0.21305905282497406 1.4516870975494385 0.6502116322517395 0.17056703245027566 0.002824010793119669 3683
frame-000297.color.jpg 0.3251643672783162 0.5908377170562744 -0.6681511998176575 0.3142498731613159 -0.22831441462039948 1.4715557098388672 0.619063675403595 0.1982447598959524 0.0031729794573038816 3834
frame-000298.color.jpg 0.33449992909235393 0.5885578393936157 -0.6645074486732483 0.31644773483276367 -0.24072225391864777 1.4817367792129517 0.5907577276229858 0.2352863832090257 0.005893342662602663 3725
frame-000299.color.jpg 0.3388856122039141 0.597205638885498 -0.6523100137710571 0.32092639803886414 -0.2926681935787201 1.4666231870651245 0.5767046213150024 0.37564642380724395 0.00918904971331358 3764
frame-000300.color.jpg 0.3526083282463034 0.6065547466278076 -0.6367546916007996 0.3198469579219818 -0.3399640917778015 1.4685779809951782 0.5703776478767395 0.1607962600795873 0.003566779661923647 3639
frame-000301.color.jpg 0.34929278964316957 0.6092303395271301 -0.6348322033882141 0.322212815284729 -0.35534563660621643 1.4614722728729248 0.5740064978599548 0.1111038524332876 0.0034652352333068848 3673
frame-000302.color.jpg 0.36295683903875026 0.6270533204078674 -0.6228725910186768 0.2951206564903259 -0.38498184084892273 1.4050897359848022 0.655683159828186 0.08597219806265213 0.0021756256464868784 3965
frame-000303.color.jpg 0.3661129726593539 0.6387404799461365 -0.614398181438446 0.2837018668651581 -0.407438725233078 1.3704500198364258 0.7009394764900208 0.10926386350390964 0.002413666807115078 3926
frame-000304.color.jpg 0.36631153374415354 0.6472547054290771 -0.608496904373169 0.2767830491065979 -0.4245380759239197 1.3475375175476074 0.730298638343811 0.09307310017959275 0.0018976740539073944 3888
frame-000305.color.jpg 0.36715861411692935 0.6649530529975891 -0.5938616394996643 0.2652551829814911 -0.4821663200855255 1.3144854307174683 0.7912305593490601 0.23675442031332886 0.005446502938866615 3994
frame-000306.color.jpg 0.36543141535991136 0.6684984564781189 -0.5892694592475891 0.2689446210861206 -0.5240413546562195 1.3017511367797852 0.8002534508705139 0.23709003339758508 0.005648857448250055 3999
frame-000307.color.jpg 0.3684652352358566 0.6661774516105652 -0.5876421332359314 0.27407601475715637 -0.5780250430107117 1.3006032705307007 0.8055620789527893 0.26730636339889835 0.007242802530527115 3726
frame-000308.color.jpg 0.36279698968629776 0.6619636416435242 -0.5917733311653137 0.28281939029693604 -0.6343991756439209 1.2942684888839722 0.7982841730117798 0.27470815402507653 0.008491499349474907 3753
frame-000309.color.jpg 0.3624947019367309 0.6569885015487671 -0.5965848565101624 0.2846931517124176 -0.6598997712135315 1.3003947734832764 0.7973877191543579 0.36207192975994607 0.011413056403398514 3739
frame-000310.color.jpg 0.35897554931305986 0.6503308415412903 -0.6030287146568298 0.2907966375350952 -0.707784116268158 1.3102596998214722 0.7911639213562012 0.4417809310650824 0.013746523298323154 3502
frame-000311.color.jpg 0.35551479694577937 0.6418105363845825 -0.6105724573135376 0.2981436252593994 -0.7311612367630005 1.3191601037979126 0.7749830484390259 0.36772636589736457 0.012579263187944889 3488
frame-000312.color.jpg 0.34793168352292825 0.6307982802391052 -0.6228247284889221 0.3051663041114807 -0.7754917740821838 1.3240020275115967 0.7596287131309509 0.39888310088959755 0.013373544439673424 3447
frame-000313.color.jpg 0.34385057861330753 0.6220129132270813 -0.6328684687614441 0.30715513229370117 -0.7926216125488281 1.3306570053100586 0.7476571202278137 0.44979559776713707 0.014010355807840824 3414
frame-000314.color.jpg 0.3350053091065516 0.6060125231742859 -0.6487762928009033 0.3156099021434784 -0.8166719675064087 1.3497799634933472 0.7080470323562622 0.2957133869612458 0.013778223656117916 3470
frame-000315.color.jpg 0.329685993817212 0.5991272926330566 -0.6541839838027954 0.3231053650379181 -0.8389557003974915 1.364526391029358 0.6835289001464844 0.10647309756783135 0.010503962635993958 3608
frame-000316.color.jpg 0.3261447279398793 0.5918755531311035 -0.6599245667457581 0.3283480107784271 -0.8477051258087158 1.3759756088256836 0.6572399735450745 0.2518157611655739 0.010600120760500431 3639
frame-000317.color.jpg 0.32536738860257525 0.5837802290916443 -0.6663403511047363 0.3306465446949005 -0.8602149486541748 1.3974803686141968 0.6355398297309875 0.18306956032385177 0.009175893850624561 3613
frame-000318.color.jpg 0.32038630496247145 0.5793132185935974 -0.6710957288742065 0.3337353467941284 -0.8758119940757751 1.4092493057250977 0.6082817912101746 0.2631682559376491 0.0101605961099267 3626
frame-000319.color.jpg 0.31829900670667427 0.5787801742553711 -0.6722227931022644 0.3343886137008667 -0.9014387130737305 1.4149466753005981 0.590218186378479 0.2024927240130904 0.008276648819446564 3692
frame-000320.color.jpg 0.3180305969640727 0.5784738659858704 -0.6726841926574707 0.3342461585998535 -0.919005811214447 1.424302577972412 0.5732882022857666 0.3413831000009923 0.009007441811263561 3688
frame-000321.color.jpg 0.31897720674493946 0.581828236579895 -0.6699365377426147 0.3330380618572235 -0.9477325081825256 1.4255273342132568 0.5572561025619507 0.32609975132029545 0.009135810658335686 3687
frame-000322.color.jpg 0.31926281095630515 0.5857681035995483 -0.6678933501243591 0.32994750142097473 -0.9848083257675171 1.4385992288589478 0.5463578701019287 0.37990027095841317 0.009982076473534107 3715
frame-000323.color.jpg 0.3223028950200156 0.5806828737258911 -0.6680575013160706 0.3355999290943146 -1.008895754814148 1.4537298679351807 0.5012096166610718 0.298516752728713 0.009247221983969212 3760
frame-000324.color.jpg 0.32062626117100596 0.5814743041992188 -0.6704561710357666 0.3310210108757019 -1.0237483978271484 1.454813838005066 0.4969315528869629 0.19850916292202592 0.006410063710063696 3676
frame-000325.color.jpg 0.32589443000574186 0.5841341018676758 -0.6693328022956848 0.3233785331249237 -1.0359082221984863 1.469317078590393 0.504671037197113 0.23830732785415473 0.008793826214969158 3722
frame-000326.color.jpg 0.32714219873194245 0.5875265002250671 -0.6659029126167297 0.32305407524108887 -1.0573350191116333 1.4794983863830566 0.4995925724506378 0.24448101845105288 0.008408023044466972 3788
frame-000327.color.jpg 0.33666612634111337 0.5946535468101501 -0.6558565497398376 0.32077300548553467 -1.09371817111969 1.4644966125488281 0.5078534483909607 0.1856953811935382 0.007745020557194948 3789
frame-000328.color.jpg 0.33725717024756263 0.5967380404472351 -0.6529012322425842 0.32230645418167114 -1.143540620803833 1.4637874364852905 0.4955144226551056 0.09054043401884028 0.005802229046821594 3796
frame-000329.color.jpg 0.33316743997469345 0.590803325176239 -0.6593105792999268 0.3244384825229645 -1.1724377870559692 1.4713551998138428 0.47045350074768066 0.1727525595825475 0.007419942878186703 3640
frame-000330.color.jpg 0.3299682403707324 0.5817124247550964 -0.6688032746315002 0.3247056305408478 -1.174024224281311 1.4953428506851196 0.4491158723831177 0.19056761392864482 0.007195292506366968 3542
frame-000331.color.jpg 0.3221903834115213 0.5757584571838379 -0.676771879196167 0.3266119062900543 -1.1878763437271118 1.5008695125579834 0.4317498803138733 0.11258670384437455 0.005896483547985554 3536
frame-000332.color.jpg 0.31612104586531153 0.5693592429161072 -0.6862455010414124 0.3239826261997223 -1.1883180141448975 1.5130702257156372 0.4298161268234253 0.15243223987365712 0.0023329821415245533 3530
frame-000333.color.jpg 0.3025587635987414 0.5619853734970093 -0.7021422982215881 0.31563717126846313 -1.1866546869277954 1.5160273313522339 0.4412221312522888 0.06811729649965866 0.0019018728053197265 3471
frame-000334.color.jpg 0.29321092412133304 0.5599280595779419 -0.7123103141784668 0.3051586449146271 -1.186611533164978 1.5139694213867188 0.46903595328330994 0.5509351713668347 0.011712281964719296 3385
frame-000335.color.jpg 0.28015587610676823 0.5640367865562439 -0.7177529335021973 0.2969945967197418 -1.1982579231262207 1.4849587678909302 0.5000273585319519 0.16788855775899927 0.0033260416239500046 3588
frame-000336.color.jpg 0.2695930353313299 0.5702121257781982 -0.7215576767921448 0.28553852438926697 -1.213511347770691 1.4438987970352173 0.5435419678688049 0.16626532061406343 0.003752044402062893 3560
frame-000337.color.jpg 0.2628474196500728 0.5730021595954895 -0.7243961691856384 0.2789803743362427 -1.2223347425460815 1.4279032945632935 0.566446840763092 0.2514318298290251 0.004845777992159128 3554
frame-000338.color.jpg 0.25457916883883314 0.575938880443573 -0.7271766662597656 0.27330896258354187 -1.2384657859802246 1.397407054901123 0.588106095790863 0.25464343280153273 0.0054089827463030815 3648
frame-000339.color.jpg 0.24912464127874256 0.5788636803627014 -0.7287887334823608 0.2678071856498718 -1.2490150928497314 1.3686275482177734 0.6092579364776611 0.18151433158592514 0.00635177968069911 3574
frame-000340.color.jpg 0.24761123977247923 0.5796011090278625 -0.7307374477386475 0.26224812865257263 -1.2541135549545288 1.3541191816329956 0.6226546764373779 0.364240568182278 0.008975515142083168 3257
frame-000341.color.jpg 0.24602397887664418 0.5796982049942017 -0.7314935922622681 0.2614179849624634 -1.2785929441452026 1.3362047672271729 0.6348634958267212 0.36916540137812165 0.0074819582514464855 3588
frame-000342.color.jpg 0.24066276167679554 0.578227162361145 -0.7349804639816284 0.25988152623176575 -1.299844741821289 1.3226912021636963 0.6363333463668823 0.3433052913242484 0.006970616523176432 3676
frame-000343.color.jpg 0.23308536504696786 0.5729988217353821 -0.7408713102340698 0.26163578033447266 -1.3339035511016846 1.311768651008606 0.6267721056938171 0.42802098137356287 0.009680728428065777 3606
frame-000344.color.jpg 0.22663760331040908 0.5637745261192322 -0.7495771646499634 0.26254093647003174 -1.3453973531723022 1.3323081731796265 0.6128018498420715 0.18008598161595946 0.0014905097195878625 3384
frame-000345.color.jpg 0.2135986254262598 0.5377339124679565 -0.7710146903991699 0.2659965455532074 -1.3394618034362793 1.4063644409179688 0.5698490738868713 0.6524491247104136 0.014492705464363098 3452
frame-000346.color.jpg 0.20534646417888908 0.5126311182975769 -0.7877840995788574 0.27283409237861633 -1.3361492156982422 1.480942726135254 0.5146512389183044 1.214052678034838 0.025294363498687744 3265
frame-000347.color.jpg 0.1982780450138569 0.48424988985061646 -0.802905261516571 0.28553634881973267 -1.3094375133514404 1.5511890649795532 0.4300191402435303 0.563977951195503 0.011726574040949345 3533
frame-000348.color.jpg 0.19164754421630656 0.4607243537902832 -0.8162932991981506 0.29098019003868103 -1.293119192123413 1.6131889820098877 0.380068838596344 0.5017989505603216 0.012388349510729313 3368
frame-000349.color.jpg 0.18656066063214463 0.4507318437099457 -0.8217852115631104 0.294457346200943 -1.294080376625061 1.6363893747329712 0.34665727615356445 0.5313995496801288 0.011230365373194218 3366
frame-000350.color.jpg 0.17569749581999378 0.4369805157184601 -0.8297712206840515 0.2994297444820404 -1.3148690462112427 1.6681641340255737 0.2870579957962036 0.17894199163104843 0.007018972188234329 3231
frame-000351.color.jpg 0.16950194741757177 0.43770429491996765 -0.8298308849334717 0.30176934599876404 -1.349190592765808 1.6671079397201538 0.2661353647708893 0.032703902906319776 0.00531576294451952 3145
frame-000352.color.jpg 0.17011882429913822 0.44181114435195923 -0.8275158405303955 0.3017948269844055 -1.3827494382858276 1.6634931564331055 0.2635442316532135 0.25843162646995105 0.009474608115851879 3200
frame-000353.color.jpg 0.16837445728732905 0.4490261673927307 -0.8239036798477173 0.3020069897174835 -1.435341477394104 1.6556264162063599 0.26629146933555603 0.23849798618153328 0.008562514558434486 3115
frame-000354.color.jpg 0.16467015117794787 0.45020169019699097 -0.8219185471534729 0.3076557517051697 -1.4634604454040527 1.6518725156784058 0.23035597801208496 0.17037498674072193 0.005506349261850119 3085
frame-000355.color.jpg 0.16778877096527609 0.44879966974258423 -0.8203993439674377 0.31204280257225037 -1.4805195331573486 1.665114164352417 0.21467562019824982 0.08151197114282141 0.004272867925465107 3101
frame-000356.color.jpg 0.16872790856726752 0.4525943398475647 -0.8175813555717468 0.3134484887123108 -1.5143214464187622 1.6588826179504395 0.20865322649478912 0.05598559987324664 0.005814803298562765 3126
frame-000357.color.jpg 0.1709792391108204 0.44892415404319763 -0.8187209367752075 0.3145301640033722 -1.5255529880523682 1.6875730752944946 0.1935473531484604 0.14835342966018267 0.004951816983520985 3139
frame-000358.color.jpg 0.17372018232048977 0.44686251878738403 -0.8180961012840271 0.31757497787475586 -1.5347764492034912 1.7034516334533691 0.17393817007541656 0.20789757810132578 0.004050872288644314 3031
frame-000359.color.jpg 0.18865790535357044 0.44865044951438904 -0.8084118366241455 0.33104559779167175 -1.5734275579452515 1.7132107019424438 0.13771481812000275 0.14043793410322547 0.002835793187841773 3150
frame-000360.color.jpg 0.19871968946635332 0.4525328576564789 -0.8007189035415649 0.33848732709884644 -1.5995980501174927 1.7179851531982422 0.11930135637521744 0.3730650925486551 0.008729967288672924 3426
frame-000361.color.jpg 0.20508535196254193 0.4567718207836151 -0.792225182056427 0.3488248884677887 -1.6441890001296997 1.7169264554977417 0.09354641288518906 0.11465691817354956 0.0009530898532830179 3444
frame-000362.color.jpg 0.20930812741953966 0.4563930630683899 -0.7881758213043213 0.355913370847702 -1.6658202409744263 1.7191479206085205 0.0748974084854126 0.08963211224072115 0.004115001764148474 3433
frame-000363.color.jpg 0.21467771225482055 0.455372154712677 -0.7846892476081848 0.36167994141578674 -1.6749372482299805 1.7275288105010986 0.05576315149664879 0.19145863345021413 0.005590550601482391 3444
frame-000364.color.jpg 0.217988669752497 0.4560413658618927 -0.7811639904975891 0.3664560914039612 -1.6864731311798096 1.7256824970245361 0.03999781981110573 0.1391985082329194 0.003071689745411277 3408
frame-000365.color.jpg 0.2218819525925719 0.45692965388298035 -0.7787412405014038 0.3681654632091522 -1.6923694610595703 1.727946400642395 0.041728388518095016 0.3692682544220685 0.009559275582432747 3397
frame-000366.color.jpg 0.2255508136705982 0.45784687995910645 -0.7762323617935181 0.37008973956108093 -1.692967414855957 1.7290979623794556 0.03778606653213501 0.1375133591584171 0.003786978079006076 3414
frame-000367.color.jpg 0.2303635612645593 0.4602930247783661 -0.7723670601844788 0.37217217683792114 -1.7028021812438965 1.7286924123764038 0.039880067110061646 0.13811297506235015 0.004802010487765074 3332
frame-000368.color.jpg 0.23125587620975452 0.4590420722961426 -0.7711613178253174 0.37564772367477417 -1.7035199403762817 1.7372266054153442 0.020790018141269684 0.22237905990542053 0.004191513638943434 3278
frame-000369.color.jpg 0.2338077503812505 0.4553338587284088 -0.7702503204345703 0.380420058965683 -1.7021207809448242 1.749125599861145 -0.001563051133416593 0.13717390409275274 0.0057911681942641735 3180
frame-000370.color.jpg 0.23252888297346316 0.4538200795650482 -0.7704781293869019 0.3825457692146301 -1.703887701034546 1.7568016052246094 -0.0202974583953619 0.21829646107139086 0.005957531742751598 3231
frame-000371.color.jpg 0.22503176349642437 0.451066792011261 -0.7730787992477417 0.3850305676460266 -1.710311770439148 1.7702046632766724 -0.056135885417461395 0.16210253375835224 0.0037052612751722336 3145
frame-000372.color.jpg 0.21673478387454623 0.44187721610069275 -0.7782899737358093 0.3899169862270355 -1.6996084451675415 1.8061765432357788 -0.11921337991952896 0.16468599945105666 0.0056625488214194775 3062
frame-000373.color.jpg 0.21051503728226717 0.43064478039741516 -0.7837135791778564 0.3949955403804779 -1.6784828901290894 1.8540490865707397 -0.18793661892414093 0.14574308343783454 0.0089586041867733 2843
frame-000374.color.jpg 0.20331271755582725 0.42047119140625 -0.7877098917961121 0.4017227292060852 -1.6602778434753418 1.8954402208328247 -0.2802683413028717 0.09424700559265563 0.01065805647522211 2911
frame-000375.color.jpg 0.2032328807646723 0.41900476813316345 -0.7898055911064148 0.39917227625846863 -1.6644258499145508 1.9244970083236694 -0.2993781268596649 0.2812995533784033 0.01723148673772812 2811
frame-000376.color.jpg 0.2052110096647021 0.41952386498451233 -0.7909287214279175 0.3953731656074524 -1.6788660287857056 1.9538670778274536 -0.3163076341152191 0.22568407105091334 0.014835432171821594 2932
frame-000377.color.jpg 0.21093257330219453 0.4260925054550171 -0.7884238958358765 0.39030808210372925 -1.722798466682434 1.9659773111343384 -0.3105568587779999 0.29218706167838876 0.013720566406846046 2926
frame-000378.color.jpg 0.21825264281920922 0.43716713786125183 -0.7808757424354553 0.38920924067497253 -1.7980326414108276 1.950545310974121 -0.31869933009147644 0.15977946902775453 0.006083169486373663 2791
frame-000379.color.jpg 0.23384414443376297 0.45951521396636963 -0.766207218170166 0.38352203369140625 -1.9179631471633911 1.9188910722732544 -0.2690267562866211 0.14687135865156925 0.007721828296780586 2719
frame-000380.color.jpg 0.24157869547577507 0.4762895107269287 -0.7551430463790894 0.3801933825016022 -2.0383265018463135 1.8852845430374146 -0.2503015100955963 0.17609293563329365 0.0013428757665678859 2798
frame-000381.color.jpg 0.25064435893071735 0.4776747524738312 -0.7542668581008911 0.37428024411201477 -2.075160264968872 1.9156875610351562 -0.232109934091568 0.4361918619724551 0.006017427891492844 2609
frame-000382.color.jpg 0.25104709731918784 0.479738712310791 -0.756995677947998 0.3657645583152771 -2.1159026622772217 1.958473801612854 -0.22972247004508972 0.1808885555238624 0.0032808049581944942 2840
frame-000383.color.jpg 0.25349432459418214 0.47755110263824463 -0.7588422298431396 0.3631034195423126 -2.134643316268921 1.9966773986816406 -0.24688300490379333 0.1966444545775463 0.003594629466533661 2867
frame-000384.color.jpg 0.24819560975931063 0.4724368453025818 -0.7601795792579651 0.3705798089504242 -2.165196418762207 2.0324041843414307 -0.34921541810035706 0.12305827763629003 0.0020504521671682596 2768
frame-000385.color.jpg 0.23941710897316754 0.4727969467639923 -0.7600102424621582 0.3762008547782898 -2.211857557296753 2.0303850173950195 -0.4334968030452728 0.2997747348356118 0.012101775035262108 2947
frame-000386.color.jpg 0.23685791290641917 0.46924224495887756 -0.7610852122306824 0.38007795810699463 -2.231614828109741 2.0557501316070557 -0.49809300899505615 0.21893001447776245 0.009661918506026268 2878
frame-000387.color.jpg 0.23038374575651258 0.4568818211555481 -0.7711678743362427 0.37879061698913574 -2.2292892932891846 2.1553735733032227 -0.5723604559898376 0.23515612936711944 0.007330482825636864 3089
frame-000388.color.jpg 0.220082446887469 0.4487191140651703 -0.7783347368240356 0.38001301884651184 -2.240461826324463 2.2122185230255127 -0.6635750532150269 0.09596237025010732 0.0031974755693227053 3256
frame-000389.color.jpg 0.22070755749526494 0.4468226432800293 -0.7796405553817749 0.3792073130607605 -2.257880926132202 2.2387142181396484 -0.6859865188598633 0.23845809894399747 0.00745207816362381 3308
frame-000390.color.jpg 0.227042101805421 0.4518653452396393 -0.7759580016136169 0.37703970074653625 -2.3262929916381836 2.2458629608154297 -0.6912739276885986 0.18735020796338536 0.006906992755830288 3447
frame-000391.color.jpg 0.23811386690895975 0.45963943004608154 -0.7681543827056885 0.37679219245910645 -2.4333760738372803 2.2429285049438477 -0.6920256018638611 0.14924950512256338 0.00639866478741169 3420
frame-000392.color.jpg 0.23757498783429462 0.47749629616737366 -0.7586528658866882 0.3741675913333893 -2.5622005462646484 2.1863343715667725 -0.6535523533821106 0.4326713263421366 0.012954231351613998 3391
frame-000393.color.jpg 0.24842552189974723 0.49603739380836487 -0.7445516586303711 0.3713145852088928 -2.6917974948883057 2.1071128845214844 -0.5850285887718201 0.18205416999440738 0.005651758052408695 3253
frame-000394.color.jpg 0.25536253878680654 0.5029296278953552 -0.7398201823234558 0.36676663160324097 -2.748157262802124 2.109358787536621 -0.5491251945495605 0.4653888662814233 0.01313172746449709 3052
frame-000395.color.jpg 0.2582561834312743 0.507621169090271 -0.7365599870681763 0.36483415961265564 -2.7963924407958984 2.1022822856903076 -0.5347577333450317 0.45801140820416325 0.015762893483042717 3061
frame-000396.color.jpg 0.2626698280512546 0.5060957670211792 -0.7375829815864563 0.36172229051589966 -2.810636520385742 2.1454522609710693 -0.5347750782966614 0.36967144902651083 0.013437269255518913 3106
frame-000397.color.jpg 0.2641075576989682 0.5024769306182861 -0.7380399107933044 0.36477571725845337 -2.8415231704711914 2.1752941608428955 -0.6031700968742371 0.4468699822856973 0.012436478398740292 2915
frame-000398.color.jpg 0.2608697169084536 0.5035909414291382 -0.73607337474823 0.3695119619369507 -2.8844246864318848 2.1698098182678223 -0.6687170267105103 0.40470895876692753 0.010228783823549747 3002
frame-000399.color.jpg 0.2578207172530117 0.5213983654975891 -0.7277273535728455 0.36343514919281006 -3.0081229209899902 2.0948033332824707 -0.6268169283866882 0.6039951224081085 0.015141986310482025 2866
frame-000400.color.jpg 0.25393883922348226 0.5295025706291199 -0.7248414754867554 0.36020416021347046 -3.0827269554138184 2.0745856761932373 -0.6306444406509399 0.5103780950446808 0.014077531173825264 3016
frame-000401.color.jpg 0.2538469426686798 0.531504213809967 -0.7302485704421997 0.34612417221069336 -3.090559720993042 2.136594772338867 -0.5567324757575989 0.5447296777016136 0.012635224498808384 3107
frame-000402.color.jpg 0.2568003167538604 0.5315978527069092 -0.7315096259117126 0.34110239148139954 -3.1229758262634277 2.167776346206665 -0.5484222769737244 0.3843170021130313 0.010160859674215317 3045
frame-000403.color.jpg 0.26930614944853837 0.5314050316810608 -0.7279444336891174 0.33938145637512207 -3.1535654067993164 2.1771349906921387 -0.525199294090271 1.067959520721614 0.025293542072176933 2688
frame-000404.color.jpg 0.2710953794283206 0.5382499098777771 -0.724289059638977 0.3349621891975403 -3.2096779346466064 2.1706228256225586 -0.4817284643650055 0.2793907022683699 0.00567008089274168 2889
frame-000405.color.jpg 0.2727736885423498 0.5481933951377869 -0.7121852040290833 0.34332308173179626 -3.3268775939941406 2.0642647743225098 -0.5060625672340393 0.444597743767478 0.010070313699543476 2619
frame-000406.color.jpg 0.26819741364958793 0.5539787411689758 -0.7086439728736877 0.34496569633483887 -3.38677978515625 2.0219051837921143 -0.5077147483825684 0.14490343707738576 0.003919513896107674 2812
frame-000407.color.jpg 0.2683096124008004 0.5608014464378357 -0.7039623260498047 0.34343671798706055 -3.458829641342163 1.9811033010482788 -0.4863014221191406 0.07490979289721073 0.004725771956145763 2358
frame-000408.color.jpg 0.26718952911717636 0.5607762932777405 -0.7031146883964539 0.3460772633552551 -3.492422580718994 1.9687471389770508 -0.5090432167053223 0.12697863279710545 0.0037787100300192833 2101
frame-000409.color.jpg 0.27122618645078883 0.5633451342582703 -0.7019917368888855 0.34100785851478577 -3.5261952877044678 1.9700220823287964 -0.46217021346092224 0.21107333592090405 0.006043836008757353 1896
frame-000410.color.jpg 0.26911648627361356 0.5626367926597595 -0.7025665640830994 0.3426606357097626 -3.5225589275360107 1.9671443700790405 -0.48293569684028625 0.2573623816997267 0.006418918259441853 1899
frame-000411.color.jpg 0.27157865201038217 0.56063312292099 -0.7037215828895569 0.34163057804107666 -3.530695676803589 1.9868345260620117 -0.47616276144981384 0.3826293050578035 0.00973174162209034 1710
frame-000412.color.jpg 0.26753275960534206 0.5557539463043213 -0.7070255875587463 0.3459458649158478 -3.519141435623169 1.9963278770446777 -0.5421830415725708 0.8282720144074406 0.01883527636528015 1501
frame-000413.color.jpg 0.2654071274043922 0.5544267892837524 -0.7092714309692383 0.34511446952819824 -3.5184221267700195 2.0135557651519775 -0.5494523048400879 0.6555290597784134 0.014928272925317287 1611
frame-000414.color.jpg 0.26421206983500134 0.5547382831573486 -0.7100518345832825 0.3439241945743561 -3.5200865268707275 2.0199127197265625 -0.5419832468032837 0.5580466789532873 0.012151076458394527 1709
