frame-000000.color.jpg 0.023133196974220782 -0.007680937182158232 0.9456143975257874 -0.3243752121925354 -0.5055315494537354 4.4910359382629395 -1.9048867225646973 0.30563639784523144 0.005867043975740671 3812
frame-000001.color.jpg 0.027028205285434995 -0.006159873679280281 0.9453422427177429 -0.32489919662475586 -0.49114909768104553 4.4864349365234375 -1.9200985431671143 0.10439487911072275 0.0027018501423299313 3617
frame-000002.color.jpg 0.019202915616713497 -0.011221380904316902 0.9466904997825623 -0.32137569785118103 -0.549018919467926 4.499814510345459 -1.880374550819397 0.2797445914447412 0.004719179589301348 3766
frame-000003.color.jpg 0.015016305308998473 -0.01482563279569149 0.9471890330314636 -0.31998082995414734 -0.5887876152992249 4.500444412231445 -1.8630421161651611 0.17985386190588482 0.0036559535656124353 3864
frame-000004.color.jpg 0.013080299399042908 -0.016701428219676018 0.948424756526947 -0.3162917196750641 -0.6054585576057434 4.514648914337158 -1.8278478384017944 0.35492386998926323 0.005849663633853197 3853
frame-000005.color.jpg 0.01253591523834724 -0.01821077987551689 0.9487175345420837 -0.3153509795665741 -0.6223458051681519 4.510406970977783 -1.8178229331970215 0.32300700964760193 0.0063355411402881145 3997
frame-000006.color.jpg 0.015147659004177775 -0.015791885554790497 0.9500774145126343 -0.31124579906463623 -0.5982685089111328 4.52687931060791 -1.7835888862609863 0.312864418853971 0.004973597824573517 3861
frame-000007.color.jpg 0.014868859881579535 -0.016197873279452324 0.9501441717147827 -0.3110346496105194 -0.6033163666725159 4.527946472167969 -1.780808925628662 0.33557994716656736 0.005236877594143152 3873
frame-000008.color.jpg 0.014739651173200983 -0.01595217175781727 0.950039803981781 -0.3113720417022705 -0.6009660363197327 4.523684024810791 -1.7850120067596436 0.3135946621257806 0.005788879469037056 3922
frame-000009.color.jpg 0.014438322162689603 -0.01673928275704384 0.9503564834594727 -0.3103770911693573 -0.6086365580558777 4.527748107910156 -1.776797890663147 0.27038098906203545 0.005170132499188185 3970
frame-000010.color.jpg 0.013271852097259064 -0.01845487207174301 0.9505364298820496 -0.30978018045425415 -0.6256154775619507 4.528566360473633 -1.768208384513855 0.17860613842295422 0.003224034095183015 3944
frame-000011.color.jpg 0.013903960587658712 -0.018763301894068718 0.9511964321136475 -0.30770114064216614 -0.625338077545166 4.534677982330322 -1.7506985664367676 0.2757682207286037 0.004492366686463356 3974
frame-000012.color.jpg 0.010894873761804586 -0.020723341032862663 0.9514790177345276 -0.3068215847015381 -0.6442215442657471 4.532259464263916 -1.7375597953796387 0.26997627367328575 0.004885979928076267 4069
frame-000013.color.jpg 0.007696508871755324 -0.027456266805529594 0.9517022967338562 -0.30569544434547424 -0.7035664319992065 4.5242486000061035 -1.718280553817749 0.3251993136081909 0.005843838676810265 4146
frame-000014.color.jpg 0.008227092595597783 -0.03151161968708038 0.9522800445556641 -0.3034830689430237 -0.7390357255935669 4.523477077484131 -1.6973779201507568 0.2690429389953741 0.0051297470927238464 4170
frame-000015.color.jpg 0.0018093138982435782 -0.03809468075633049 0.9515154361724854 -0.30522775650024414 -0.7966057062149048 4.506489276885986 -1.7017804384231567 0.26568333969737407 0.006205637473613024 4245
frame-000016.color.jpg 0.003422209893118372 0.048957839608192444 -0.9512372016906738 0.3045313060283661 -0.8966597318649292 4.487980842590332 -1.6787320375442505 0.23899301481380053 0.0053880345076322556 4357
frame-000017.color.jpg 0.005792184070724125 0.06781704723834991 -0.950493335723877 0.3031992018222809 -1.0616329908370972 4.447179317474365 -1.6500517129898071 0.2640955608391841 0.006119487341493368 4449
frame-000018.color.jpg 0.01461950115705961 0.08749400079250336 -0.9496780037879944 0.3004043698310852 -1.2330743074417114 4.411482334136963 -1.595057487487793 0.026525549904900286 0.003479565726593137 4429
frame-000019.color.jpg 0.02009848122701727 0.10438936203718185 -0.9482039213180542 0.2993462383747101 -1.3756067752838135 4.369347095489502 -1.5594464540481567 0.059711348003569586 0.0042489091865718365 4402
frame-000020.color.jpg 0.02846722224615127 0.11983001232147217 -0.9464552402496338 0.29841724038124084 -1.5044405460357666 4.325304985046387 -1.5179611444473267 0.1473100915840368 0.005031473934650421 4376
frame-000021.color.jpg 0.03135282099746687 0.1424763947725296 -0.9450178146362305 0.29267534613609314 -1.6919054985046387 4.284488677978516 -1.4385573863983154 0.40020575635019995 0.006719884462654591 3881
frame-000022.color.jpg 0.05491778266002004 0.17112717032432556 -0.9332122206687927 0.31115028262138367 -1.944740653038025 4.1202569007873535 -1.5135571956634521 0.11887121159251354 0.003963790833950043 4237
frame-000023.color.jpg 0.06167079731039781 0.1797199845314026 -0.9330374002456665 0.30551376938819885 -2.0121402740478516 4.111094951629639 -1.4316856861114502 0.06818577848423729 0.0034838486462831497 4323
frame-000024.color.jpg 0.06593276572201706 0.20901046693325043 -0.9238860607147217 0.3136911392211914 -2.2540488243103027 3.968324661254883 -1.4443161487579346 0.12532962236022338 0.002593645127490163 4322
frame-000025.color.jpg 0.06756478834896763 0.21993210911750793 -0.9178864359855652 0.32334065437316895 -2.335829973220825 3.89034366607666 -1.5027732849121094 0.18679065271976 0.0010993484174832702 4330
frame-000026.color.jpg 0.0787636719255097 0.22122722864151 -0.914488673210144 0.3294924795627594 -2.339292049407959 3.875117301940918 -1.5181092023849487 0.1373817312745489 0.00229837279766798 4143
frame-000027.color.jpg 0.09555254692680627 0.25245150923728943 -0.901265561580658 0.33890748023986816 -2.5988314151763916 3.722855567932129 -1.4961113929748535 0.21108746320670688 0.003152746707201004 3936
frame-000028.color.jpg 0.10743200825370203 0.29427462816238403 -0.885232150554657 0.34383851289749146 -2.9428279399871826 3.520297050476074 -1.428175687789917 0.19653889347031525 0.0047380984760820866 3661
frame-000029.color.jpg 0.12202207372223882 0.33095765113830566 -0.8653496503829956 0.35601621866226196 -3.214970827102661 3.2930307388305664 -1.4064265489578247 0.26141737963259865 0.0057471743784844875 3608
frame-000030.color.jpg 0.11673200368728298 0.33796676993370056 -0.8609036207199097 0.361935019493103 -3.233802318572998 3.249433994293213 -1.4665448665618896 0.33388003047602755 0.00668574683368206 3552
frame-000031.color.jpg 0.10651888994271622 0.32921600341796875 -0.863572359085083 0.3667605519294739 -3.10491943359375 3.2983248233795166 -1.5724729299545288 0.25605797565081295 0.005067639052867889 3633
frame-000032.color.jpg 0.1079058364272558 0.3177427351474762 -0.8652081489562988 0.3725731074810028 -2.9939076900482178 3.352297067642212 -1.6494182348251343 0.22420979072682196 0.005149243399500847 3621
frame-000033.color.jpg 0.11678871437111882 0.30884161591529846 -0.8703842759132385 0.3652513325214386 -2.9159159660339355 3.4340479373931885 -1.5887293815612793 0.28104459522329145 0.006790689658373594 3720
frame-000034.color.jpg 0.1274115471285054 0.2948685586452484 -0.8770861029624939 0.3571258783340454 -2.8218629360198975 3.5308420658111572 -1.5111372470855713 0.241277126121788 0.005748344119638205 3781
frame-000035.color.jpg 0.1273160104547249 0.3048229515552521 -0.8784130215644836 0.3453463613986969 -2.9464120864868164 3.462650775909424 -1.3352396488189697 0.14365476643931638 0.00419503403827548 3926
frame-000036.color.jpg 0.12380741955745334 0.3138020634651184 -0.8794262409210205 0.33587127923965454 -3.0438997745513916 3.396653175354004 -1.2091890573501587 0.1365124296201061 0.0030051986686885357 3994
frame-000037.color.jpg 0.12964071393594195 0.3233391046524048 -0.879869818687439 0.32322490215301514 -3.1419262886047363 3.3412692546844482 -1.0176928043365479 0.2060259195057572 0.0031326611060649157 4180
frame-000038.color.jpg 0.12174591365952071 0.3231884837150574 -0.8794561624526978 0.3275422155857086 -3.168842315673828 3.2861430644989014 -1.0508103370666504 0.12439087155574331 0.001164114335551858 4372
frame-000039.color.jpg 0.10174396035938808 0.30549269914627075 -0.8876093626022339 0.32935094833374023 -3.055070161819458 3.340549945831299 -1.155388355255127 0.40605874822122484 0.009697701781988144 4493
frame-000040.color.jpg 0.07834547076353866 0.26867932081222534 -0.9000917673110962 0.33392825722694397 -2.7963695526123047 3.474201202392578 -1.326174259185791 0.21837403441128075 0.004576375707983971 4523
frame-000041.color.jpg 0.06511163234347772 0.24705126881599426 -0.9071805477142334 0.3342897295951843 -2.646230697631836 3.545056104660034 -1.398415446281433 0.16034033161227573 0.005508641246706247 4534
frame-000042.color.jpg 0.06168638399465855 0.24511390924453735 -0.9103423357009888 0.3277052640914917 -2.6637284755706787 3.5274691581726074 -1.3554452657699585 0.18622832271178433 0.004717726726084948 4337
frame-000043.color.jpg 0.05428977278609791 0.27020612359046936 -0.9074022173881531 0.3172736167907715 -2.872652292251587 3.3788702487945557 -1.2678762674331665 0.15019702044713076 0.0072458283975720406 4202
frame-000044.color.jpg 0.06314111410913745 0.3137756586074829 -0.8898086547851562 0.3252670466899872 -3.185299873352051 3.0351734161376953 -1.2627838850021362 0.22242200205178436 0.003602550597861409 4254
frame-000045.color.jpg 0.07152841092037712 0.3399353325366974 -0.8731741905212402 0.3418983221054077 -3.360302209854126 2.771329402923584 -1.3254806995391846 0.25691492426781154 0.004485297482460737 4291
frame-000046.color.jpg 0.10408513050984566 0.38390228152275085 -0.8504783511161804 0.34419727325439453 -3.647581100463867 2.421281099319458 -1.1311488151550293 0.2613136728150055 0.004275436047464609 4258
frame-000047.color.jpg 0.12574705430044486 0.3814217448234558 -0.850719690322876 0.33908864855766296 -3.643075704574585 2.4480812549591064 -1.0359388589859009 0.371925171328777 0.007023181766271591 4161
frame-000048.color.jpg 0.1618745714249657 0.38474565744400024 -0.8481946587562561 0.32608771324157715 -3.6560964584350586 2.4696574211120605 -0.8113675713539124 0.437627775843318 0.006689253728836775 4112
frame-000049.color.jpg 0.2067802202189355 0.4010998010635376 -0.8377699851989746 0.3074125349521637 -3.709099054336548 2.4354381561279297 -0.4428068697452545 0.8512802003177161 0.012021910399198532 3726
frame-000050.color.jpg 0.2223481571204583 0.4283488094806671 -0.833244800567627 0.269781231880188 -3.7782671451568604 2.318533420562744 -0.034914325922727585 0.46769597611700664 0.007381494157016277 3554
frame-000051.color.jpg 0.2222791188163184 0.4355188012123108 -0.8359770774841309 0.2491140067577362 -3.7638299465179443 2.301874876022339 0.12295956909656525 0.34756666235567524 0.005647587589919567 3327
frame-000052.color.jpg 0.23099039423843165 0.42842578887939453 -0.8453680872917175 0.22010791301727295 -3.6316466331481934 2.4121696949005127 0.3439978063106537 0.5772366823958199 0.009534748271107674 3122
frame-000053.color.jpg 0.2125954592378075 0.4662482440471649 -0.8331472873687744 0.20804129540920258 -3.7825098037719727 2.079470634460449 0.47721239924430847 0.4484031996718065 0.005102336406707764 2800
frame-000054.color.jpg 0.21476165743285133 0.4963890016078949 -0.8170018792152405 0.19995832443237305 -3.85201358795166 1.8002632856369019 0.644584596157074 0.5370130580433802 0.003064795397222042 2965
frame-000055.color.jpg 0.22680247251831442 0.5306543707847595 -0.7962145209312439 0.18168406188488007 -3.876662015914917 1.5064976215362549 0.9303991794586182 0.5167513018705373 0.007944156415760517 3141
frame-000056.color.jpg 0.22850976283760774 0.5832074880599976 -0.7615822553634644 0.16626738011837006 -3.9187846183776855 1.0039799213409424 1.197403907775879 0.377929254454762 0.005995802581310272 3033
frame-000057.color.jpg 0.22420770267359527 0.5967544913291931 -0.753503680229187 0.16077062487602234 -3.9181690216064453 0.8642953038215637 1.2478723526000977 0.1992238381650046 0.0034719393588602543 2940
frame-000058.color.jpg 0.22041919926600836 0.6181097626686096 -0.7384979724884033 0.154842808842659 -3.9067018032073975 0.6412712931632996 1.3293524980545044 0.20837454408488953 0.0031779257114976645 2830
frame-000059.color.jpg 0.22308507728398658 0.6441618800163269 -0.7186796069145203 0.13707000017166138 -3.837919235229492 0.3782985806465149 1.5144410133361816 0.31447725063259313 0.005324899218976498 2728
frame-000060.color.jpg 0.21798355068120984 0.6728394031524658 -0.6947914958000183 0.13051855564117432 -3.787956714630127 0.0863054171204567 1.610047459602356 0.17022065381394874 0.0044599007815122604 2947
frame-000061.color.jpg 0.2257742561583784 0.6761211156845093 -0.6867726445198059 0.14223046600818634 -3.774510383605957 0.08405489474534988 1.6252291202545166 0.5195559482984738 0.009860199876129627 3200
frame-000062.color.jpg 0.23557213604647817 0.6889570355415344 -0.6698320508003235 0.14549611508846283 -3.711890459060669 -0.02681022696197033 1.7461110353469849 0.16890856380221872 0.0023766476660966873 3421
frame-000063.color.jpg 0.22974220168282763 0.6920444965362549 -0.6672645807266235 0.1518249213695526 -3.729085683822632 -0.05281352624297142 1.717079758644104 0.19478070672841877 0.0042419335804879665 3673
frame-000064.color.jpg 0.22744934717302723 0.6904622912406921 -0.6698248386383057 0.15120656788349152 -3.7293949127197266 -0.0010176340583711863 1.7386809587478638 0.19389839836608386 0.0019270650809630752 3662
frame-000065.color.jpg 0.2170287391809523 0.6865010857582092 -0.6798805594444275 0.13920259475708008 -3.744521379470825 0.07396486401557922 1.7649304866790771 0.17423381683815437 0.0013991298619657755 3736
frame-000066.color.jpg 0.1989945869255417 0.6864191889762878 -0.6850865483283997 0.14101842045783997 -3.811265230178833 0.06869862228631973 1.6810704469680786 0.2129862024351175 0.0036104386672377586 3739
frame-000067.color.jpg 0.20773930940809002 0.688927412033081 -0.6814725399017334 0.13348639011383057 -3.7774083614349365 0.096235491335392 1.7960832118988037 0.0749663620713815 0.0028729024343192577 3920
frame-000068.color.jpg 0.20809576823852408 0.6907129883766174 -0.6780958771705627 0.14070367813110352 -3.7893097400665283 0.11635325849056244 1.7781099081039429 0.11657079854396796 0.0031750064808875322 4131
frame-000069.color.jpg 0.207770910242906 0.6847761869430542 -0.6820939183235168 0.15053431689739227 -3.811202049255371 0.26998981833457947 1.6915099620819092 0.21547223121044348 0.005954462569206953 4392
frame-000070.color.jpg 0.20218250450745445 0.6750882863998413 -0.694953203201294 0.14289186894893646 -3.8060290813446045 0.42049649357795715 1.654530644416809 0.12505658821619478 0.004813697189092636 4411
frame-000071.color.jpg 0.19365696018312406 0.6639453768730164 -0.7066183090209961 0.14954622089862823 -3.834646701812744 0.573181688785553 1.5310837030410767 0.28420892048013785 0.006858153268694878 4505
frame-000072.color.jpg 0.18904012013942023 0.6496242880821228 -0.7188435196876526 0.1597377061843872 -3.8476972579956055 0.7517102360725403 1.3948731422424316 0.08620929367225884 0.0032215293031185865 4569
frame-000073.color.jpg 0.18182009728490345 0.6400201916694641 -0.7302071452140808 0.15528389811515808 -3.830930233001709 0.871755838394165 1.3432610034942627 0.10605334775877968 0.002978287870064378 4525
frame-000074.color.jpg 0.1773148777571122 0.6242946982383728 -0.7439287304878235 0.1593291461467743 -3.8201963901519775 1.0502161979675293 1.244004249572754 0.18704698491683383 0.004578808788210154 4552
frame-000075.color.jpg 0.17420782697047613 0.6075932383537292 -0.7576210498809814 0.16276486217975616 -3.8058032989501953 1.2249363660812378 1.153279423713684 0.16942865869513138 0.004680724814534187 4473
frame-000076.color.jpg 0.17327018257822252 0.61080402135849 -0.7569884657859802 0.15448127686977386 -3.8373446464538574 1.227712869644165 1.1973942518234253 0.25989736905757993 0.005663206335157156 4495
frame-000077.color.jpg 0.18091623678541613 0.6167860627174377 -0.7496975064277649 0.15747374296188354 -3.8874969482421875 1.2084946632385254 1.2248215675354004 0.3123543157807621 0.0061731357127428055 4573
frame-000078.color.jpg 0.17993096032425107 0.6302796006202698 -0.7390967607498169 0.15526875853538513 -3.966735363006592 1.0925593376159668 1.2584909200668335 0.20404479112048324 0.004527956712990999 4603
frame-000079.color.jpg 0.16833027435415954 0.6336759924888611 -0.7388070225715637 0.1558326780796051 -4.04716682434082 1.0584592819213867 1.1850957870483398 0.22449049549345362 0.00492487009614706 4712
frame-000080.color.jpg 0.16557028970250906 0.6238738894462585 -0.7494668364524841 0.14719878137111664 -4.056820869445801 1.200996994972229 1.1790775060653687 0.2789100810663831 0.005944565404206514 4770
frame-000081.color.jpg 0.15883971553046008 0.612410843372345 -0.7603597044944763 0.14688746631145477 -4.077075004577637 1.3467339277267456 1.1020333766937256 0.23831730633364528 0.004838557913899422 4707
frame-000082.color.jpg 0.1418245728561867 0.5887520909309387 -0.7786390781402588 0.1642502099275589 -4.111791610717773 1.6040197610855103 0.821745753288269 0.1893570429395394 0.0045674946159124374 4616
frame-000083.color.jpg 0.13164742061095744 0.5609567165374756 -0.7987284064292908 0.17328965663909912 -4.0796942710876465 1.90785551071167 0.6246356964111328 0.03323134492166484 0.0018889938946813345 4640
frame-000084.color.jpg 0.12489740656729781 0.5314247012138367 -0.8182793259620667 0.18002073466777802 -3.9893600940704346 2.209808349609375 0.46560272574424744 0.07887904660959388 0.0023096774239093065 4639
frame-000085.color.jpg 0.12175005494691664 0.5131654739379883 -0.8279559016227722 0.19059699773788452 -3.940633535385132 2.3891730308532715 0.3192494213581085 0.11807893632921851 0.002680270466953516 4616
frame-000086.color.jpg 0.1118834512513572 0.48174598813056946 -0.8462115526199341 0.1983148604631424 -3.806230306625366 2.6815128326416016 0.13659070432186127 0.14912692190326018 0.0023015160113573074 4644
frame-000087.color.jpg 0.10840286745173264 0.45472684502601624 -0.8597015738487244 0.20587778091430664 -3.6735312938690186 2.9205427169799805 -0.013369044288992882 0.0682894186007643 0.0014094322687014937 4627
frame-000088.color.jpg 0.10367062946017079 0.44498109817504883 -0.8657414317131042 0.20429402589797974 -3.6308398246765137 3.01546573638916 -0.05262865126132965 0.1281148320974944 0.0022632835898548365 4563
frame-000089.color.jpg 0.10088852837092267 0.43464019894599915 -0.8721305131912231 0.20074303448200226 -3.5929906368255615 3.129377603530884 -0.06969667971134186 0.2897036742652809 0.005266245920211077 4583
frame-000090.color.jpg 0.1051403902223941 0.44008705019950867 -0.8703441023826599 0.19434554874897003 -3.672340154647827 3.128227949142456 0.0031774616800248623 0.12225614395542343 0.0020473217591643333 4592
frame-000091.color.jpg 0.1129113941477949 0.4578821361064911 -0.8592644333839417 0.19814038276672363 -3.846944570541382 3.0036017894744873 0.030292844399809837 0.14844533038907373 0.0016331052174791694 4582
frame-000092.color.jpg 0.12267930610187767 0.47522470355033875 -0.8487457633018494 0.1968296319246292 -4.042288780212402 2.8908400535583496 0.100174680352211 0.08409655741343655 0.0011648442596197128 4574
frame-000093.color.jpg 0.11846713001165948 0.47788068652153015 -0.8459733724594116 0.20475512742996216 -4.1255412101745605 2.87845778465271 0.006864774040877819 0.17723639200967575 0.002531660022214055 4596
frame-000094.color.jpg 0.11678859597760344 0.48053696751594543 -0.8435226082801819 0.20955690741539001 -4.159843444824219 2.861557960510254 -0.048979468643665314 0.20504560059687524 0.003204802516847849 4543
frame-000095.color.jpg 0.11625048033088557 0.48605912923812866 -0.8413134813308716 0.20597043633460999 -4.191229820251465 2.8601887226104736 -0.021350787952542305 0.0867653204294868 0.0026914305053651333 4473
frame-000096.color.jpg 0.12161398296650563 0.4839000999927521 -0.8388918042182922 0.2175115942955017 -4.186843395233154 2.8939902782440186 -0.11495758593082428 0.07709135798615545 0.002613731659948826 4440
frame-000097.color.jpg 0.1233729207288194 0.48500198125839233 -0.8349364399909973 0.22898294031620026 -4.206378936767578 2.887775421142578 -0.2170839160680771 0.20148228290275164 0.004876712337136269 4332
frame-000098.color.jpg 0.1277267624670515 0.48467525839805603 -0.8314840197563171 0.23960371315479279 -4.217907905578613 2.8911290168762207 -0.30296820402145386 0.17973267940896998 0.004975629039108753 4302
frame-000099.color.jpg 0.13253850056854757 0.4851331114768982 -0.8274952173233032 0.24966159462928772 -4.234506607055664 2.8755075931549072 -0.3736226260662079 0.23110217197087884 0.005484231282025576 4324
frame-000100.color.jpg 0.13637006039890398 0.490078866481781 -0.8177404403686523 0.269307404756546 -4.292057514190674 2.778748035430908 -0.5191731452941895 0.1341023733590833 0.0037293508648872375 4178
frame-000101.color.jpg 0.13384178217550197 0.4954467713832855 -0.8106877207756042 0.28178754448890686 -4.3339033126831055 2.6862411499023438 -0.6232736706733704 0.16578802112516913 0.003486094530671835 3964
frame-000102.color.jpg 0.13488532763400862 0.5040308833122253 -0.7992499470710754 0.29825878143310547 -4.395455360412598 2.5432372093200684 -0.7289546132087708 0.07702335624925283 0.0013881855411455035 3773
frame-000103.color.jpg 0.14007104343155735 0.5070317983627319 -0.795451283454895 0.30092528462409973 -4.409066200256348 2.509166717529297 -0.7117691040039062 0.09192129282973323 0.002309247851371765 3753
frame-000104.color.jpg 0.1476623393742249 0.5125935077667236 -0.7903310656547546 0.3013644814491272 -4.434174060821533 2.4599196910858154 -0.6547499895095825 0.1337056620982672 0.0025835789274424314 3783
frame-000105.color.jpg 0.14746461393683633 0.5244128108024597 -0.7870160937309265 0.2895703613758087 -4.478440761566162 2.38999342918396 -0.5131208300590515 0.1149165587435026 0.0036368302535265684 3914
frame-000106.color.jpg 0.14530670263902246 0.5313854217529297 -0.7821285724639893 0.2911878526210785 -4.506731986999512 2.309015989303589 -0.5070141553878784 0.12326821257177537 0.003405623137950897 3945
frame-000107.color.jpg 0.1457060494484794 0.5405540466308594 -0.7769234776496887 0.2880295217037201 -4.535995006561279 2.222815990447998 -0.44151678681373596 0.1739043535921938 0.005525338463485241 3944
frame-000108.color.jpg 0.14363334093042882 0.5601816177368164 -0.7689637541770935 0.27250829339027405 -4.59321928024292 2.0562164783477783 -0.25579148530960083 0.1430683840269002 0.004289921838790178 4202
frame-000109.color.jpg 0.1445900363505072 0.5733451247215271 -0.7629544734954834 0.26128458976745605 -4.625341415405273 1.9458736181259155 -0.11769350618124008 0.18103116240321288 0.004793905653059483 4371
frame-000110.color.jpg 0.14739740716848374 0.5892210006713867 -0.7536681294441223 0.2511512339115143 -4.662339210510254 1.7955970764160156 0.029433485120534897 0.1320005827452102 0.0033977769780904055 4434
frame-000111.color.jpg 0.14640537986419483 0.5947534441947937 -0.7513532042503357 0.24556484818458557 -4.6730570793151855 1.7406796216964722 0.08766426146030426 0.08736360898220422 0.0029148191679269075 4382
frame-000112.color.jpg 0.14769535199120962 0.600610613822937 -0.7490947842597961 0.23729713261127472 -4.67610502243042 1.6960707902908325 0.17981331050395966 0.13336906183823252 0.0036873300559818745 4365
frame-000113.color.jpg 0.1492124572732298 0.606386661529541 -0.7451838254928589 0.23394876718521118 -4.68203067779541 1.639466643333435 0.23261865973472595 0.13916659844289075 0.003435341874137521 4495
frame-000114.color.jpg 0.15212048509718742 0.6181914806365967 -0.7362712621688843 0.22935432195663452 -4.69590425491333 1.5163512229919434 0.3217797875404358 0.22564866612502035 0.004983818158507347 4390
frame-000115.color.jpg 0.15538013762882472 0.6278972029685974 -0.7291500568389893 0.22347815334796906 -4.696562767028809 1.4213162660598755 0.4138869345188141 0.2831655023627126 0.006021940149366856 4426
frame-000116.color.jpg 0.1590647458755378 0.6350302696228027 -0.7237322926521301 0.21828116476535797 -4.691272735595703 1.355768084526062 0.49664515256881714 0.3600903211269961 0.007403099909424782 4459
frame-000117.color.jpg 0.16089128053443358 0.6405924558639526 -0.7190185189247131 0.21625876426696777 -4.6933465003967285 1.2957401275634766 0.5382697582244873 0.31798257841983774 0.006369095295667648 4465
frame-000118.color.jpg 0.1650582763586055 0.6443237066268921 -0.7165105938911438 0.2102743238210678 -4.678323745727539 1.269514799118042 0.6153290271759033 0.1934855321070551 0.00424554105848074 4353
frame-000119.color.jpg 0.16771402823635959 0.6515882015228271 -0.7107314467430115 0.20534279942512512 -4.670909404754639 1.1932024955749512 0.6894122958183289 0.08553543281163493 0.0012995360884815454 4335
frame-000120.color.jpg 0.16814331570079252 0.6549899578094482 -0.7075120210647583 0.20528674125671387 -4.658583641052246 1.1557010412216187 0.7054007053375244 0.14398201520988196 0.0030810823664069176 4338
frame-000121.color.jpg 0.1769043585456488 0.6611877083778381 -0.6996634602546692 0.2049555629491806 -4.631661891937256 1.0986794233322144 0.7813653945922852 0.17753841443703727 0.00472014956176281 4327
frame-000122.color.jpg 0.1828654998933327 0.6620441675186157 -0.6984119415283203 0.20119264721870422 -4.595563888549805 1.103494644165039 0.8448390960693359 0.09761762390677758 0.0026303338818252087 4304
frame-000123.color.jpg 0.18341021356172643 0.6627210378646851 -0.6970037221908569 0.20334050059318542 -4.578908443450928 1.0841715335845947 0.8407062292098999 0.1518168424974816 0.003303454490378499 4303
frame-000124.color.jpg 0.18532692700703446 0.6652222275733948 -0.6948450803756714 0.2008075714111328 -4.557652950286865 1.0538767576217651 0.8825075626373291 0.16810576311069098 0.0033938554115593433 4401
frame-000125.color.jpg 0.1890533478876137 0.6694884300231934 -0.6916610598564148 0.1940334588289261 -4.515347003936768 1.005191445350647 0.9778993129730225 0.27395926113518165 0.004584053996950388 4437
frame-000126.color.jpg 0.19435897684412226 0.6625337600708008 -0.6995590329170227 0.18409453332424164 -4.427713394165039 1.0761494636535645 1.0688186883926392 0.4441309163459635 0.005931426305323839 4231
frame-000127.color.jpg 0.17380858134968574 0.6565750241279602 -0.7129150629043579 0.17450468242168427 -4.3821187019348145 1.1054242849349976 1.021170973777771 0.12929460053426867 0.002762236399576068 4457
frame-000128.color.jpg 0.16500231077704522 0.6635298132896423 -0.7088482975959778 0.17331041395664215 -4.359350204467773 0.9992052316665649 1.0186681747436523 0.10961546483371323 0.003033241257071495 4492
frame-000129.color.jpg 0.16955986689138278 0.669019341468811 -0.7014179825782776 0.1779758483171463 -4.337212562561035 0.938186764717102 1.0404112339019775 0.15490360775465134 0.0021280080545693636 4422
frame-000130.color.jpg 0.18204422157221412 0.675179660320282 -0.6912651062011719 0.18205741047859192 -4.278053283691406 0.87956303358078 1.1128714084625244 0.13281285498812606 0.002308806637302041 4354
frame-000131.color.jpg 0.17957493594405188 0.682971715927124 -0.6853278279304504 0.17784333229064941 -4.2342848777771 0.7893943190574646 1.1494272947311401 0.1502076259166428 0.001528160646557808 4347
frame-000132.color.jpg 0.1768564880529343 0.68892902135849 -0.6833827495574951 0.16458050906658173 -4.159921169281006 0.7399466037750244 1.2267377376556396 0.16239080242588114 0.0027578435838222504 4490
frame-000133.color.jpg 0.1755510349682863 0.6925068497657776 -0.6802130341529846 0.16409239172935486 -4.1261491775512695 0.7082908749580383 1.2281181812286377 0.14970253876360565 0.0027488740161061287 4533
frame-000134.color.jpg 0.17264766050200656 0.6911450028419495 -0.6814119815826416 0.1678958386182785 -4.106334686279297 0.7184037566184998 1.1840484142303467 0.30418765068924825 0.004441333469003439 4520
frame-000135.color.jpg 0.17627496898909714 0.6918695569038391 -0.6819355487823486 0.158768892288208 -4.028341293334961 0.7384040951728821 1.2539756298065186 0.07818116669506255 0.0011486299335956573 4518
frame-000136.color.jpg 0.17900613938698912 0.6952717304229736 -0.6778833866119385 0.15820279717445374 -4.000844955444336 0.706598699092865 1.2792729139328003 0.1608698446957236 0.0020863653626292944 4527
frame-000137.color.jpg 0.1801243246935931 0.701430082321167 -0.6718630790710449 0.15540599822998047 -3.9672601222991943 0.6425321102142334 1.3180694580078125 0.1505552318525862 0.002428364707157016 4524
frame-000138.color.jpg 0.1813060527400733 0.7155051827430725 -0.6577708721160889 0.15006023645401 -3.918760299682617 0.48944327235221863 1.3908127546310425 0.13046560445095562 0.0031057109590619802 4562
frame-000139.color.jpg 0.18188093530366412 0.7235292792320251 -0.649298906326294 0.1477687507867813 -3.8894855976104736 0.4019216299057007 1.4276801347732544 0.10250242312273997 0.0038288384675979614 4552
frame-000140.color.jpg 0.18508759587670176 0.7321406006813049 -0.6396938562393188 0.14319364726543427 -3.844921350479126 0.3133834898471832 1.4927873611450195 0.1822014059277461 0.005003109108656645 4533
frame-000141.color.jpg 0.18515952523194562 0.7393455505371094 -0.6316498517990112 0.14178381860256195 -3.8212485313415527 0.2320416420698166 1.5190463066101074 0.27983826642199083 0.005575839430093765 4536
frame-000142.color.jpg 0.1867487461261872 0.7469443678855896 -0.6224426031112671 0.14058516919612885 -3.788267135620117 0.14362330734729767 1.5526328086853027 0.105226227858547 0.0021103820763528347 4464
frame-000143.color.jpg 0.18823655799455932 0.7558610439300537 -0.6120129823684692 0.13667960464954376 -3.7489967346191406 0.041093189269304276 1.6032154560089111 0.11904812950027273 0.0004273815138731152 4406
frame-000144.color.jpg 0.1912992243340002 0.7797301411628723 -0.5824691653251648 0.12710246443748474 -3.6412200927734375 -0.2352132797241211 1.7337778806686401 0.19349523044206798 0.0025526087265461683 4303
frame-000145.color.jpg 0.1945104066792669 0.7876105904579163 -0.5715757012367249 0.12303018569946289 -3.5873396396636963 -0.3276304304599762 1.7928547859191895 0.21047513407957258 0.0026663050521165133 4229
frame-000146.color.jpg 0.19627191314843956 0.7951507568359375 -0.5616775155067444 0.11717941612005234 -3.5316002368927 -0.4167783260345459 1.8519974946975708 0.23471219375149505 0.003305280115455389 4134
frame-000147.color.jpg 0.20116879579784758 0.8069798946380615 -0.543921947479248 0.11164063215255737 -3.445384979248047 -0.5544271469116211 1.9395439624786377 0.21757510238158762 0.003137902356684208 4174
frame-000148.color.jpg 0.20390269751085097 0.817038357257843 -0.5287244319915771 0.10640737414360046 -3.3702845573425293 -0.6760098934173584 2.012277841567993 0.2363154472570233 0.003196957753971219 4123
frame-000149.color.jpg 0.20571582315969972 0.8289443850517273 -0.5086114406585693 0.10884208977222443 -3.301374912261963 -0.8326899409294128 2.051532506942749 0.11961434151029621 0.000908298185095191 4094
frame-000150.color.jpg 0.21659443248426657 0.844017744064331 -0.48116669058799744 0.09591402858495712 -3.1289987564086914 -1.0014147758483887 2.2141642570495605 0.06030421375961199 0.002148011466488242 4083
frame-000151.color.jpg 0.22541028502995616 0.8630305528640747 -0.4443502724170685 0.08319418132305145 -2.9013009071350098 -1.2308809757232666 2.372443437576294 0.18566287109391452 0.003004462458193302 3967
frame-000152.color.jpg 0.23396537830842903 0.8752598762512207 -0.4161214828491211 0.07761036604642868 -2.7309157848358154 -1.3767075538635254 2.4758682250976562 0.14090425459663752 0.0036069503985345364 4030
frame-000153.color.jpg 0.2537393619837303 0.8943248987197876 -0.36273473501205444 0.06498315930366516 -2.362567901611328 -1.569362759590149 2.690816640853882 0.1674708490025707 0.004902060609310865 3964
frame-000154.color.jpg 0.26240572460893197 0.8947062492370605 -0.35541173815727234 0.06577678769826889 -2.317110061645508 -1.5621123313903809 2.7406392097473145 0.46300961257273165 0.010960374027490616 3969
frame-000155.color.jpg 0.26847061182389703 0.902066707611084 -0.3322570025920868 0.06168045103549957 -2.1519017219543457 -1.6491940021514893 2.813847780227661 0.12059260602634186 0.004158225376158953 4087
frame-000156.color.jpg 0.2857627451300482 0.9169378876686096 -0.2757858633995056 0.03881880268454552 -1.6966040134429932 -1.8377046585083008 3.0247604846954346 0.18678825148137992 0.00583502696827054 4027
frame-000157.color.jpg 0.287816662780465 0.9213030934333801 -0.2591246962547302 0.034878917038440704 -1.567735195159912 -1.9037890434265137 3.0670535564422607 0.317975348024271 0.009152363985776901 4017
frame-000158.color.jpg 0.28788459023812124 0.9277147650718689 -0.23547300696372986 0.03193960338830948 -1.4021068811416626 -2.000941753387451 3.097714900970459 0.2477947274155669 0.006520817521959543 3946
frame-000159.color.jpg 0.2921629100987893 0.931153416633606 -0.21668867766857147 0.025301232933998108 -1.251071572303772 -2.040198802947998 3.1439385414123535 0.2806709091704977 0.007247897796332836 3887
frame-000160.color.jpg 0.2911996223741657 0.9328131079673767 -0.21121831238269806 0.021196618676185608 -1.188062310218811 -2.0614092350006104 3.1457276344299316 0.4571358099690793 0.012361805886030197 3981
frame-000161.color.jpg 0.2978632082937582 0.9340797066688538 -0.19580431282520294 0.020812612026929855 -1.0794315338134766 -2.0486199855804443 3.1806626319885254 0.222870086473721 0.006146597675979137 3944
frame-000162.color.jpg 0.3078675691160372 0.9329558610916138 -0.18626581132411957 0.010773347690701485 -0.9254632592201233 -1.9658291339874268 3.218193769454956 0.5034623150666313 0.011949539184570312 4083
frame-000163.color.jpg 0.30865640714432824 0.9371582865715027 -0.16169044375419617 0.017935726791620255 -0.7777220606803894 -1.9755972623825073 3.195871114730835 0.42059731279769946 0.009346503764390945 4077
frame-000164.color.jpg 0.3043975126408232 0.9421853423118591 -0.13910339772701263 0.01670944318175316 -0.6137971878051758 -2.016326427459717 3.1656405925750732 0.5316183825378337 0.011155400425195694 4118
frame-000165.color.jpg 0.3101680552259817 0.9432535171508789 -0.11790966242551804 0.012881170026957989 -0.42956873774528503 -1.9614237546920776 3.1658239364624023 0.483657861403062 0.009440720081329346 4154
frame-000166.color.jpg 0.32582782278927386 0.935526430606842 -0.13521279394626617 0.01855257712304592 -0.5319518446922302 -1.7816643714904785 3.1994943618774414 0.3401485966693654 0.008462019264698029 4358
frame-000167.color.jpg 0.32893049051808015 0.9328240156173706 -0.1449514776468277 0.025164131075143814 -0.6087333559989929 -1.72682785987854 3.1866750717163086 0.45949334581064444 0.010345438495278358 4481
frame-000168.color.jpg 0.3245320983154048 0.9299393892288208 -0.16578979790210724 0.04904346540570259 -0.8450477123260498 -1.6805797815322876 3.118594169616699 0.5717183164332728 0.013525020331144333 4347
frame-000169.color.jpg 0.3199395364403541 0.9302642941474915 -0.17362390458583832 0.04584479331970215 -0.8913966417312622 -1.664689064025879 3.064161539077759 0.5804268609858919 0.012748787179589272 4368
frame-000170.color.jpg 0.31451802385726674 0.9294190406799316 -0.18839839100837708 0.042007431387901306 -0.988621711730957 -1.590319275856018 2.966794490814209 0.47330046649611945 0.01023237593472004 4074
frame-000171.color.jpg 0.32188510081122806 0.9247121214866638 -0.1966836303472519 0.05111709237098694 -1.0826661586761475 -1.4998897314071655 2.9580962657928467 0.3305569566818312 0.0060182977467775345 3991
frame-000172.color.jpg 0.31594246152128574 0.9213817715644836 -0.2207287698984146 0.05014749616384506 -1.2229136228561401 -1.4486463069915771 2.8963019847869873 0.41202961421628537 0.00863745529204607 3720
frame-000173.color.jpg 0.3168259996068095 0.9113412499427795 -0.2556646168231964 0.06094307452440262 -1.4764403104782104 -1.2977521419525146 2.83229923248291 0.38044207037823913 0.006714710965752602 3524
frame-000174.color.jpg 0.3146414783173019 0.903558611869812 -0.28373709321022034 0.06384298950433731 -1.6421291828155518 -1.1928069591522217 2.7728865146636963 0.6338296021461358 0.015317719429731369 3488
frame-000175.color.jpg 0.29566805240306254 0.8874539732933044 -0.3415969908237457 0.09119990468025208 -2.0493321418762207 -0.9969334602355957 2.49692440032959 0.4295643640021477 0.010897312313318253 3720
frame-000176.color.jpg 0.275989747452501 0.869803249835968 -0.3992863893508911 0.0885571837425232 -2.2968997955322266 -0.7955383658409119 2.3142755031585693 0.3721345326350938 0.011359701864421368 3850
frame-000177.color.jpg 0.2635222784601665 0.8522042632102966 -0.44142386317253113 0.09720556437969208 -2.485280990600586 -0.5951108336448669 2.1453373432159424 0.393479434080339 0.01041711401194334 3888
frame-000178.color.jpg 0.2557101372355077 0.8466913104057312 -0.4555050730705261 0.10119938850402832 -2.5516085624694824 -0.5241667628288269 2.0658674240112305 0.36654015413760377 0.009742279537022114 3922
frame-000179.color.jpg 0.2349589879028254 0.8337608575820923 -0.4872855246067047 0.1104082465171814 -2.7300050258636475 -0.3914664387702942 1.8720041513442993 0.2606761973859465 0.0063230921514332294 4157
frame-000180.color.jpg 0.23294717911439314 0.8232552409172058 -0.504000723361969 0.11819382756948471 -2.8600265979766846 -0.2382858544588089 1.773352026939392 0.05665537195851779 0.0016945211682468653 4234
frame-000181.color.jpg 0.22938635108707436 0.8193360567092896 -0.510543167591095 0.12416167557239532 -2.954373598098755 -0.16502045094966888 1.6969777345657349 0.12970301116208105 0.0020408937707543373 4224
frame-000182.color.jpg 0.23006403032145303 0.8179231882095337 -0.5110102891921997 0.13015581667423248 -3.017310619354248 -0.13454166054725647 1.6320719718933105 0.2931739706526027 0.007150942459702492 4184
frame-000183.color.jpg 0.23120078634648655 0.8210852146148682 -0.5066400170326233 0.12522487342357635 -3.040069818496704 -0.12222475558519363 1.6379188299179077 0.20643995970354953 0.004335769917815924 4079
frame-000184.color.jpg 0.24611236996368338 0.8211944103240967 -0.49869298934936523 0.12795959413051605 -3.0292046070098877 -0.05022318661212921 1.6620512008666992 0.0801213739762759 0.0027119058649986982 4081
frame-000185.color.jpg 0.25768572476838475 0.819958508014679 -0.49517467617988586 0.12676018476486206 -3.0055181980133057 0.02551795355975628 1.6918659210205078 0.023205782816056536 0.0013697801623493433 4012
frame-000186.color.jpg 0.25998750804327314 0.8242037296295166 -0.48785436153411865 0.12285326421260834 -2.9688210487365723 0.05332603678107262 1.6918128728866577 0.17277751912148714 0.004196594003587961 4038
frame-000187.color.jpg 0.2754130203472517 0.8193705677986145 -0.4888812303543091 0.11736608296632767 -2.9278576374053955 0.23842093348503113 1.6971263885498047 0.3392421558613107 0.008609063923358917 3926
frame-000188.color.jpg 0.2807441363460085 0.8100157976150513 -0.5015113353729248 0.11637631058692932 -2.9450154304504395 0.39797595143318176 1.6479865312576294 0.3131616654849988 0.00763929495587945 3794
frame-000189.color.jpg 0.27395626627471054 0.8099424242973328 -0.5073729753494263 0.10730299353599548 -2.9641354084014893 0.44611552357673645 1.6328043937683105 0.33056493412933835 0.008245301432907581 3747
frame-000190.color.jpg 0.2804430966578399 0.8143280148506165 -0.49322596192359924 0.1222684383392334 -3.024064779281616 0.4052464962005615 1.569631814956665 0.30239814112670493 0.00795889925211668 3655
frame-000191.color.jpg 0.28630852939001905 0.8439013957977295 -0.4391844868659973 0.11390705406665802 -2.960414409637451 0.1173618957400322 1.71645188331604 0.3782380803908671 0.007648392580449581 3482
frame-000192.color.jpg 0.29697499830507346 0.8608888983726501 -0.401849627494812 0.09588009119033813 -2.851832389831543 -0.04821453616023064 1.8828635215759277 0.44941593529881957 0.010125541128218174 3187
frame-000193.color.jpg 0.2879591375288356 0.8743811845779419 -0.381285697221756 0.08460672199726105 -2.78981614112854 -0.14066901803016663 1.8995009660720825 0.5265604673748806 0.012231322005391121 2953
frame-000194.color.jpg 0.29424696490328744 0.8736252784729004 -0.37962448596954346 0.07799393683671951 -2.7742652893066406 -0.06307370215654373 1.9125089645385742 0.5741463953223594 0.014157680794596672 2706
frame-000195.color.jpg 0.2923361974878756 0.8702854514122009 -0.3875659108161926 0.08328010886907578 -2.8147318363189697 0.046308040618896484 1.8127189874649048 0.5958422777774933 0.01254964992403984 2472
frame-000196.color.jpg 0.2908549654350604 0.8685909509658813 -0.3922795355319977 0.08408261090517044 -2.827322244644165 0.08934321254491806 1.7803562879562378 0.5494414943727175 0.011664657853543758 2380
frame-000197.color.jpg 0.2924101837191542 0.8644485473632812 -0.4013066291809082 0.07859949767589569 -2.83439302444458 0.1625889241695404 1.7853316068649292 0.8864524195312554 0.01969796232879162 2412
frame-000198.color.jpg 0.28745850702343906 0.8394410014152527 -0.45179569721221924 0.09266654402017593 -2.9364967346191406 0.4934611916542053 1.586807131767273 0.6617978927760158 0.013916803523898125 2376
frame-000199.color.jpg 0.2853418636535743 0.818069577217102 -0.48711082339286804 0.10984207689762115 -3.011176109313965 0.7341700792312622 1.4074797630310059 0.6380654933703073 0.013267846778035164 2520
frame-000200.color.jpg 0.2852831369427701 0.792607307434082 -0.5240001678466797 0.12574180960655212 -3.0436530113220215 0.9854806661605835 1.2300318479537964 0.4021014540099958 0.008494557812809944 2671
frame-000201.color.jpg 0.27774979398371025 0.7675675749778748 -0.5612338781356812 0.13679064810276031 -3.0608160495758057 1.2339509725570679 1.063110113143921 0.21049335681083475 0.004259945824742317 2824
frame-000202.color.jpg 0.2590875810621728 0.7349482774734497 -0.6082387566566467 0.15089797973632812 -3.063941717147827 1.5258649587631226 0.8378104567527771 0.15858673390372785 0.0032537600491195917 2842
frame-000203.color.jpg 0.24454875958523395 0.7164362668991089 -0.6339901089668274 0.15802329778671265 -3.0408692359924316 1.682063341140747 0.7137079238891602 0.3840769849967289 0.00731851439923048 2854
frame-000204.color.jpg 0.22719209531481177 0.6976077556610107 -0.6593809723854065 0.16414569318294525 -3.0209848880767822 1.8262618780136108 0.5964232683181763 0.7404935181239044 0.015348827466368675 2962
frame-000205.color.jpg 0.22300907847482435 0.672078549861908 -0.6869513392448425 0.1633255034685135 -2.9293243885040283 2.0309982299804688 0.5236682891845703 0.4379315591788249 0.008264167234301567 2915
frame-000206.color.jpg 0.2156084718085078 0.6570470333099365 -0.7038037776947021 0.1626725047826767 -2.874260187149048 2.139648675918579 0.47373080253601074 0.11690318329662427 0.003205348504707217 3016
frame-000207.color.jpg 0.200251695339312 0.6415015459060669 -0.7233030796051025 0.15876910090446472 -2.8095126152038574 2.2519824504852295 0.4281918406486511 0.2898556192938872 0.004917314276099205 3205
frame-000208.color.jpg 0.19060520388231544 0.6407113075256348 -0.7260062098503113 0.1614738553762436 -2.8356521129608154 2.2413852214813232 0.38977426290512085 0.2136865769695215 0.0033974566031247377 3418
frame-000209.color.jpg 0.18583565948361233 0.6357023119926453 -0.7323246598243713 0.15826664865016937 -2.838629961013794 2.257406234741211 0.3976125121116638 0.13425780018334077 0.0013950811699032784 3811
frame-000210.color.jpg 0.18410789917096454 0.636483371257782 -0.7326704859733582 0.1555221825838089 -2.8513174057006836 2.2475733757019043 0.42056190967559814 0.2281402177486205 0.003931677434593439 3832
frame-000211.color.jpg 0.18012256580103353 0.6407459378242493 -0.7309058308601379 0.15092098712921143 -2.923823118209839 2.187859535217285 0.4743463695049286 0.17554311874532083 0.0025786024052649736 4001
frame-000212.color.jpg 0.17958713216196345 0.6476816534996033 -0.725287139415741 0.14904893934726715 -2.994725465774536 2.0955984592437744 0.5293684601783752 0.20395254354604841 0.0035532768815755844 4092
frame-000213.color.jpg 0.17807470853730017 0.6510846018791199 -0.7228000164031982 0.14811599254608154 -3.027252435684204 2.0525643825531006 0.5472598671913147 0.1257565892246285 0.002274099737405777 4042
frame-000214.color.jpg 0.17331021793869758 0.6544962525367737 -0.72063809633255 0.149261474609375 -3.0615897178649902 2.0122358798980713 0.5416394472122192 0.36233849390056166 0.007103053852915764 4130
frame-000215.color.jpg 0.17356639050129646 0.650452196598053 -0.7219728827476501 0.15981778502464294 -3.097588539123535 2.0156517028808594 0.47346460819244385 0.18873089335150642 0.005206717178225517 4190
frame-000216.color.jpg 0.16792943980588385 0.6379451751708984 -0.7314688563346863 0.17256538569927216 -3.103024959564209 2.0872750282287598 0.3514973819255829 0.1171422799382144 0.0021094288676977158 4124
frame-000217.color.jpg 0.16112164708131124 0.6150010228157043 -0.7495443820953369 0.1843816190958023 -3.054492950439453 2.252007246017456 0.20857453346252441 0.06657642183115965 0.002080968813970685 4204
frame-000218.color.jpg 0.15781873695843682 0.5947687029838562 -0.7649495601654053 0.19025154411792755 -2.9944541454315186 2.411041498184204 0.11735715717077255 0.21681140185501555 0.004580576904118061 4226
frame-000219.color.jpg 0.14292723479965158 0.5335947871208191 -0.808413028717041 0.20326538383960724 -2.709313154220581 2.822025775909424 -0.1309044510126114 0.172365706739303 0.0050834352150559425 3923
frame-000220.color.jpg 0.141539704609676 0.522085964679718 -0.8161473274230957 0.20321455597877502 -2.6468873023986816 2.900578022003174 -0.15763258934020996 0.19743743687214216 0.005256881937384605 3915
frame-000221.color.jpg 0.1348667827921233 0.501981258392334 -0.8278491497039795 0.21093010902404785 -2.526431083679199 3.0175843238830566 -0.265242338180542 0.4115261812496878 0.010733623057603836 3812
frame-000222.color.jpg 0.11504708551963133 0.42756789922714233 -0.8663026690483093 0.2312348186969757 -2.0188281536102295 3.419680118560791 -0.5832721590995789 0.45907398286777623 0.013509695418179035 3635
frame-000223.color.jpg 0.10411405954290597 0.4145478904247284 -0.873243510723114 0.23400014638900757 -1.9145299196243286 3.4802920818328857 -0.6315247416496277 0.47981513294298933 0.01122692134231329 3660
frame-000224.color.jpg 0.08465180234187697 0.37462764978408813 -0.8912749290466309 0.24107509851455688 -1.5764778852462769 3.6669321060180664 -0.7503786683082581 0.699887830064767 0.01585853286087513 3697
frame-000225.color.jpg 0.07352513905255763 0.32591867446899414 -0.9091452956199646 0.2486480325460434 -1.1501588821411133 3.8451926708221436 -0.8764843940734863 0.6490551076622991 0.013951780274510384 3551
frame-000226.color.jpg 0.059972949329878684 0.2694987654685974 -0.925850510597229 0.258020281791687 -0.6532649993896484 3.9704556465148926 -1.000312089920044 0.6272339872854307 0.013948303647339344 3408
frame-000227.color.jpg 0.05603388669188829 0.24401319026947021 -0.9338862299919128 0.2552928328514099 -0.4383890628814697 4.016404151916504 -1.0057342052459717 0.321866021210666 0.008920271880924702 3552
frame-000228.color.jpg 0.04402199442796926 0.21422596275806427 -0.9455327391624451 0.24111634492874146 -0.1728300005197525 4.122032642364502 -0.9094639420509338 0.4913067127781242 0.011174182407557964 3477
frame-000229.color.jpg 0.04747437079716532 0.19869188964366913 -0.9504414796829224 0.2343684434890747 -0.031324077397584915 4.172691822052002 -0.8862541317939758 0.513557441381616 0.01249039638787508 3468
frame-000230.color.jpg 0.0462365513291378 0.18599413335323334 -0.957466185092926 0.21570070087909698 0.076075479388237 4.235176086425781 -0.759211540222168 0.15942998212174672 0.004815240856260061 3533
frame-000231.color.jpg 0.04614569172654648 0.17409496009349823 -0.9617617726325989 0.20633938908576965 0.17757731676101685 4.2898125648498535 -0.7036038637161255 0.11849313660956953 0.004672372713685036 3626
frame-000232.color.jpg 0.042206934430512114 0.1635340452194214 -0.9638484120368958 0.2060859203338623 0.2540700435638428 4.336231708526611 -0.7033438682556152 0.550457485011757 0.01025176141411066 3611
frame-000233.color.jpg 0.02457843648399293 0.11754841357469559 -0.967592179775238 0.22213459014892578 0.6408636569976807 4.334139823913574 -0.826115071773529 0.3869612458171783 0.00646027410402894 3476
frame-000234.color.jpg 0.0166026632929404 0.0968722403049469 -0.9704035520553589 0.22058309614658356 0.8328561782836914 4.340404510498047 -0.8056710362434387 0.5316350311239356 0.008907872252166271 3366
frame-000235.color.jpg 0.016631031186575395 0.08031611144542694 -0.973823070526123 0.2119939625263214 1.0216816663742065 4.371009826660156 -0.7480078339576721 0.6711752088979143 0.01174558699131012 3004
frame-000236.color.jpg 0.01388906086533852 0.07659903913736343 -0.9734061360359192 0.21545380353927612 1.070171594619751 4.365859508514404 -0.7739319801330566 0.4305764592989261 0.008662025444209576 3075
frame-000237.color.jpg 0.016662855656357327 0.06933144479990005 -0.9724235534667969 0.22205393016338348 1.145653486251831 4.353618621826172 -0.8370327949523926 0.6283029118905377 0.013613924384117126 2934
frame-000238.color.jpg 0.012703033353638782 0.05772940069437027 -0.9686486124992371 0.24130018055438995 1.2603883743286133 4.341146469116211 -0.9893966913223267 0.4003214693596935 0.006126999855041504 3137
frame-000239.color.jpg 0.006664659909694009 0.04415493458509445 -0.963161051273346 0.2651917338371277 1.3865653276443481 4.286504745483398 -1.170760989189148 0.28559763667661897 0.007169835269451141 3159
frame-000240.color.jpg 0.010263099893139593 0.04155649617314339 -0.9543914198875427 0.29547372460365295 1.4081315994262695 4.230494499206543 -1.4362305402755737 0.12884388809032718 0.003874021116644144 3088
frame-000241.color.jpg 0.007326612884251956 0.03983970358967781 -0.946539580821991 0.3200342655181885 1.4170206785202026 4.171388626098633 -1.633121371269226 0.3769214280262149 0.006598919630050659 2979
frame-000242.color.jpg 0.008789740067836617 0.04348939657211304 -0.9403941631317139 0.33718007802963257 1.382228970527649 4.134810924530029 -1.7817885875701904 0.3090734504212023 0.006696905940771103 2713
frame-000243.color.jpg 0.001556828981257173 0.04572926089167595 -0.9368017315864563 0.3468557298183441 1.3642760515213013 4.117552757263184 -1.8428975343704224 0.2883457472809177 0.006681765429675579 2746
