frame-000000.color.jpg 0.24679528092012298 0.6534172296524048 -0.6219373941421509 0.35402238368988037 -1.2809133529663086 -2.5559730529785156 4.906417369842529 0.165784179143761 0.008224211633205414 4321
frame-000001.color.jpg 0.24483171284537358 0.6506296396255493 -0.6234314441680908 0.3578712046146393 -1.3363021612167358 -2.5404317378997803 4.897785663604736 0.12929154562544068 0.0073797451332211494 4361
frame-000002.color.jpg 0.24118988080128176 0.6468865275382996 -0.6301347017288208 0.3553807735443115 -1.4056155681610107 -2.5748255252838135 4.854248523712158 0.12780372498492829 0.007586594671010971 4359
frame-000003.color.jpg 0.22543432621266377 0.6496407389640808 -0.6407589316368103 0.3414296507835388 -1.438764214515686 -2.798788547515869 4.710843563079834 0.1423212920657904 0.008092271164059639 4495
frame-000004.color.jpg 0.2131445321657593 0.6568292379379272 -0.6446518301963806 0.3279767632484436 -1.3964062929153442 -2.9925568103790283 4.597777366638184 0.08410819674947334 0.007815046235918999 4464
frame-000005.color.jpg 0.18945636804070082 0.6651273369789124 -0.6548509001731873 0.30476564168930054 -1.3792190551757812 -3.326991081237793 4.359600067138672 0.07836740274175778 0.008086455054581165 4342
frame-000006.color.jpg 0.16694010235806378 0.6745884418487549 -0.6602388620376587 0.2848615050315857 -1.332552194595337 -3.6218035221099854 4.129258155822754 0.29200619506751563 0.008749180473387241 4150
frame-000007.color.jpg 0.156504540928443 0.6813916563987732 -0.665103018283844 0.2623922526836395 -1.2483313083648682 -3.8358519077301025 3.9557061195373535 0.2845433062647776 0.01054869033396244 3928
frame-000008.color.jpg 0.14832102782757853 0.6840385794639587 -0.6694773435592651 0.24878133833408356 -1.219375729560852 -3.9643807411193848 3.82450270652771 0.18126161458663467 0.007854150608181953 3603
frame-000009.color.jpg 0.14595465620850875 0.685926616191864 -0.667262077331543 0.2509250342845917 -1.2052526473999023 -3.970985174179077 3.8213789463043213 0.2709824992762462 0.011562081053853035 3583
frame-000010.color.jpg 0.15010211544247684 0.6807686686515808 -0.6679030060768127 0.26063182950019836 -1.278501272201538 -3.8877196311950684 3.8879473209381104 0.17169031842426508 0.009204678237438202 3815
frame-000011.color.jpg 0.1658765358351081 0.6746885776519775 -0.6605404615402222 0.28454628586769104 -1.328813076019287 -3.635831356048584 4.10428524017334 0.2903294903479833 0.005999695975333452 4133
frame-000012.color.jpg 0.19409820264497255 0.6714036464691162 -0.6506689190864563 0.29693952202796936 -1.248011589050293 -3.359065055847168 4.367210388183594 0.24638053141183047 0.0059202020056545734 4328
frame-000013.color.jpg 0.21609467072683888 0.6647934913635254 -0.6412612199783325 0.3164438009262085 -1.2404383420944214 -3.064014196395874 4.593780040740967 0.16829071182681024 0.005511726718395948 4452
frame-000014.color.jpg 0.22375448216743038 0.6621602773666382 -0.6370250582695007 0.32507964968681335 -1.250145673751831 -2.942793607711792 4.678056716918945 0.2391897295979822 0.006596706807613373 4458
frame-000015.color.jpg 0.23353745054618977 0.6602516174316406 -0.6311121582984924 0.3335047960281372 -1.234984040260315 -2.8095507621765137 4.775016784667969 0.13792358405522775 0.00817894283682108 4436
frame-000016.color.jpg 0.24227062252339496 0.6605762839317322 -0.6237359642982483 0.3404369056224823 -1.193527102470398 -2.6914167404174805 4.857798099517822 0.2389509931421491 0.007134577725082636 4393
frame-000017.color.jpg 0.26093957072665325 0.659400224685669 -0.6135169267654419 0.3474175035953522 -1.101324439048767 -2.48671817779541 4.999311447143555 0.19016515303592976 0.00810563750565052 4341
frame-000018.color.jpg 0.2720131028824823 0.656898021697998 -0.605462908744812 0.35764285922050476 -1.0830566883087158 -2.3142685890197754 5.089537620544434 0.2237604523248424 0.0063316915184259415 4213
frame-000019.color.jpg 0.28577439741650873 0.6537466645240784 -0.5970154404640198 0.36677083373069763 -1.0479724407196045 -2.1135787963867188 5.188823223114014 0.3535209864863397 0.008509480394423008 4099
frame-000020.color.jpg 0.2861822008117762 0.6569499969482422 -0.5869539380073547 0.3768310248851776 -1.028401494026184 -2.034813404083252 5.230513095855713 0.4319732329841937 0.011085094884037971 4071
frame-000021.color.jpg 0.288172038634236 0.6640440821647644 -0.573432207107544 0.3836376965045929 -0.9278465509414673 -1.9660471677780151 5.278482437133789 0.2960787754014151 0.007868887856602669 4080
frame-000022.color.jpg 0.29932675764123123 0.6762279868125916 -0.5529600381851196 0.38386762142181396 -0.6806417107582092 -1.8529726266860962 5.3577070236206055 0.3765470216019071 0.011342349462211132 4194
frame-000023.color.jpg 0.3099173582747771 0.6911906003952026 -0.5348964333534241 0.37428954243659973 -0.36261430382728577 -1.8172351121902466 5.398227691650391 0.35320279572055224 0.0118299201130867 4295
frame-000024.color.jpg 0.32153418198389294 0.7089747190475464 -0.5168765187263489 0.3561030924320221 0.04754321649670601 -1.8206485509872437 5.404187202453613 0.07379813291904487 0.006963411811739206 4440
frame-000025.color.jpg 0.3381650266932098 0.7256296873092651 -0.49330899119377136 0.34022393822669983 0.49048519134521484 -1.741244912147522 5.415433883666992 0.10407768886092705 0.007776904385536909 4492
frame-000026.color.jpg 0.34661009895832096 0.7351555824279785 -0.4769607186317444 0.33453887701034546 0.731713593006134 -1.666853427886963 5.417717933654785 0.15724053296678742 0.010045480914413929 4519
frame-000027.color.jpg 0.35917648310515066 0.7428497076034546 -0.4627106487751007 0.32413795590400696 0.9998078942298889 -1.5860506296157837 5.403390884399414 0.2567894995830919 0.010362651199102402 4470
frame-000028.color.jpg 0.3665331481493554 0.7512138485908508 -0.4494396448135376 0.31517502665519714 1.2218897342681885 -1.5372569561004639 5.375015735626221 0.13258635150781814 0.010562037117779255 4477
frame-000029.color.jpg 0.3808066019465078 0.7644986510276794 -0.42573434114456177 0.29879510402679443 1.6138683557510376 -1.4391146898269653 5.300165176391602 0.11233255944226926 0.0071354275569319725 4400
frame-000030.color.jpg 0.3879472459852963 0.7758292555809021 -0.40766453742980957 0.285299152135849 1.9052501916885376 -1.3896509408950806 5.218807220458984 0.07508705765051371 0.008486545644700527 4386
frame-000031.color.jpg 0.39500455686196956 0.785574734210968 -0.3904466927051544 0.2727549076080322 2.1762986183166504 -1.3304145336151123 5.127885818481445 0.02061969076887389 0.008351713418960571 4377
frame-000032.color.jpg 0.39929748238072643 0.791070818901062 -0.38259220123291016 0.26151809096336365 2.359773874282837 -1.3237190246582031 5.050020694732666 0.0643585513519294 0.008970999158918858 4340
frame-000033.color.jpg 0.409908133561356 0.7869844436645508 -0.3878653049468994 0.24938203394412994 2.479645013809204 -1.3332922458648682 4.991353988647461 0.16644608050323076 0.006060271058231592 4150
frame-000034.color.jpg 0.416755094551811 0.7845895290374756 -0.3861185312271118 0.24828803539276123 2.5502514839172363 -1.2698801755905151 4.987082004547119 0.06007116690471836 0.007116270251572132 3978
frame-000035.color.jpg 0.41486748157560505 0.7812008857727051 -0.393510103225708 0.2505193054676056 2.5130372047424316 -1.3117437362670898 5.008067607879639 0.19670044345244192 0.008443137630820274 3944
frame-000036.color.jpg 0.4208001648204268 0.770487368106842 -0.40848007798194885 0.24984091520309448 2.4487671852111816 -1.3466788530349731 5.0484938621521 0.14654856551222004 0.007462047040462494 3778
frame-000037.color.jpg 0.41158911580822294 0.7668596506118774 -0.4198463261127472 0.2573899030685425 2.318600654602051 -1.4333102703094482 5.104576110839844 0.3003643989404807 0.00828977208584547 3859
frame-000038.color.jpg 0.40808460848461514 0.7682321071624756 -0.4182252287864685 0.26148438453674316 2.327066421508789 -1.431491732597351 5.117136478424072 0.19690260104361842 0.006635270547121763 3789
frame-000039.color.jpg 0.41355753789734456 0.7731850147247314 -0.40744537115097046 0.255232036113739 2.4797890186309814 -1.3797787427902222 5.059450626373291 0.1452214143997616 0.005666031036525965 3708
frame-000040.color.jpg 0.42015997290472956 0.7923217415809631 -0.3748505115509033 0.2349020093679428 2.8841769695281982 -1.2929291725158691 4.852997779846191 0.11115445186204123 0.006353127770125866 3743
frame-000041.color.jpg 0.4223257640225356 0.8020131587982178 -0.35841965675354004 0.2234976589679718 3.0811767578125 -1.252621054649353 4.726274013519287 0.07857146798342514 0.005880823824554682 3686
frame-000042.color.jpg 0.4236324846456094 0.8198904395103455 -0.3200312554836273 0.21423129737377167 3.3707685470581055 -1.0485605001449585 4.531500339508057 0.12201832797430269 0.005512010306119919 3901
frame-000043.color.jpg 0.4221008853283525 0.827630877494812 -0.3082484304904938 0.20455054938793182 3.4846856594085693 -1.0420435667037964 4.4145379066467285 0.18773680734257867 0.004752729553729296 3991
frame-000044.color.jpg 0.42504126854918556 0.8299381136894226 -0.3021283447742462 0.1981441080570221 3.552626609802246 -1.0146913528442383 4.345717430114746 0.23562349039716285 0.006721886806190014 4007
frame-000045.color.jpg 0.43730936755324046 0.8323500752449036 -0.28330543637275696 0.18892274796962738 3.715177059173584 -0.8584561347961426 4.2269768714904785 0.21357693375704428 0.006800547242164612 3979
frame-000046.color.jpg 0.4435686454308034 0.8387392163276672 -0.26311367750167847 0.17474152147769928 3.9111876487731934 -0.760633111000061 4.053812026977539 0.1295902196592833 0.0045531210489571095 3962
frame-000047.color.jpg 0.4492284613747818 0.8439561724662781 -0.2445947229862213 0.16157114505767822 4.085533618927002 -0.6678757071495056 3.8848090171813965 0.18787743987037217 0.0029947387520223856 3944
frame-000048.color.jpg 0.45307789010407035 0.8494600653648376 -0.2263251394033432 0.14803706109523773 4.2470479011535645 -0.5870713591575623 3.711033582687378 0.37644032657655213 0.006017398089170456 3919
frame-000049.color.jpg 0.4586061850335179 0.8512710928916931 -0.2143552154302597 0.13809341192245483 4.353382587432861 -0.5167884826660156 3.58581805229187 0.36677582234439565 0.00565485842525959 3897
frame-000050.color.jpg 0.4674596939736215 0.8532313108444214 -0.19447511434555054 0.12512846291065216 4.493836879730225 -0.37806519865989685 3.401233434677124 0.39988951325554306 0.006480865180492401 3926
frame-000051.color.jpg 0.47176658661144993 0.8536278605461121 -0.1846519112586975 0.12107589840888977 4.5351409912109375 -0.2983401417732239 3.3226444721221924 0.44641049198145527 0.006215562578290701 3911
frame-000052.color.jpg 0.4653536672581552 0.8590492010116577 -0.1796770691871643 0.11487563699483871 4.555411338806152 -0.3293633460998535 3.2412397861480713 0.4008172984047541 0.0061299726366996765 3809
frame-000053.color.jpg 0.4546799454767594 0.8595929145812988 -0.19215068221092224 0.1320764571428299 4.391323566436768 -0.3855106830596924 3.405918598175049 0.4490800820907253 0.007749885320663452 3809
frame-000054.color.jpg 0.44677271388161394 0.8561709523200989 -0.2131994366645813 0.14802537858486176 4.212904453277588 -0.4941475987434387 3.5956931114196777 0.3445725848999767 0.00828871876001358 3794
frame-000055.color.jpg 0.4481909203342194 0.8474438786506653 -0.23320403695106506 0.16303303837776184 4.041178226470947 -0.549461305141449 3.7725088596343994 0.33527317562329856 0.01088728103786707 3828
frame-000056.color.jpg 0.43915421504407787 0.8347883820533752 -0.27045103907585144 0.1926867663860321 3.6949081420898438 -0.6878311038017273 4.084210395812988 0.11740249413733601 0.00820328388363123 3904
frame-000057.color.jpg 0.434070630394399 0.8301708698272705 -0.2828388214111328 0.20591561496257782 3.5530173778533936 -0.7215308547019958 4.198128700256348 0.13419161938554303 0.006995415780693293 4003
frame-000058.color.jpg 0.43194970522411263 0.8253509998321533 -0.2915544807910919 0.2172810435295105 3.44494366645813 -0.7249966263771057 4.289090633392334 0.25500188433082616 0.006488694343715906 3959
frame-000059.color.jpg 0.4252945052879532 0.822438657283783 -0.300890177488327 0.2284388393163681 3.3270647525787354 -0.7751569747924805 4.367649555206299 0.08326378793290407 0.0036182934418320656 3960
frame-000060.color.jpg 0.4114081072666433 0.8253807425498962 -0.3089075982570648 0.23252126574516296 3.249826192855835 -0.911834716796875 4.389643669128418 0.1166322835867113 0.002819195156916976 3878
frame-000061.color.jpg 0.3982077618241911 0.8413287997245789 -0.29434463381767273 0.21669700741767883 3.4272210597991943 -1.030348777770996 4.2068376541137695 0.26579766532469246 0.005460547283291817 3624
frame-000062.color.jpg 0.4080504351331554 0.8451366424560547 -0.2795220911502838 0.2027468979358673 3.6102752685546875 -0.9582998156547546 4.080077648162842 0.2772832687443036 0.005998703185468912 3615
frame-000063.color.jpg 0.4070668903212866 0.850131094455719 -0.2735126316547394 0.19174063205718994 3.7063446044921875 -0.9958559274673462 3.9929120540618896 0.20796523966279123 0.006061593070626259 3797
frame-000064.color.jpg 0.40830476257642956 0.8584780693054199 -0.25613096356391907 0.1752128005027771 3.8919990062713623 -0.9680736660957336 3.8356316089630127 0.44519946742510025 0.010318174958229065 3941
frame-000065.color.jpg 0.40716826027829683 0.8642102479934692 -0.243129163980484 0.1680559515953064 3.995008707046509 -0.9292197823524475 3.7479586601257324 0.3994205780803394 0.009737996384501457 4081
frame-000066.color.jpg 0.3972208655674385 0.8755035400390625 -0.2299296110868454 0.15113426744937897 4.128899574279785 -1.002221941947937 3.5884594917297363 0.2195172773442513 0.007703607436269522 4293
frame-000067.color.jpg 0.39406273879732 0.8792699575424194 -0.2221718579530716 0.14912599325180054 4.172466278076172 -0.9787818789482117 3.552686929702759 0.1352488846442934 0.007032608613371849 4343
frame-000068.color.jpg 0.3808539992415186 0.8881133794784546 -0.21567781269550323 0.14031411707401276 4.234442710876465 -1.0533978939056396 3.459153413772583 0.1663653321925939 0.005882155150175095 4292
frame-000069.color.jpg 0.3712167639985452 0.8934924602508545 -0.21829937398433685 0.12733696401119232 4.270197868347168 -1.2049577236175537 3.369234800338745 0.13065834385159694 0.0064686317928135395 4300
frame-000070.color.jpg 0.3624773700605009 0.8993133902549744 -0.21375566720962524 0.11897078901529312 4.329049110412598 -1.282286524772644 3.300415515899658 0.16142907977423163 0.0028078032191842794 4352
frame-000071.color.jpg 0.35091203922759046 0.9062957763671875 -0.20725563168525696 0.11195442080497742 4.3985915184021 -1.3357605934143066 3.2136011123657227 0.2502014352830708 0.0037757146637886763 4489
frame-000072.color.jpg 0.34217921234432247 0.9126230478286743 -0.19928480684757233 0.1015782430768013 4.49469518661499 -1.3740936517715454 3.092353343963623 0.26283725856716794 0.004427314270287752 4329
frame-000073.color.jpg 0.3377614615248447 0.9150955080986023 -0.1960466057062149 0.10041408240795135 4.522199630737305 -1.3812689781188965 3.0634024143218994 0.33823022064709096 0.005543590057641268 4313
frame-000074.color.jpg 0.33149116414034197 0.9189426302909851 -0.1892126351594925 0.09928073734045029 4.576507091522217 -1.3664979934692383 3.0223569869995117 0.20074580975136708 0.0047511085867881775 4234
frame-000075.color.jpg 0.3292140540872308 0.9193488359451294 -0.19070588052272797 0.10023493319749832 4.582792282104492 -1.3868181705474854 3.0340607166290283 0.3229997258911823 0.006802665069699287 4274
frame-000076.color.jpg 0.3358591474116418 0.914760172367096 -0.19994273781776428 0.10215409845113754 4.561831474304199 -1.427541971206665 3.094909906387329 0.3476283475016169 0.008499007672071457 4349
frame-000077.color.jpg 0.3380168244091275 0.9130645394325256 -0.20328748226165771 0.10359516739845276 4.562309741973877 -1.4367308616638184 3.128399610519409 0.3564774712211767 0.009387168101966381 4300
frame-000078.color.jpg 0.3364335333725137 0.9116746187210083 -0.20681148767471313 0.11353833973407745 4.537522792816162 -1.429158091545105 3.2333219051361084 0.35121344976393315 0.010151284746825695 4171
frame-000079.color.jpg 0.33711699733237427 0.9065508842468262 -0.2206891030073166 0.12575387954711914 4.430526256561279 -1.4877374172210693 3.386751413345337 0.3021747992769308 0.007055178750306368 4167
frame-000080.color.jpg 0.3392960686546718 0.8964052796363831 -0.24491173028945923 0.14613021910190582 4.2146759033203125 -1.5814553499221802 3.6443703174591064 0.2309993722877849 0.007323529105633497 4119
frame-000081.color.jpg 0.3348234552850289 0.889723002910614 -0.2661524713039398 0.15952806174755096 4.030742645263672 -1.711463451385498 3.8132195472717285 0.2854211456556829 0.010480687953531742 3957
frame-000082.color.jpg 0.3373958768369587 0.8792766332626343 -0.2866840362548828 0.17563875019550323 3.82416033744812 -1.775317668914795 4.010677337646484 0.2429432120315951 0.010423186235129833 3850
frame-000083.color.jpg 0.34626578361838406 0.8682072162628174 -0.3033543527126312 0.1851821094751358 3.6939191818237305 -1.7894705533981323 4.1535868644714355 0.25542706360665945 0.006030603777617216 3738
frame-000084.color.jpg 0.35545975414566205 0.8562720417976379 -0.31919384002685547 0.1963716447353363 3.5321412086486816 -1.7742570638656616 4.316056251525879 0.3815285240235207 0.009965973906219006 3657
frame-000085.color.jpg 0.3555614820791355 0.8509138822555542 -0.3287224769592285 0.20362494885921478 3.4260735511779785 -1.7984035015106201 4.408614158630371 0.5881442276960659 0.01309201493859291 3515
frame-000086.color.jpg 0.35372862100458036 0.8474356532096863 -0.333993136882782 0.21254980564117432 3.3366215229034424 -1.8011976480484009 4.490497589111328 0.4025095578129041 0.01010464783757925 3372
frame-000087.color.jpg 0.34783735541053473 0.8485384583473206 -0.33312347531318665 0.21913544833660126 3.3040571212768555 -1.800105333328247 4.535871505737305 0.4437648608951331 0.012380240485072136 3363
frame-000088.color.jpg 0.34026150789754916 0.8481929898262024 -0.33864277601242065 0.22385668754577637 3.224904775619507 -1.8638180494308472 4.573364734649658 0.584831906113727 0.014527641236782074 3424
frame-000089.color.jpg 0.3382340203539105 0.8434385657310486 -0.35116878151893616 0.22558733820915222 3.1164767742156982 -1.958911657333374 4.614147186279297 0.5441416411027579 0.014323307201266289 3432
frame-000090.color.jpg 0.34658192030764245 0.8454684615135193 -0.34124210476875305 0.22049479186534882 3.245882511138916 -1.8635379076004028 4.570778846740723 0.3912845154379584 0.011126173660159111 3374
frame-000091.color.jpg 0.3704905153926613 0.8554331660270691 -0.30513355135917664 0.19458793103694916 3.6973533630371094 -1.5823848247528076 4.32393741607666 0.34728320950511976 0.008449127897620201 3226
frame-000092.color.jpg 0.393252913230672 0.8611336946487427 -0.27343466877937317 0.17039459943771362 4.046934127807617 -1.315273642539978 4.060617923736572 0.26460510362343764 0.006509754806756973 3541
frame-000093.color.jpg 0.40831227112081475 0.8647443652153015 -0.24742497503757477 0.1558174192905426 4.2712907791137695 -1.093287467956543 3.8643457889556885 0.08096591619497741 0.003059956943616271 3713
frame-000094.color.jpg 0.41702251759489073 0.8675805330276489 -0.22856582701206207 0.14544349908828735 4.421865463256836 -0.9412860870361328 3.7135348320007324 0.08159885595154073 0.002995974151417613 3837
frame-000095.color.jpg 0.44068380808635577 0.8724916577339172 -0.18212488293647766 0.10670782625675201 4.808537483215332 -0.618489682674408 3.2071897983551025 0.06121576386933101 0.0055046118795871735 3967
frame-000096.color.jpg 0.4490092634571437 0.8737193942070007 -0.16734378039836884 0.08367264270782471 4.971588611602783 -0.5730072259902954 2.942216396331787 0.18539267841530235 0.006842584349215031 4018
frame-000097.color.jpg 0.4627025249132125 0.8740105032920837 -0.13530077040195465 0.06087462604045868 5.175034999847412 -0.34316176176071167 2.5966579914093018 0.14047323230741268 0.007280363701283932 3987
frame-000098.color.jpg 0.4730851840003939 0.8716643452644348 -0.11859774589538574 0.04823239520192146 5.27802848815918 -0.2152949720621109 2.402921199798584 0.14050761003688755 0.007957582361996174 3939
frame-000099.color.jpg 0.48272889589165574 0.8693089485168457 -0.10307348519563675 0.025506779551506042 5.398375511169434 -0.15485967695713043 2.122480630874634 0.20482056454002182 0.007854599505662918 3884
frame-000100.color.jpg 0.488233380597517 0.867272138595581 -0.09512113779783249 0.020472411066293716 5.439303398132324 -0.0851757600903511 2.0337772369384766 0.37944950515361875 0.010334692895412445 3870
frame-000101.color.jpg 0.49890039441534445 0.8639228940010071 -0.06859900802373886 0.005454486235976219 5.543319225311279 0.12534508109092712 1.7487058639526367 0.17963193411871228 0.00585594680160284 3854
frame-000102.color.jpg 0.5063716136411793 0.860653817653656 -0.052659161388874054 -0.009479811415076256 5.622661113739014 0.2098768949508667 1.5156517028808594 0.13373303621580016 0.004891932010650635 3893
frame-000103.color.jpg 0.5103799889122461 0.8583340048789978 -0.04951242730021477 -0.017985228449106216 5.654574871063232 0.21070249378681183 1.4177765846252441 0.18534371983277512 0.005311708431690931 3897
frame-000104.color.jpg 0.5157175199368527 0.8552265167236328 -0.04531177133321762 -0.02387097477912903 5.675732612609863 0.23263530433177948 1.3362765312194824 0.21995483633795526 0.006201560143381357 3789
frame-000105.color.jpg 0.5252152000705215 0.8499693274497986 -0.024522313848137856 -0.033163972198963165 5.727651119232178 0.40065571665763855 1.1213172674179077 0.22473691591210299 0.006665551103651524 3923
frame-000106.color.jpg 0.5252451255672681 0.8498672842979431 -0.014534741640090942 -0.04039616882801056 5.753342151641846 0.45562466979026794 0.9941198229789734 0.13808702834763203 0.004490952473133802 4020
frame-000107.color.jpg 0.5249123580886427 0.8499812483787537 -0.005154648330062628 -0.044410333037376404 5.770510196685791 0.5197957754135132 0.9023220539093018 0.25320621158977397 0.007079007104039192 4056
frame-000108.color.jpg 0.5230692229650266 0.850884199142456 -0.0001114123806473799 -0.04893502593040466 5.78568696975708 0.5304546356201172 0.8310326337814331 0.20193750433876242 0.006043613888323307 4002
frame-000109.color.jpg 0.5185077200024039 0.8525137305259705 0.01797880046069622 -0.06361430883407593 5.8221211433410645 0.6005859375 0.5870566368103027 0.12301857716173932 0.004489102400839329 4179
frame-000110.color.jpg 0.5166757207617472 0.8529434204101562 0.02712978795170784 -0.06926469504833221 5.8347554206848145 0.6506001353263855 0.48027941584587097 0.1075245264832968 0.004559265449643135 4252
frame-000111.color.jpg 0.5048533557812462 0.8568102717399597 0.05489366129040718 -0.08936382085084915 5.864782810211182 0.7710281014442444 0.13338667154312134 0.10108742670621018 0.003304087556898594 4396
frame-000112.color.jpg 0.5010446915011928 0.8573464751243591 0.06877311319112778 -0.0958200991153717 5.867682456970215 0.8528638482093811 -0.006471192464232445 0.19660426051510638 0.004911473952233791 4186
frame-000113.color.jpg 0.4823962430002773 0.8641007542610168 0.09033552557229996 -0.11163847148418427 5.866519451141357 0.9462257027626038 -0.26020199060440063 0.041090731541807445 0.0012994951102882624 4123
frame-000114.color.jpg 0.47240857617895443 0.8671140074729919 0.0989166870713234 -0.12312156707048416 5.860529899597168 0.9515861868858337 -0.4127829968929291 0.24939240471196808 0.005420927423983812 4109
frame-000115.color.jpg 0.466240709793917 0.869538426399231 0.1012263372540474 -0.12757667899131775 5.858877658843994 0.9387192130088806 -0.46413323283195496 0.36206963524327174 0.008371684700250626 4026
frame-000116.color.jpg 0.4578169012350543 0.8735264539718628 0.10377294570207596 -0.128788024187088 5.8510355949401855 0.9424864053726196 -0.479367196559906 0.441671994883906 0.010598678141832352 4042
frame-000117.color.jpg 0.4296774153087785 0.8873081803321838 0.11348975449800491 -0.12321396917104721 5.84495735168457 1.0243679285049438 -0.43908894062042236 0.3081854191073949 0.007110362872481346 4357
frame-000118.color.jpg 0.42577714895669444 0.8890150785446167 0.11430170387029648 -0.12369810789823532 5.843664169311523 1.0206751823425293 -0.442925363779068 0.23892607362384913 0.006838913541287184 4401
frame-000119.color.jpg 0.41811686346421967 0.89292311668396 0.11613181978464127 -0.1199166402220726 5.842955112457275 1.0451593399047852 -0.4011211395263672 0.268845477159252 0.006922831293195486 4384
frame-000120.color.jpg 0.41082194551761847 0.8964094519615173 0.11935558915138245 -0.11588572710752487 5.83828067779541 1.0852539539337158 -0.36117905378341675 0.3017107199393402 0.009210619144141674 4303
frame-000121.color.jpg 0.4040414583101186 0.9015598893165588 0.11195452511310577 -0.10680073499679565 5.881155967712402 1.029868483543396 -0.21484538912773132 0.3324505465879379 0.007276453077793121 4438
frame-000122.color.jpg 0.394665142650846 0.9072034955024719 0.10311753302812576 -0.10289837419986725 5.916481018066406 0.9344050884246826 -0.11541639268398285 0.14249778308672645 0.00424672057852149 4441
frame-000123.color.jpg 0.38228261226768456 0.9134423136711121 0.0911029502749443 -0.10575126856565475 5.964514255523682 0.7656854391098022 -0.07118426263332367 0.22284043117972696 0.005511380732059479 4421
frame-000124.color.jpg 0.37843469161800036 0.915415346622467 0.08974721282720566 -0.10366959869861603 5.977237701416016 0.7517516016960144 -0.036198798567056656 0.1735800930293901 0.004539606627076864 4378
frame-000125.color.jpg 0.3756466987261794 0.9173635840415955 0.08677566051483154 -0.09901370108127594 5.991713047027588 0.7323004603385925 0.034957997500896454 0.07258305960797679 0.0035984895657747984 4375
frame-000126.color.jpg 0.36623344243545186 0.9224721789360046 0.07741230726242065 -0.09447523951530457 6.011373043060303 0.6245248913764954 0.13262148201465607 0.11381997987638498 0.005260454025119543 4288
frame-000127.color.jpg 0.35199192371670435 0.9282357096672058 0.07694210112094879 -0.09252085536718369 6.02858829498291 0.5901573896408081 0.170564204454422 0.32462707182179074 0.009273429401218891 4211
frame-000128.color.jpg 0.3483034852616711 0.9297426342964172 0.07788858562707901 -0.09053494036197662 6.038605213165283 0.5981577038764954 0.19296319782733917 0.20470170324020773 0.007030765525996685 4095
frame-000129.color.jpg 0.3453241859317475 0.9305104613304138 0.0773133635520935 -0.0944686308503151 6.053961753845215 0.5673190355300903 0.15544268488883972 0.1694907307072565 0.006115259137004614 4024
frame-000130.color.jpg 0.33310112398497915 0.9343385696411133 0.08725413680076599 -0.09187919646501541 6.074235439300537 0.6593309640884399 0.15151996910572052 0.1387739292666811 0.004914635326713324 3869
frame-000131.color.jpg 0.32463944093598 0.9377859830856323 0.08118273317813873 -0.0926075279712677 6.090514183044434 0.5657889246940613 0.16994354128837585 0.17304789856308445 0.004225220065563917 3741
frame-000132.color.jpg 0.32192990778464287 0.9390528798103333 0.07824957370758057 -0.09174883365631104 6.095366477966309 0.5243637561798096 0.19444981217384338 0.20949342778851546 0.004611659329384565 3752
frame-000133.color.jpg 0.3147647011555144 0.9415788650512695 0.07607156038284302 -0.0925503522157669 6.097301483154297 0.4810153841972351 0.1946759819984436 0.22636679648322372 0.004981420002877712 3643
frame-000134.color.jpg 0.3077193264836582 0.9437882900238037 0.07604243606328964 -0.0937550812959671 6.100229740142822 0.45835649967193604 0.18339017033576965 0.12037986964607977 0.0027277320623397827 3585
frame-000135.color.jpg 0.3026523866978662 0.9454997181892395 0.07308598607778549 -0.09534206986427307 6.105808258056641 0.40700796246528625 0.1766664683818817 0.15577280268738836 0.0016051728744059801 3468
frame-000136.color.jpg 0.302630231009743 0.9456458687782288 0.07211082428693771 -0.09470450133085251 6.104622840881348 0.39642569422721863 0.18659591674804688 0.14004148964667384 0.0036151695530861616 3553
frame-000137.color.jpg 0.31238190830639684 0.9426277279853821 0.06807109713554382 -0.0961083322763443 6.106112003326416 0.36759713292121887 0.18496321141719818 0.18553867370881139 0.004224071279168129 3514
frame-000138.color.jpg 0.32836034683964027 0.9368899464607239 0.06798721104860306 -0.09896761178970337 6.110234260559082 0.39984244108200073 0.15364253520965576 0.1791054759440924 0.0038965786807239056 3786
frame-000139.color.jpg 0.3471102179328733 0.9293603301048279 0.07086940854787827 -0.10383334755897522 6.114964962005615 0.47084763646125793 0.08253301680088043 0.296522444212775 0.007209756877273321 3956
frame-000140.color.jpg 0.3584711388982655 0.9245074987411499 0.07166940718889236 -0.10792498290538788 6.124745845794678 0.49613654613494873 0.026832081377506256 0.18499373933887808 0.004542385693639517 4074
frame-000141.color.jpg 0.3711842205174209 0.9185776114463806 0.0806560218334198 -0.10923387855291367 6.134336471557617 0.6268739104270935 -0.03248630464076996 0.14140655364511112 0.0027717966586351395 4405
frame-000142.color.jpg 0.3753344644615252 0.9159747362136841 0.08856864273548126 -0.11076866835355759 6.135189056396484 0.7223949432373047 -0.08712408691644669 0.1353615160645325 0.0031956045422703028 4430
frame-000143.color.jpg 0.3920732441467508 0.9050273895263672 0.11137714982032776 -0.12165147811174393 6.129173755645752 0.9663181900978088 -0.31739190220832825 0.22198956569995792 0.004139813594520092 4603
frame-000144.color.jpg 0.3934130396407196 0.9032628536224365 0.11671031266450882 -0.12538345158100128 6.124732494354248 1.0141973495483398 -0.382235586643219 0.2815691857680601 0.004808919504284859 4612
frame-000145.color.jpg 0.39721375448323515 0.9005905389785767 0.12210782617330551 -0.12746590375900269 6.114736080169678 1.0743837356567383 -0.4304414689540863 0.21447350280731423 0.004569381009787321 4586
frame-000146.color.jpg 0.44629816391797267 0.8769814968109131 0.10850144922733307 -0.14124053716659546 6.112094402313232 0.9507611393928528 -0.5662953853607178 0.35339705590550097 0.005764596164226532 4450
frame-000147.color.jpg 0.45538182888309237 0.8747308850288391 0.10077985376119614 -0.13159297406673431 6.1193437576293945 0.9337422251701355 -0.43622276186943054 0.18673232930755043 0.0023409011773765087 4308
frame-000148.color.jpg 0.4563309168067636 0.8757888674736023 0.09420231729745865 -0.1260235458612442 6.125702381134033 0.9009894132614136 -0.34328940510749817 0.1814785397938487 0.0014450176386162639 4228
frame-000149.color.jpg 0.46228757199357184 0.8756106495857239 0.08633985370397568 -0.11018846184015274 6.1147918701171875 0.9227961897850037 -0.1580527126789093 0.171710382104952 0.003277482930570841 4054
frame-000150.color.jpg 0.46911548866710273 0.8741449117660522 0.07490318268537521 -0.1009499654173851 6.096538066864014 0.9057881832122803 -0.0682215467095375 0.27509008432964194 0.004660178907215595 4191
frame-000151.color.jpg 0.47175082009165914 0.873529851436615 0.07276593148708344 -0.095403291285038 6.085240840911865 0.9258827567100525 -0.01988234557211399 0.33684873484617656 0.005603631027042866 4191
frame-000152.color.jpg 0.47523332807836627 0.8726655840873718 0.06796279549598694 -0.08938208967447281 6.076107978820801 0.9212013483047485 0.048027247190475464 0.25723572971539055 0.003821973456069827 4190
frame-000153.color.jpg 0.48066722987618843 0.8708867430686951 0.06225018948316574 -0.08148723840713501 6.0692877769470215 0.9192159175872803 0.13891378045082092 0.3014010135491624 0.006226916331797838 4310
frame-000154.color.jpg 0.4846253338410517 0.8699601888656616 0.05148964002728462 -0.075208880007267 6.068496227264404 0.8466459512710571 0.24872753024101257 0.13742240558466484 0.0043186708353459835 4268
frame-000155.color.jpg 0.482695174365966 0.8720288276672363 0.04557365924119949 -0.06703868508338928 6.067935466766357 0.8328118920326233 0.36993080377578735 0.2762993479778515 0.005493472330272198 4267
frame-000156.color.jpg 0.4746322120954513 0.8788423538208008 0.017190394923090935 -0.045440733432769775 6.094903945922852 0.6450225710868835 0.770068883895874 0.21051260673851507 0.0035443876404315233 4193
frame-000157.color.jpg 0.47526416470054034 0.8789259195327759 -0.00031073568970896304 -0.04016529396176338 6.114384651184082 0.4893439710140228 0.9274364709854126 0.14832310735552753 0.0038880729116499424 4013
frame-000158.color.jpg 0.4688561684553941 0.8823134303092957 -0.02036282978951931 -0.035810768604278564 6.159522533416748 0.290721595287323 1.0992724895477295 0.21279778526356036 0.003097276436164975 4096
frame-000159.color.jpg 0.4706130257304053 0.8812938332557678 -0.02471114695072174 -0.035127587616443634 6.176307201385498 0.24989762902259827 1.1287776231765747 0.09430278102413966 0.0034136916510760784 3981
frame-000160.color.jpg 0.47483858875408147 0.87931227684021 -0.028777414932847023 -0.022582264617085457 6.208481311798096 0.3004555106163025 1.2866129875183105 0.0508395625967978 0.002995437243953347 4142
frame-000161.color.jpg 0.47976201464103996 0.8766727447509766 -0.02832924947142601 -0.021696850657463074 6.251611232757568 0.3290756046772003 1.2944892644882202 0.16388321209974216 0.004761973861604929 4253
frame-000162.color.jpg 0.48405234326827773 0.874237060546875 -0.027882220223546028 -0.02500961907207966 6.27871036529541 0.32851582765579224 1.2537682056427002 0.21817794661712056 0.004908466245979071 4275
frame-000163.color.jpg 0.48971320665348717 0.8709992170333862 -0.010772328823804855 -0.037753041833639145 6.359721660614014 0.4489007592201233 1.0100723505020142 0.14886910894251865 0.00412809569388628 4414
frame-000164.color.jpg 0.49001771107760067 0.8707311153411865 -0.004090890288352966 -0.04114829748868942 6.377951622009277 0.5031561255455017 0.933545708656311 0.147745449442559 0.0033348517026752234 4382
frame-000165.color.jpg 0.4955864843341924 0.8670797348022461 0.00848627183586359 -0.04994719848036766 6.432297706604004 0.6021426320075989 0.7538523077964783 0.12045119976618145 0.000776044325903058 4353
frame-000166.color.jpg 0.4984206318470274 0.8650341629981995 0.012676791287958622 -0.055964935570955276 6.452813148498535 0.6151377558708191 0.6590225696563721 0.1161045314114088 0.0016105970134958625 4291
frame-000167.color.jpg 0.5021354825824753 0.8615577816963196 0.02960839495062828 -0.06856688857078552 6.489432334899902 0.7297565340995789 0.40149030089378357 0.09218398830851428 0.0012613878352567554 4370
frame-000168.color.jpg 0.4999012757257165 0.8620703220367432 0.035525523126125336 -0.0753081887960434 6.49907112121582 0.746611475944519 0.2880990207195282 0.17246851976261018 0.002311473013833165 4399
frame-000169.color.jpg 0.5043306236645242 0.8582894802093506 0.04745584726333618 -0.08208402246236801 6.502915382385254 0.8380356431007385 0.11871891468763351 0.07141150874254772 0.0013768504140898585 4400
frame-000170.color.jpg 0.5035033846682906 0.8582017421722412 0.05235724151134491 -0.08504514396190643 6.507999420166016 0.8744555115699768 0.05261607840657234 0.10158871189847887 0.004451632034033537 4445
frame-000171.color.jpg 0.504963251099829 0.8565028309822083 0.05642324686050415 -0.09072719514369965 6.511115550994873 0.8847537040710449 -0.040867097675800323 0.2584497958403603 0.00682987691834569 4391
frame-000172.color.jpg 0.5081207741694449 0.8529652953147888 0.06547333300113678 -0.0998837873339653 6.506211280822754 0.9323147535324097 -0.21329857409000397 0.31720156229650265 0.007505031302571297 4326
frame-000173.color.jpg 0.5099325491725573 0.8513606786727905 0.06942412257194519 -0.10165659338235855 6.498754501342773 0.9622052907943726 -0.2658166289329529 0.1277488566879434 0.004636622965335846 4276
frame-000174.color.jpg 0.5206678480123482 0.8406646251678467 0.09124957770109177 -0.11773483455181122 6.444695949554443 1.1162774562835693 -0.6339541077613831 0.22230264716408102 0.005099116824567318 4130
frame-000175.color.jpg 0.5245296777739634 0.8371169567108154 0.09706474095582962 -0.12117034941911697 6.4261345863342285 1.1597294807434082 -0.7248223423957825 0.18212044417369766 0.0060500819236040115 3996
frame-000176.color.jpg 0.5235309223013179 0.8308237195014954 0.13001540303230286 -0.13690641522407532 6.296078205108643 1.4132593870162964 -1.1474825143814087 0.09526054830256867 0.00522496085613966 4023
frame-000177.color.jpg 0.5179861362274336 0.8302401304244995 0.1450219452381134 -0.14615149796009064 6.212685585021973 1.52107834815979 -1.3608472347259521 0.10750977220747251 0.004637235309928656 4077
frame-000178.color.jpg 0.5109893058754519 0.8314887285232544 0.15441220998764038 -0.15386106073856354 6.147576808929443 1.5803372859954834 -1.5143756866455078 0.2281796780993332 0.004745173268020153 4173
frame-000179.color.jpg 0.5081406926482809 0.8333994150161743 0.15534912049770355 -0.15200351178646088 6.1442790031433105 1.6039009094238281 -1.5010181665420532 0.1861440926054963 0.004836458712816238 4231
frame-000180.color.jpg 0.5011979887183071 0.8355540633201599 0.162991464138031 -0.15518976747989655 6.100556373596191 1.6722217798233032 -1.5810370445251465 0.35609367328676017 0.0068004438653588295 4253
frame-000181.color.jpg 0.4996306460085353 0.833695650100708 0.17276312410831451 -0.15960457921028137 6.044697284698486 1.74980890750885 -1.6954691410064697 0.3367440675332314 0.00642749946564436 4216
frame-000182.color.jpg 0.4967508661632671 0.8322344422340393 0.18455339968204498 -0.16298571228981018 5.980010986328125 1.8559823036193848 -1.8097378015518188 0.3162554743747501 0.005916593596339226 4266
frame-000183.color.jpg 0.48845059161447263 0.8269543051719666 0.2137233465909958 -0.1785636842250824 5.792986869812012 2.0710837841033936 -2.1417901515960693 0.31286063023341576 0.005961931310594082 4215
frame-000184.color.jpg 0.48670497594960205 0.8230084776878357 0.22496387362480164 -0.18752746284008026 5.706600666046143 2.1299326419830322 -2.298661708831787 0.31774931145142593 0.005891414359211922 4137
frame-000185.color.jpg 0.4839571028307975 0.8163689970970154 0.24268083274364471 -0.20107999444007874 5.562883377075195 2.2150774002075195 -2.5310473442077637 0.29996982211378026 0.005349126644432545 4256
frame-000186.color.jpg 0.4757337741286954 0.8166085481643677 0.2517724633216858 -0.20841898024082184 5.489155292510986 2.270172595977783 -2.628606081008911 0.3746947596763643 0.009403041563928127 4197
frame-000187.color.jpg 0.4672322625833741 0.8123956322669983 0.26913687586784363 -0.2219744473695755 5.347756862640381 2.3635218143463135 -2.827634811401367 0.18473808749267862 0.004780943505465984 4120
frame-000188.color.jpg 0.4643954232809929 0.8119204640388489 0.27194246649742126 -0.22620649635791779 5.326388359069824 2.3707568645477295 -2.871053457260132 0.11267945834691186 0.004231952130794525 4150
frame-000189.color.jpg 0.46420748918441657 0.8081192970275879 0.2775104343891144 -0.2333296239376068 5.268969535827637 2.3800740242004395 -2.969163656234741 0.10959953661912535 0.004044074099510908 4170
frame-000190.color.jpg 0.46128253553994364 0.7999989986419678 0.29386427998542786 -0.24670566618442535 5.125882148742676 2.4517388343811035 -3.1655173301696777 0.0580441481859584 0.002446949016302824 4179
frame-000191.color.jpg 0.4656575233205735 0.7938439249992371 0.2926563024520874 -0.25947505235671997 5.126798152923584 2.3233795166015625 -3.245530605316162 0.1609617721050411 0.004986693616956472 4080
frame-000192.color.jpg 0.46656159218576077 0.7929204106330872 0.2922968864440918 -0.26107481122016907 5.130669593811035 2.30483341217041 -3.253248929977417 0.08105892416156593 0.003983100410550833 4140
frame-000193.color.jpg 0.46880604750476706 0.7882907390594482 0.29747894406318665 -0.2651883363723755 5.100960731506348 2.3044698238372803 -3.292513847351074 0.14604121052293503 0.005254500079900026 4200
frame-000194.color.jpg 0.46897535759296405 0.7860344052314758 0.3013482987880707 -0.26721012592315674 5.071100234985352 2.3172569274902344 -3.3195595741271973 0.2158807752403881 0.00754318805411458 4184
frame-000195.color.jpg 0.4685307765591878 0.7863452434539795 0.30220919847488403 -0.26610067486763 5.075141906738281 2.332216501235962 -3.299700975418091 0.208749710901351 0.00648590549826622 4155
frame-000196.color.jpg 0.4677890879129856 0.7845316529273987 0.30888140201568604 -0.2650957405567169 5.062971115112305 2.3620219230651855 -3.237098217010498 0.060315005992109136 0.004884723573923111 4234
frame-000197.color.jpg 0.46638149224121445 0.7847316861152649 0.31026169657707214 -0.2653719186782837 5.063024520874023 2.3692893981933594 -3.22794771194458 0.13076327796880655 0.004468737635761499 4186
frame-000198.color.jpg 0.4644377583576214 0.7847334742546082 0.31137561798095703 -0.26746249198913574 5.0509209632873535 2.3675827980041504 -3.244673013687134 0.12821125515866796 0.0030598975718021393 4190
frame-000199.color.jpg 0.4633091291589292 0.7831172943115234 0.3171675503253937 -0.2673514485359192 5.012111186981201 2.420836925506592 -3.254894256591797 0.1411485672615977 0.005486536771059036 4199
frame-000200.color.jpg 0.45937329465562327 0.7743864059448242 0.3325849771499634 -0.28051599860191345 4.829408168792725 2.4795217514038086 -3.4490644931793213 0.22044930468126717 0.005232861265540123 4216
frame-000201.color.jpg 0.4502306966920269 0.7660764455795288 0.35862311720848083 -0.28602197766304016 4.5726542472839355 2.702275037765503 -3.5968472957611084 0.07793393919351321 0.002471919171512127 4288
frame-000202.color.jpg 0.44762059614176897 0.7609701156616211 0.3676171898841858 -0.2922636866569519 4.461292743682861 2.743509531021118 -3.686688184738159 0.13239685377898996 0.0025953748263418674 4330
frame-000203.color.jpg 0.436734760107042 0.7581028342247009 0.3808494508266449 -0.2991597056388855 4.304168701171875 2.8303728103637695 -3.762608528137207 0.12644398373156684 0.002151235705241561 4483
frame-000204.color.jpg 0.42780165675178655 0.7606564164161682 0.3856755197048187 -0.2994023859500885 4.262307643890381 2.8933424949645996 -3.7458903789520264 0.08030093991635981 0.0007376582361757755 4560
frame-000205.color.jpg 0.42413681149015403 0.7609697580337524 0.3885033130645752 -0.3001634180545807 4.232331275939941 2.9191462993621826 -3.7477848529815674 0.08170551762636268 0.0010361497988924384 4535
frame-000206.color.jpg 0.4148105359197552 0.7622860074043274 0.39693254232406616 -0.29882553219795227 4.162222862243652 3.0194215774536133 -3.7278928756713867 0.13720540033617148 0.001226170570589602 4587
frame-000207.color.jpg 0.4060155486475198 0.7622000575065613 0.4046953022480011 -0.3007061183452606 4.074906826019287 3.0943775177001953 -3.7411327362060547 0.16142992020766464 0.002409548033028841 4625
frame-000208.color.jpg 0.39293448818489524 0.7689101696014404 0.4043327569961548 -0.30148744583129883 4.076630592346191 3.1088149547576904 -3.692129135131836 0.19629155257695352 0.003201395506039262 4632
frame-000209.color.jpg 0.38885988050881515 0.7719270586967468 0.4067804217338562 -0.2957132160663605 4.0824761390686035 3.1704492568969727 -3.621711492538452 0.18020953867082792 0.003539022756740451 4636
frame-000210.color.jpg 0.37908705840205636 0.7756744027137756 0.41170933842658997 -0.2917492985725403 4.060164928436279 3.2567708492279053 -3.554919719696045 0.2396280356436266 0.004805806092917919 4628
frame-000211.color.jpg 0.36925758870884623 0.7786499261856079 0.4157261848449707 -0.29073166847229004 4.033426761627197 3.3144140243530273 -3.5116782188415527 0.2626888353548524 0.006659170147031546 4610
frame-000212.color.jpg 0.3551466329930232 0.7771700620651245 0.43096333742141724 -0.2900830805301666 3.8862338066101074 3.4687039852142334 -3.4913179874420166 0.12936582393266458 0.005276430398225784 4693
frame-000213.color.jpg 0.352135523364338 0.7757261991500854 0.4363531768321991 -0.2895606756210327 3.83315372467041 3.517113208770752 -3.4861888885498047 0.07069074369223285 0.005052825435996056 4680
frame-000214.color.jpg 0.3464506394555841 0.7710691690444946 0.4458844065666199 -0.2942980229854584 3.7099103927612305 3.5645759105682373 -3.5273196697235107 0.02250297702779272 0.0037448725197464228 4702
frame-000215.color.jpg 0.34014671888205467 0.7723286151885986 0.4511784017086029 -0.2902528643608093 3.6811583042144775 3.641472578048706 -3.472555637359619 0.13008736938545296 0.005569468252360821 4700
frame-000216.color.jpg 0.3342561350451634 0.7767663598060608 0.45059242844581604 -0.28613507747650146 3.7176096439361572 3.6677892208099365 -3.4041736125946045 0.054696214904421614 0.0034699728712439537 4653
frame-000217.color.jpg 0.3197971111905641 0.7842279672622681 0.44656991958618164 -0.2886030673980713 3.7944908142089844 3.6578660011291504 -3.362290143966675 0.04979725838717666 0.0013719135895371437 4721
frame-000218.color.jpg 0.30992835221865833 0.7876909971237183 0.4500889182090759 -0.28444206714630127 3.802266836166382 3.726778984069824 -3.287719249725342 0.0795140941198464 0.0028685382567346096 4692
frame-000219.color.jpg 0.30682438135795104 0.7886508703231812 0.4532606601715088 -0.2800773084163666 3.7971320152282715 3.7798585891723633 -3.2376205921173096 0.13152849927968596 0.003863789839670062 4643
frame-000220.color.jpg 0.3046009912787785 0.778916597366333 0.4703202545642853 -0.2816131114959717 3.638557195663452 3.9192116260528564 -3.2996108531951904 0.06809754631398247 0.004462142009288073 4550
frame-000221.color.jpg 0.3101389292459464 0.7573972344398499 0.4929972290992737 -0.29515594244003296 3.3378043174743652 4.027304172515869 -3.5275447368621826 0.190718291636995 0.0053865318186581135 4625
frame-000222.color.jpg 0.3138865237690155 0.7472497820854187 0.4974532425403595 -0.30924612283706665 3.226701259613037 3.9834229946136475 -3.706892490386963 0.1412364926069484 0.003592206398025155 4621
frame-000223.color.jpg 0.3176122790166393 0.7382954955101013 0.5039985775947571 -0.3162713646888733 3.1151280403137207 3.9889934062957764 -3.815399646759033 0.14142268196289737 0.0018273406894877553 4549
frame-000224.color.jpg 0.32707438270218686 0.7282220721244812 0.5062752366065979 -0.32619062066078186 3.0295403003692627 3.9251604080200195 -3.9700567722320557 0.07004341651570886 0.0033396182116121054 4512
frame-000225.color.jpg 0.33272725082545185 0.719724178314209 0.5116758346557617 -0.3308737874031067 2.9323785305023193 3.923738956451416 -4.060833930969238 0.13122111408660894 0.0028922262135893106 4594
frame-000226.color.jpg 0.3400697042698644 0.7080127000808716 0.5172746181488037 -0.3398493230342865 2.8059613704681396 3.889050245285034 -4.205064296722412 0.11956850453766309 0.002613531658425927 4572
frame-000227.color.jpg 0.3395186525892933 0.6901150941848755 0.5354518294334412 -0.34894058108329773 2.5112969875335693 3.9614171981811523 -4.336888790130615 0.06476745556763103 0.0016000894829630852 4532
frame-000228.color.jpg 0.33703315935902645 0.663007915019989 0.5604012608528137 -0.36438941955566406 2.0436131954193115 4.015314102172852 -4.526340961456299 0.2377676628684444 0.004936644341796637 4595
frame-000229.color.jpg 0.3380328679073616 0.6303885579109192 0.5839298963546753 -0.38388800621032715 1.511906623840332 3.9862723350524902 -4.748276710510254 0.3880949771781211 0.008544404059648514 4664
frame-000230.color.jpg 0.33742090159866867 0.6212369203567505 0.5896848440170288 -0.3904913663864136 1.3481426239013672 3.971848726272583 -4.809463024139404 0.3188205572536337 0.00815608911216259 4662
frame-000231.color.jpg 0.3345166680468843 0.6052703261375427 0.6002285480499268 -0.40183594822883606 1.0605053901672363 3.9484143257141113 -4.899321556091309 0.21160032770405285 0.005408016499131918 4678
frame-000232.color.jpg 0.33396872145001677 0.5935074687004089 0.611914336681366 -0.4022120237350464 0.8448066115379333 3.9835751056671143 -4.908726692199707 0.25848930955192595 0.007888764142990112 4663
frame-000233.color.jpg 0.3284967013346701 0.5688704252243042 0.6313715577125549 -0.4121241271495819 0.3923940360546112 3.98239803314209 -4.962207794189453 0.2892023490523725 0.009528391063213348 4655
frame-000234.color.jpg 0.3192007894042302 0.5483790636062622 0.6489255428314209 -0.4198653995990753 -0.0015300511149689555 3.9979448318481445 -4.969320297241211 0.3082846969741981 0.009740021079778671 4635
frame-000235.color.jpg 0.30843234245382467 0.5237435102462769 0.6651968359947205 -0.4336766004562378 -0.43574532866477966 3.952543258666992 -4.988092422485352 0.2861313786076584 0.01120043732225895 4559
frame-000236.color.jpg 0.2944500986992706 0.491627037525177 0.6852027773857117 -0.4495544731616974 -0.9759239554405212 3.871875286102295 -4.96959924697876 0.4444855258938488 0.013407966122031212 4616
frame-000237.color.jpg 0.27140896366240697 0.4394945800304413 0.7152143716812134 -0.47079724073410034 -1.8109173774719238 3.7281150817871094 -4.837055683135986 0.36516936718769394 0.01322128251194954 4636
frame-000238.color.jpg 0.2637381186698525 0.4270972013473511 0.7223629355430603 -0.4756281077861786 -2.013443946838379 3.692474603652954 -4.771312713623047 0.2932779709548867 0.011610821820795536 4693
frame-000239.color.jpg 0.2547987736713546 0.4161096215248108 0.72829669713974 -0.4811592996120453 -2.1928415298461914 3.662818193435669 -4.705165386199951 0.15809049131205732 0.008855998516082764 4675
frame-000240.color.jpg 0.24818510113539563 0.4064871370792389 0.7352886199951172 -0.48220646381378174 -2.344651699066162 3.6596615314483643 -4.638986587524414 0.3247121023408721 0.012240073643624783 4587
frame-000241.color.jpg 0.25266269066799557 0.40784114599227905 0.7393360137939453 -0.4724505543708801 -2.3154971599578857 3.711536407470703 -4.635740756988525 0.29239108689941645 0.012042415328323841 4575
frame-000242.color.jpg 0.25180906555015314 0.425785094499588 0.7351396679878235 -0.46353960037231445 -2.0985734462738037 3.8699305057525635 -4.65749979019165 0.28264512732532227 0.01228642649948597 4626
frame-000243.color.jpg 0.24263897543573504 0.4361678957939148 0.7332364916801453 -0.46178799867630005 -2.0079827308654785 3.998749256134033 -4.634819030761719 0.35114920329705274 0.013952379114925861 4534
frame-000244.color.jpg 0.23526059155698997 0.4499220848083496 0.7375231385231018 -0.4452888071537018 -1.8771471977233887 4.231570720672607 -4.531648635864258 0.12796351405890954 0.0070747374556958675 4554
frame-000245.color.jpg 0.2199977895379876 0.4372101128101349 0.7550987601280212 -0.43620431423187256 -2.1553664207458496 4.34364128112793 -4.321142196655273 0.2773967672784022 0.01016609463840723 4460
frame-000246.color.jpg 0.2066625361585147 0.3984428644180298 0.7818498015403748 -0.4327179491519928 -2.7507050037384033 4.259157180786133 -4.074406147003174 0.23944826293023777 0.0063355350866913795 4395
frame-000247.color.jpg 0.1982509374812429 0.3476350009441376 0.8006467819213867 -0.44588249921798706 -3.41113543510437 3.9351913928985596 -3.913003921508789 0.3955678177799233 0.011342380195856094 4337
frame-000248.color.jpg 0.18911796435909506 0.3178187608718872 0.8073279857635498 -0.45983394980430603 -3.783642292022705 3.716538429260254 -3.798759937286377 0.37930697831554766 0.012918361462652683 4384
frame-000249.color.jpg 0.18288940847102864 0.30551496148109436 0.8077765703201294 -0.4697970151901245 -3.938556671142578 3.6156368255615234 -3.74373722076416 0.4090064017349085 0.013825266622006893 4387
frame-000250.color.jpg 0.17915520506179225 0.27566102147102356 0.8099424242973328 -0.48570331931114197 -4.258353233337402 3.3229405879974365 -3.654564142227173 0.4567798397194453 0.01649649813771248 4359
frame-000251.color.jpg 0.1829781271006328 0.26102349162101746 0.8062129616737366 -0.4984038472175598 -4.380539417266846 3.1263227462768555 -3.6816413402557373 0.3859788991958865 0.015213333070278168 4459
frame-000252.color.jpg 0.18632068359642243 0.25437289476394653 0.7973442077636719 -0.5146077275276184 -4.420993328094482 2.96238374710083 -3.7604470252990723 0.34305051993212166 0.014499129727482796 4368
frame-000253.color.jpg 0.1988855878076318 0.25084370374679565 0.7868289947509766 -0.5276572108268738 -4.391018867492676 2.794578790664673 -3.9269144535064697 0.20525752322413074 0.01109593641012907 4401
frame-000254.color.jpg 0.20352724305400277 0.24799852073192596 0.7811290621757507 -0.5356405377388 -4.397062301635742 2.6966593265533447 -3.992577075958252 0.314017333441528 0.014686300419270992 4446
frame-000255.color.jpg 0.21988173185263302 0.24246907234191895 0.7721247673034668 -0.544687032699585 -4.368147850036621 2.4919533729553223 -4.159835338592529 0.3531644559477503 0.014420051127672195 4343
frame-000256.color.jpg 0.23969314468524794 0.24487067759037018 0.759452760219574 -0.5530073642730713 -4.248440265655518 2.3247976303100586 -4.387584686279297 0.20315850737460797 0.010736396536231041 4196
frame-000257.color.jpg 0.2542032163987053 0.24849578738212585 0.7484902739524841 -0.5598150491714478 -4.132222652435303 2.200688600540161 -4.563282012939453 0.0776619122355829 0.006863283459097147 4101
frame-000258.color.jpg 0.26178369258292605 0.2503034174442291 0.7430691123008728 -0.5627306699752808 -4.068655967712402 2.137233257293701 -4.651971340179443 0.1262731623012504 0.0030699686612933874 4060
frame-000259.color.jpg 0.26861173853099973 0.25233280658721924 0.7386055588722229 -0.5644800066947937 -4.013595104217529 2.0916900634765625 -4.727536201477051 0.09764417093109072 0.0033288095146417618 4053
frame-000260.color.jpg 0.2806500858621361 0.2536625862121582 0.7268611192703247 -0.5732046961784363 -3.9187662601470947 1.941129446029663 -4.87158203125 0.11337270920745493 0.00146473478525877 3931
frame-000261.color.jpg 0.2825734642287001 0.25303688645362854 0.7222453355789185 -0.5783478021621704 -3.9054365158081055 1.8820923566818237 -4.903398036956787 0.09849490300872754 0.0030045972671359777 3905
frame-000262.color.jpg 0.2835805118288941 0.2521805763244629 0.7181187272071838 -0.5833459496498108 -3.905696153640747 1.830019235610962 -4.922781944274902 0.06978179492409226 0.007045711390674114 3831
frame-000263.color.jpg 0.28512123305218057 0.24826408922672272 0.7104713320732117 -0.5935497283935547 -3.9226925373077393 1.7203998565673828 -4.945896625518799 0.06507930306203104 0.011055615730583668 3659
frame-000264.color.jpg 0.28984050632980024 0.24417835474014282 0.7028110027313232 -0.6020183563232422 -3.9179184436798096 1.5897828340530396 -4.995693683624268 0.09427430633901585 0.00850099977105856 3617
frame-000265.color.jpg 0.29179783515203894 0.24078238010406494 0.699866771697998 -0.6058583855628967 -3.9312613010406494 1.524808406829834 -5.0004730224609375 0.10962522319968562 0.011137976311147213 3635
frame-000266.color.jpg 0.2903206840050916 0.238239586353302 0.6978048086166382 -0.609937846660614 -3.9569106101989746 1.489517092704773 -4.988708972930908 0.08591093313342696 0.007843885570764542 3633
frame-000267.color.jpg 0.2903836527077131 0.23788556456565857 0.6981046795845032 -0.609703004360199 -3.9611124992370605 1.4901095628738403 -4.9842305183410645 0.08463178677825035 0.007131286896765232 3610
frame-000268.color.jpg 0.2846233590632269 0.2370956987142563 0.7080606818199158 -0.6011865735054016 -4.021674633026123 1.5910155773162842 -4.900465965270996 0.132556509450839 0.008645025081932545 3720
frame-000269.color.jpg 0.28064516587213323 0.23454608023166656 0.711549699306488 -0.5999361872673035 -4.067191123962402 1.614660382270813 -4.850389003753662 0.11286642143522774 0.005244564730674028 3702
frame-000270.color.jpg 0.2759353218569146 0.23120185732841492 0.7145450711250305 -0.5998589992523193 -4.128137588500977 1.6276435852050781 -4.79059362411499 0.13350261071280478 0.007220607716590166 3772
frame-000271.color.jpg 0.25952220359119454 0.2111271321773529 0.7273916602134705 -0.599145233631134 -4.390219211578369 1.6159027814865112 -4.533629417419434 0.14822749804736057 0.006658946629613638 3921
frame-000272.color.jpg 0.2540435316267467 0.20397569239139557 0.7306362390518188 -0.6000221967697144 -4.480113506317139 1.5968413352966309 -4.446485996246338 0.3700647718731684 0.012581095099449158 4019
frame-000273.color.jpg 0.23339441151193702 0.18025656044483185 0.7412801384925842 -0.6029413938522339 -4.759467124938965 1.5595425367355347 -4.129669666290283 0.33830063029248025 0.008522789925336838 4197
frame-000274.color.jpg 0.22884004279356668 0.17347674071788788 0.7446961998939514 -0.6024662852287292 -4.829056262969971 1.5418068170547485 -4.0426859855651855 0.2636207026093096 0.00788811407983303 4121
frame-000275.color.jpg 0.198431573607519 0.1409657746553421 0.7675744891166687 -0.592944324016571 -5.182141304016113 1.552915334701538 -3.5204360485076904 0.3183803302172852 0.0061347708106040955 4040
frame-000276.color.jpg 0.18662612827705344 0.13531246781349182 0.7780348658561707 -0.5843997001647949 -5.260867118835449 1.6252304315567017 -3.343414783477783 0.45475410166115476 0.00983511097729206 3987
frame-000277.color.jpg 0.1785590350133247 0.13346125185489655 0.7788380980491638 -0.5862728953361511 -5.289180278778076 1.6536325216293335 -3.263044595718384 0.43745341925649756 0.010444402694702148 3935
frame-000278.color.jpg 0.1739445229402764 0.1305147260427475 0.783776044845581 -0.5817253589630127 -5.32218074798584 1.6893742084503174 -3.182119846343994 0.48766350054701 0.01178442407399416 3992
frame-000279.color.jpg 0.16910319179476055 0.12616781890392303 0.7913122177124023 -0.5738560557365417 -5.368470668792725 1.7190265655517578 -3.0782790184020996 0.5193479476939058 0.012661650776863098 4099
frame-000280.color.jpg 0.1574609895988224 0.11777092516422272 0.8046892881393433 -0.5601884722709656 -5.453248500823975 1.7787635326385498 -2.8577964305877686 0.5192269786404026 0.01185150258243084 4069
frame-000281.color.jpg 0.15393692338757362 0.11473004519939423 0.8110417127609253 -0.5525863766670227 -5.480649948120117 1.80245840549469 -2.7728018760681152 0.6153025539399175 0.015172818675637245 4103
frame-000282.color.jpg 0.15197379512357795 0.11278582364320755 0.8151383996009827 -0.547478437423706 -5.498119831085205 1.8153468370437622 -2.7207372188568115 0.7786374032349281 0.01767554134130478 4166
frame-000283.color.jpg 0.15072991847132458 0.1107352152466774 0.8245100378990173 -0.5340425968170166 -5.5141096115112305 1.849835991859436 -2.6429929733276367 0.8408794230373734 0.020010776817798615 4222
frame-000284.color.jpg 0.14494259943091334 0.09742743521928787 0.8485960960388184 -0.4993838667869568 -5.618900775909424 1.8472121953964233 -2.3768928050994873 0.7791185046845909 0.019907290115952492 4229
frame-000285.color.jpg 0.143303125939463 0.0972442701458931 0.8532201051712036 -0.49195870757102966 -5.626450061798096 1.8810219764709473 -2.331094264984131 0.6160576100083213 0.01591114141047001 4168
frame-000286.color.jpg 0.13762448062016994 0.09458912909030914 0.8567407727241516 -0.4879627227783203 -5.656125068664551 1.8916592597961426 -2.239257335662842 0.7260586603650229 0.019563665613532066 4181
frame-000287.color.jpg 0.1346690469560852 0.09329383075237274 0.8604620099067688 -0.4824579656124115 -5.674285411834717 1.9119415283203125 -2.181806802749634 0.5133880206736878 0.014907627366483212 4155
frame-000288.color.jpg 0.13087902833376755 0.09292929619550705 0.8651542663574219 -0.47512415051460266 -5.681148529052734 1.9403249025344849 -2.1081104278564453 0.7571752413154555 0.02219121903181076 4073
frame-000289.color.jpg 0.11736669169832357 0.0835033729672432 0.8826131820678711 -0.4474888741970062 -5.759450435638428 1.9798189401626587 -1.8184081315994263 0.4895677893041213 0.014186892658472061 3963
frame-000290.color.jpg 0.1106762533013059 0.07619309425354004 0.8952681422233582 -0.42478251457214355 -5.786676406860352 1.9748709201812744 -1.6387909650802612 0.6835964415121114 0.016593826934695244 3802
frame-000291.color.jpg 0.1024006932538668 0.06919672340154648 0.902611494064331 -0.4123327434062958 -5.819094657897949 1.9666694402694702 -1.4726938009262085 0.21093701228198147 0.007524013053625822 3745
frame-000292.color.jpg 0.08325188047635285 0.039920080453157425 0.9160529971122742 -0.39028504490852356 -5.896658897399902 1.7836823463439941 -1.0565639734268188 0.22419797129790667 0.005255994386970997 3741
frame-000293.color.jpg 0.08172526175025806 0.03307685628533363 0.9175766110420227 -0.3876596987247467 -5.9100871086120605 1.7232600450515747 -1.0025664567947388 0.2785708661245568 0.00487928930670023 3738
frame-000294.color.jpg 0.07756524339384498 0.023560138419270515 0.9179006814956665 -0.38844171166419983 -5.93051290512085 1.6432104110717773 -0.9190641045570374 0.3081025497028556 0.006267337594181299 3907
frame-000295.color.jpg 0.07272025268744942 0.011256447993218899 0.9185914397239685 -0.3882974088191986 -5.961783409118652 1.5347529649734497 -0.8099613785743713 0.351408617083381 0.009188533760607243 3947
frame-000296.color.jpg 0.07018687235568649 0.0043816473335027695 0.9191020727157593 -0.3876933157444 -5.9741902351379395 1.4788206815719604 -0.7502015233039856 0.53750536527215 0.012343483977019787 3969
frame-000297.color.jpg 0.05998782366236342 -0.014850176870822906 0.9136658310890198 -0.40174075961112976 -5.997161388397217 1.3144787549972534 -0.5921557545661926 0.2394183541721925 0.009151803329586983 3947
frame-000298.color.jpg 0.057827694805325576 -0.017813067883253098 0.9142040014266968 -0.40071162581443787 -5.9998908042907715 1.296356201171875 -0.5490480065345764 0.2948592664694505 0.009996221400797367 3965
frame-000299.color.jpg 0.056879874822254595 -0.026705531403422356 0.9139244556427002 -0.40099090337753296 -6.005683898925781 1.2059928178787231 -0.4979948401451111 0.37422403691258876 0.01047244668006897 4029
frame-000300.color.jpg 0.05431262720049802 -0.032820746302604675 0.9128096699714661 -0.40342459082603455 -6.0119805335998535 1.146543025970459 -0.44739973545074463 0.2807201345572894 0.008305558934807777 4095
frame-000301.color.jpg 0.037574817655782994 -0.07232997566461563 0.9086010456085205 -0.40963464975357056 -6.0266852378845215 0.789337158203125 -0.08232133835554123 0.28650463777362906 0.009986168704926968 4076
frame-000302.color.jpg 0.037763392028426566 -0.08001167327165604 0.9089024662971497 -0.407514750957489 -6.025839805603027 0.7041068077087402 -0.04279569908976555 0.22811689905590726 0.008547237142920494 4191
frame-000303.color.jpg 0.037600906041189146 -0.08380621671676636 0.9088627696037292 -0.4068552553653717 -6.019256591796875 0.6626074314117432 -0.02074161171913147 0.2663897840287944 0.009064437821507454 4215
frame-000304.color.jpg 0.024151913101638098 -0.11828146874904633 0.9062201380729675 -0.4052051901817322 -5.996671199798584 0.33821699023246765 0.2961086630821228 0.2059641142978965 0.005101550370454788 4107
frame-000305.color.jpg 0.015092352216886134 -0.1418311893939972 0.9055410027503967 -0.399564266204834 -5.9823102951049805 0.1120544895529747 0.5281503796577454 0.20813954288875877 0.006024010479450226 4061
frame-000306.color.jpg 0.012413377624334596 -0.15954621136188507 0.9028267860412598 -0.3991173505783081 -5.976980686187744 -0.07891838997602463 0.6532226800918579 0.32439196390395425 0.005768280476331711 4053
frame-000307.color.jpg 0.005524444293343693 -0.1700058877468109 0.8994256258010864 -0.40261784195899963 -5.968836307525635 -0.16595514118671417 0.7887489199638367 0.32408561924750856 0.0067961025051772594 4025
frame-000308.color.jpg 0.003737158816890559 -0.17558644711971283 0.8989592790603638 -0.40128254890441895 -5.960643768310547 -0.22481229901313782 0.8423718810081482 0.29295148257647485 0.006104161497205496 4072
frame-000309.color.jpg 0.0023120183996540476 -0.17922501266002655 0.8994212746620178 -0.3986406922340393 -5.9524407386779785 -0.264478474855423 0.8852815628051758 0.31828889639585695 0.0064532216638326645 4042
frame-000310.color.jpg 0.0018556862340140194 -0.1851281374692917 0.9005295634269714 -0.39340898394584656 -5.947427749633789 -0.3426058292388916 0.9352437257766724 0.33857984095523097 0.007257360033690929 4080
frame-000311.color.jpg 0.00908989706275238 0.2146778255701065 -0.8965751528739929 0.3872775137424469 -5.8979411125183105 -0.6500202417373657 1.225618600845337 0.3479888267433202 0.006693800445646048 3924
frame-000312.color.jpg 0.014245103778730187 0.23085707426071167 -0.8945139050483704 0.38255324959754944 -5.854490280151367 -0.8183018565177917 1.3658207654953003 0.39412064476910036 0.007788121700286865 3905
frame-000313.color.jpg 0.03214385248562962 0.2642313539981842 -0.8820728659629822 0.3887104094028473 -5.718807697296143 -1.080609679222107 1.721968650817871 0.37729450042920043 0.00786337349563837 3674
frame-000314.color.jpg 0.048255487386964654 0.2841907739639282 -0.8669589757919312 0.4065578281879425 -5.608877658843994 -1.1615757942199707 1.9822826385498047 0.3736161233960312 0.005998052656650543 3556
frame-000315.color.jpg 0.049928358233510335 0.29206526279449463 -0.8633920550346375 0.40836161375045776 -5.568087577819824 -1.218748688697815 2.038452386856079 0.38293442241463266 0.005827721673995256 3465
frame-000316.color.jpg 0.05463627597760292 0.3008561134338379 -0.8542879223823547 0.42034831643104553 -5.494456768035889 -1.240900993347168 2.1184213161468506 0.167531133426124 0.0035537839867174625 3647
frame-000317.color.jpg 0.07005225959424753 0.3087056577205658 -0.847752571105957 0.4255691468715668 -5.362719535827637 -1.1871411800384521 2.299814224243164 0.13863815257650067 0.0031940543558448553 3799
frame-000318.color.jpg 0.07241148235078287 0.3127366602420807 -0.8460306525230408 0.4256576895713806 -5.3203887939453125 -1.2054193019866943 2.338881492614746 0.20598273723555535 0.00329256197437644 3900
frame-000319.color.jpg 0.07170795471364531 0.31774038076400757 -0.8436700105667114 0.4267551004886627 -5.2881646156311035 -1.251187801361084 2.349487543106079 0.16416537094961509 0.0010113774333149195 3927
frame-000320.color.jpg 0.073588386593624 0.32778072357177734 -0.8367665410041809 0.4323959946632385 -5.208390712738037 -1.3060885667800903 2.4052345752716064 0.15933982896078785 0.0010779969161376357 4027
frame-000321.color.jpg 0.07213231089642347 0.3302020728588104 -0.8342270851135254 0.4356934726238251 -5.193818092346191 -1.323028326034546 2.399413824081421 0.1526968563431422 0.001486099441535771 4105
frame-000322.color.jpg 0.07781031004730432 0.33189475536346436 -0.8267892003059387 0.44744956493377686 -5.144808292388916 -1.251715064048767 2.4536592960357666 0.08903766566941186 0.003835208946838975 4143
frame-000323.color.jpg 0.0765732818565674 0.3163204491138458 -0.8168303370475769 0.4763045310974121 -5.18991231918335 -1.0219171047210693 2.3381834030151367 0.11369775684283878 0.007370912004262209 4234
frame-000324.color.jpg 0.07623381530480007 0.3111056089401245 -0.8159592747688293 0.4812611937522888 -5.214722156524658 -0.9557316899299622 2.299861192703247 0.07126198496264129 0.004574025049805641 4325
frame-000325.color.jpg 0.08290214152564941 0.30974939465522766 -0.8082867860794067 0.4938170313835144 -5.202339172363281 -0.8605076670646667 2.348721742630005 0.13477061131983384 0.006187705788761377 4350
frame-000326.color.jpg 0.08073956985443637 0.3082379102706909 -0.7981072068214417 0.5113662481307983 -5.206161975860596 -0.8182896971702576 2.3184289932250977 0.2613407534478476 0.012204793281853199 4360
frame-000327.color.jpg 0.08113464033019606 0.30904608964920044 -0.7949162721633911 0.5157672762870789 -5.203067779541016 -0.8067220449447632 2.32131028175354 0.1590767599560366 0.009443266317248344 4389
frame-000328.color.jpg 0.07980406379409338 0.30878525972366333 -0.7909777164459229 0.5221467018127441 -5.206333637237549 -0.7899988293647766 2.30314564704895 0.08586527625367234 0.00891098938882351 4394
frame-000329.color.jpg 0.08146019258832253 0.3110526502132416 -0.7879636287689209 0.525094211101532 -5.1924262046813965 -0.7888904213905334 2.3264873027801514 0.10893632124865314 0.006689825560897589 4397
frame-000330.color.jpg 0.09299087456914748 0.31726357340812683 -0.7712142467498779 0.5439900159835815 -5.135709285736084 -0.7009754180908203 2.443894624710083 0.11423724840577723 0.00826969649642706 4221
frame-000331.color.jpg 0.0939544973097231 0.3158005177974701 -0.7680888772010803 0.5490738749504089 -5.138692378997803 -0.665749192237854 2.4377434253692627 0.125040726702673 0.009331373497843742 4288
frame-000332.color.jpg 0.10851130052375675 0.3127330541610718 -0.7496200203895569 0.5731433033943176 -5.11865758895874 -0.44444745779037476 2.4960973262786865 0.3196644057812476 0.012097957544028759 4035
frame-000333.color.jpg 0.11557319939735984 0.3143358826637268 -0.7396960854530334 0.583682656288147 -5.098803520202637 -0.3698309361934662 2.5489938259124756 0.29904614575024185 0.011455735191702843 4141
frame-000334.color.jpg 0.11518575157715033 0.3146894574165344 -0.7337962985038757 0.5909701585769653 -5.107944488525391 -0.35122331976890564 2.5380005836486816 0.2828739119820913 0.010713817551732063 4124
frame-000335.color.jpg 0.11116744511015662 0.3161310851573944 -0.7290359735488892 0.596832811832428 -5.116501331329346 -0.3723776936531067 2.5070531368255615 0.24928314836567433 0.010747766122221947 4130
frame-000336.color.jpg 0.11301918021081134 0.31879255175590515 -0.7251285314559937 0.5998221039772034 -5.092809677124023 -0.36498939990997314 2.5372049808502197 0.26571172767111195 0.011334792710840702 4099
frame-000337.color.jpg 0.11735070965520536 0.3170892000198364 -0.7208905816078186 0.6049792766571045 -5.084210395812988 -0.3002321422100067 2.555541753768921 0.27029283693306 0.01407169084995985 4057
frame-000338.color.jpg 0.1210239957847689 0.31190282106399536 -0.7189121842384338 0.609290599822998 -5.098148345947266 -0.20809024572372437 2.5377137660980225 0.5496437320051734 0.015652136877179146 4025
frame-000339.color.jpg 0.12460833511635101 0.31207525730133057 -0.7181931734085083 0.6093277931213379 -5.089136123657227 -0.17284415662288666 2.566418409347534 0.5986093048041419 0.01744980923831463 4071
frame-000340.color.jpg 0.13224652737264994 0.3271833658218384 -0.7135917544364929 0.6051849722862244 -5.009164333343506 -0.23830153048038483 2.726658344268799 0.5813148389388465 0.015296638011932373 3950
frame-000341.color.jpg 0.14289231103479005 0.3458707630634308 -0.7011458277702332 0.6069180965423584 -4.908928871154785 -0.2938030958175659 2.9215807914733887 0.4862906858846903 0.01390308141708374 3948
frame-000342.color.jpg 0.15271569384794356 0.3566385507583618 -0.6879634857177734 0.6133458614349365 -4.838602542877197 -0.27397865056991577 3.0609183311462402 0.3866797939986062 0.012957874685525894 3809
frame-000343.color.jpg 0.15817022504903316 0.371415376663208 -0.6806447505950928 0.6113554239273071 -4.750698566436768 -0.34568139910697937 3.1986875534057617 0.2624204569452385 0.011655648238956928 3736
frame-000344.color.jpg 0.16581258402846433 0.38726508617401123 -0.6715563535690308 0.6095441579818726 -4.6359171867370605 -0.4007030725479126 3.359086275100708 0.2986994602890108 0.013109670020639896 3755
frame-000345.color.jpg 0.17340637207724074 0.3961320221424103 -0.6657814979553223 0.6080663204193115 -4.547609806060791 -0.40472647547721863 3.4730687141418457 0.334056308053552 0.014064530842006207 3750
frame-000346.color.jpg 0.19742291636031598 0.42152175307273865 -0.6558127999305725 0.5943511724472046 -4.247593879699707 -0.4247906804084778 3.8149945735931396 0.4757843608373298 0.013246774673461914 3622
frame-000347.color.jpg 0.21351687107918205 0.4374566376209259 -0.6488961577415466 0.5847871899604797 -4.038991451263428 -0.43306082487106323 4.025749206542969 0.44367999045861045 0.0106710996478796 3702
frame-000348.color.jpg 0.2284009016269623 0.45810526609420776 -0.6429802179336548 0.569692075252533 -3.7811365127563477 -0.4986765384674072 4.258623123168945 0.23091319451036635 0.007579686585813761 3632
frame-000349.color.jpg 0.23664132903496568 0.46575382351875305 -0.6387341022491455 0.5648831725120544 -3.6648948192596436 -0.4999077022075653 4.354267597198486 0.16308688141162742 0.004392317496240139 3704
frame-000350.color.jpg 0.24093685860720182 0.4726491868495941 -0.6363175511360168 0.5600467324256897 -3.5686020851135254 -0.5261512398719788 4.422581195831299 0.18234994920198067 0.006322134286165237 3718
frame-000351.color.jpg 0.24667594496286024 0.4813127815723419 -0.634297788143158 0.5524086356163025 -3.44215989112854 -0.5640142560005188 4.511500358581543 0.23432399354671501 0.007023974787443876 3790
frame-000352.color.jpg 0.2552627249075811 0.4966943562030792 -0.6310825943946838 0.5383960604667664 -3.22711443901062 -0.6573588252067566 4.653050899505615 0.4006773328876217 0.011722325347363949 3840
frame-000353.color.jpg 0.26339428599841797 0.5081146955490112 -0.6285573840141296 0.5266482830047607 -3.0521199703216553 -0.7132348418235779 4.762104511260986 0.28396602187777925 0.007658424787223339 3871
frame-000354.color.jpg 0.27313275973429085 0.5158541202545166 -0.6250429749488831 0.5182801485061646 -2.9066929817199707 -0.718737781047821 4.855492115020752 0.24271565467444262 0.005774225573986769 3850
frame-000355.color.jpg 0.2804808568553486 0.5228230357170105 -0.6220479607582092 0.5109236240386963 -2.7644646167755127 -0.7407362461090088 4.9308929443359375 0.5118445046429708 0.013338021002709866 3833
frame-000356.color.jpg 0.2802402139864193 0.5334843397140503 -0.6247110366821289 0.49658432602882385 -2.6335079669952393 -0.8842057585716248 4.974364280700684 0.3334537839831364 0.008921129629015923 3776
frame-000357.color.jpg 0.2783621841214852 0.5446807742118835 -0.6308254599571228 0.4773849546909332 -2.4976866245269775 -1.0832388401031494 5.006687164306641 0.4159154582454937 0.012894253246486187 3830
frame-000358.color.jpg 0.26989998476390903 0.5521716475486755 -0.6380334496498108 0.4638683795928955 -2.4567136764526367 -1.2833820581436157 4.974411964416504 0.29136714549329634 0.011670839972794056 3900
frame-000359.color.jpg 0.26119848976232146 0.559317946434021 -0.6446076035499573 0.4510207176208496 -2.418769598007202 -1.4762831926345825 4.931337833404541 0.01894215061848847 0.004083254840224981 4004
frame-000360.color.jpg 0.2550983603290215 0.5628421306610107 -0.6482529044151306 0.44486162066459656 -2.412940502166748 -1.5881896018981934 4.899087905883789 0.04028358194076912 0.0040094489231705666 4121
frame-000361.color.jpg 0.2421075414750259 0.5673969984054565 -0.6550278067588806 0.4363291561603546 -2.432218313217163 -1.7717339992523193 4.817065238952637 0.19062037447194052 0.002932588569819927 4259
frame-000362.color.jpg 0.2296717765637345 0.5726569890975952 -0.6625871658325195 0.42460933327674866 -2.4376845359802246 -1.9760634899139404 4.731600284576416 0.23278549343616967 0.003159730229526758 4286
frame-000363.color.jpg 0.2247755249764227 0.5750334858894348 -0.664967954158783 0.4202737808227539 -2.434483051300049 -2.060370683670044 4.694324493408203 0.24706624505190272 0.004805011209100485 4279
frame-000364.color.jpg 0.21850147720153826 0.5845575332641602 -0.6707983613014221 0.40072348713874817 -2.3379456996917725 -2.290601968765259 4.647126197814941 0.0673561172733857 0.003228467423468828 4325
frame-000365.color.jpg 0.2127401302850613 0.5892972946166992 -0.6726809740066528 0.3936631977558136 -2.307401180267334 -2.3996119499206543 4.603720664978027 0.1959411185158069 0.004416509531438351 4392
frame-000366.color.jpg 0.2072164065833053 0.5957335233688354 -0.6743425726890564 0.38395974040031433 -2.256988286972046 -2.5406816005706787 4.568148612976074 0.15712952905256147 0.003418287727981806 4435
frame-000367.color.jpg 0.2029502896916888 0.6007639765739441 -0.6755533218383789 0.3761933743953705 -2.2081785202026367 -2.6478471755981445 4.533514022827148 0.17455543603873996 0.003981366287916899 4434
frame-000368.color.jpg 0.1946856853098101 0.6170504689216614 -0.6727169156074524 0.3588847219944 -2.032376527786255 -2.886782646179199 4.476059436798096 0.3267369332646636 0.007721054367721081 4326
frame-000369.color.jpg 0.1969973993699001 0.6250137090682983 -0.6670699715614319 0.35435518622398376 -1.9139184951782227 -2.932481050491333 4.505458831787109 0.4056250845697819 0.009544406086206436 4300
frame-000370.color.jpg 0.20361127649486102 0.638279378414154 -0.6548842787742615 0.3496692180633545 -1.7035466432571411 -2.9656076431274414 4.583490371704102 0.33128098341427903 0.008582408539950848 4375
frame-000371.color.jpg 0.20574708783128123 0.6472758650779724 -0.6478989720344543 0.3448609411716461 -1.568278193473816 -3.006253242492676 4.608414173126221 0.29599270434570235 0.007993632927536964 4283
frame-000372.color.jpg 0.21252521871525384 0.6631792187690735 -0.6341075897216797 0.33605629205703735 -1.3036341667175293 -3.0538406372070312 4.667531490325928 0.44961950695259767 0.011632759124040604 4194
frame-000373.color.jpg 0.22898881103679816 0.680340051651001 -0.6130829453468323 0.32989516854286194 -0.9418506026268005 -3.0000076293945312 4.80146598815918 0.24482420877641958 0.007909857667982578 4384
frame-000374.color.jpg 0.23674452634695975 0.6857102513313293 -0.6062076687812805 0.3259841501712799 -0.7979141473770142 -2.973968982696533 4.845411777496338 0.23571270974319614 0.007718442473560572 4464
frame-000375.color.jpg 0.24276965425058727 0.6972577571868896 -0.5928124189376831 0.32166436314582825 -0.5749083161354065 -2.965132474899292 4.887372016906738 0.21986508338339306 0.006419914308935404 4389
frame-000376.color.jpg 0.2485799050718545 0.7084653973579407 -0.5782753229141235 0.3191903531551361 -0.34015151858329773 -2.936591863632202 4.9276227951049805 0.2971640817883595 0.007303860504180193 4490
frame-000377.color.jpg 0.2509208567775988 0.7148852348327637 -0.5693759322166443 0.31904366612434387 -0.21211181581020355 -2.911858558654785 4.948116302490234 0.289014865695741 0.007475668098777533 4433
frame-000378.color.jpg 0.26140400056191976 0.7234257459640503 -0.5501283407211304 0.325087308883667 0.08513367176055908 -2.7087466716766357 4.997079372406006 0.3100675364301301 0.007965552620589733 4154
frame-000379.color.jpg 0.26341073093194667 0.7202858328819275 -0.5526392459869385 0.3261793255805969 0.03728470951318741 -2.6868510246276855 5.011498928070068 0.26617359253330763 0.008234257809817791 4137
frame-000380.color.jpg 0.2736706645413814 0.7159953117370605 -0.5510075688362122 0.32991769909858704 0.037936534732580185 -2.570845603942871 5.072211742401123 0.1366601724815473 0.006471558474004269 4136
frame-000381.color.jpg 0.2832893370275839 0.7185483574867249 -0.5431333780288696 0.32930460572242737 0.1473805457353592 -2.4781506061553955 5.120350360870361 0.2469938877353829 0.008280521258711815 4083
frame-000382.color.jpg 0.2974952765726626 0.7220572829246521 -0.5338733196258545 0.32420551776885986 0.321041464805603 -2.374213933944702 5.162313938140869 0.22797594636299642 0.00718311732634902 3922
frame-000383.color.jpg 0.30753727385871243 0.7248813509941101 -0.5256385803222656 0.3219815492630005 0.4512243866920471 -2.2891039848327637 5.1923298835754395 0.4088690775799942 0.010854105465114117 3816
frame-000384.color.jpg 0.3181213505643131 0.7325592041015625 -0.5133700966835022 0.3140174448490143 0.6692426800727844 -2.216980218887329 5.20009183883667 0.20570159224188736 0.006922062020748854 3901
frame-000385.color.jpg 0.3356757801554901 0.7411355972290039 -0.4955587685108185 0.3040742576122284 0.9705147743225098 -2.0803470611572266 5.206395149230957 0.21781238475417944 0.005433373618870974 3820
