frame-000000.color.jpg 0.00960855400689828 -0.08728021383285522 0.8961948156356812 -0.4348847270011902 0.4974589943885803 0.9748083353042603 0.9468456506729126 0.3434906669271908 0.010893438942730427 1912
frame-000001.color.jpg 0.0038178629300811336 -0.09227818250656128 0.8956218361854553 -0.4351225793361664 0.5051614046096802 0.9907289743423462 0.9466444253921509 0.3172710114465399 0.006324647460132837 1983
frame-000002.color.jpg 0.0028043511495294267 -0.09930211305618286 0.895237922668457 -0.43437355756759644 0.5052735209465027 0.9884904026985168 0.9470542669296265 0.3879952457440683 0.008489108644425869 2050
frame-000003.color.jpg 0.0017538816665832358 -0.10501217097043991 0.8951019048690796 -0.4333149790763855 0.5050739645957947 0.9864150881767273 0.9416887760162354 0.3380424971666214 0.00798482820391655 2009
frame-000004.color.jpg 0.01618393733742255 -0.0850830152630806 0.8705931901931763 -0.4843207597732544 0.48832544684410095 1.0793836116790771 0.8575315475463867 1.5927504888537851 0.029359346255660057 1716
frame-000005.color.jpg 0.012226710045309544 -0.08517511934041977 0.8662357926368713 -0.49216988682746887 0.48896342515945435 1.0952216386795044 0.839348316192627 0.774807588101255 0.008458397351205349 1622
frame-000006.color.jpg 0.02315834339580327 -0.07717841118574142 0.852932870388031 -0.5157642960548401 0.45448076725006104 1.1736679077148438 0.821048378944397 0.20316054842723105 0.0059601981192827225 2485
frame-000007.color.jpg 0.022928330559685905 -0.07462887465953827 0.8518375754356384 -0.5179552435874939 0.4526830017566681 1.1723353862762451 0.8228045105934143 0.39179619265632754 0.009428304620087147 2498
frame-000008.color.jpg 0.028586859663066618 -0.07031336426734924 0.8520281314849854 -0.5179641842842102 0.4415213167667389 1.1723504066467285 0.8335262537002563 0.2042867292274898 0.007146231364458799 2498
frame-000009.color.jpg 0.036843856018427025 -0.062391847372055054 0.8509524464607239 -0.5202208161354065 0.4212384521961212 1.177274465560913 0.8346388936042786 0.11120267673284122 0.005523325875401497 2685
frame-000010.color.jpg 0.038217728031872615 -0.062092795968055725 0.8514202833175659 -0.5193912982940674 0.41940969228744507 1.1797616481781006 0.8370072245597839 0.12146261471208547 0.003323571290820837 2705
frame-000011.color.jpg 0.04292273293351112 -0.05757756158709526 0.8481259346008301 -0.5249045491218567 0.40844324231147766 1.1923847198486328 0.8263868689537048 0.18821353320230438 0.003040339332073927 2795
frame-000012.color.jpg 0.05005218088589554 -0.052132975310087204 0.844788670539856 -0.5301971435546875 0.3864527940750122 1.2044992446899414 0.8208434581756592 0.10839811034618407 0.0032539600506424904 2989
frame-000013.color.jpg 0.05099761277048879 -0.05218635872006416 0.8446070551872253 -0.5303910970687866 0.38244953751564026 1.2065815925598145 0.820817768573761 0.15967221371344417 0.0034288621973246336 2978
frame-000014.color.jpg 0.05568943370783736 -0.048289839178323746 0.8439748287200928 -0.5312941074371338 0.37039461731910706 1.211601972579956 0.825706422328949 0.38860590734454975 0.00611668499186635 3009
frame-000015.color.jpg 0.056733841222533166 -0.045415107160806656 0.8385404944419861 -0.5399709939956665 0.36762380599975586 1.2284760475158691 0.8080564141273499 0.16019210850315851 0.00559759559109807 3002
frame-000016.color.jpg 0.057561943871366296 -0.04559478536248207 0.8384247422218323 -0.5400477647781372 0.36496007442474365 1.2317430973052979 0.8081282377243042 0.28269504640320153 0.0068429927341639996 3062
frame-000017.color.jpg 0.05772534607173118 -0.04113215580582619 0.8283196687698364 -0.5557538866996765 0.36792975664138794 1.26754891872406 0.7670184969902039 0.3223524854260443 0.007901059463620186 3017
frame-000018.color.jpg 0.05909141322390181 -0.0384124331176281 0.8171024918556213 -0.5721679329872131 0.36141785979270935 1.3139164447784424 0.7236495614051819 0.539655914365352 0.009900334291160107 3308
frame-000019.color.jpg 0.06059290017851915 -0.038479533046483994 0.8166755437850952 -0.5726158022880554 0.35788387060165405 1.317221999168396 0.7224383354187012 0.5798428798118559 0.01020603347569704 3217
frame-000020.color.jpg 0.05503931125851129 -0.038617245852947235 0.8060648441314697 -0.5879955887794495 0.37188801169395447 1.3529781103134155 0.6719194650650024 0.7463113985537272 0.012071004137396812 3255
frame-000021.color.jpg 0.04961117825093321 -0.04109586775302887 0.7975061535835266 -0.5998615622520447 0.3825839161872864 1.3767319917678833 0.6339463591575623 0.4438817745238167 0.008014298044145107 3150
frame-000022.color.jpg 0.04914801982348577 -0.04171469435095787 0.7963142395019531 -0.6014383435249329 0.3838111460208893 1.3797675371170044 0.6271094679832458 0.4103289504738051 0.0069659557193517685 3167
frame-000023.color.jpg 0.04487635659815437 -0.047534842044115067 0.7905166745185852 -0.6089416742324829 0.3841227889060974 1.4040172100067139 0.6004505753517151 0.5332364436800392 0.010294582694768906 3214
frame-000024.color.jpg 0.04427506717533524 -0.047973182052373886 0.7887299656867981 -0.6112637519836426 0.38696086406707764 1.409450888633728 0.5923957824707031 0.47249503778258684 0.00889612827450037 3266
frame-000025.color.jpg 0.03970790369723348 -0.05034498870372772 0.7857890129089355 -0.6151619553565979 0.39232194423675537 1.4238598346710205 0.5780298113822937 0.43919509081442437 0.00886868592351675 3284
frame-000026.color.jpg 0.025056795185667714 -0.0540776252746582 0.7814198136329651 -0.6211527585983276 0.4178643822669983 1.436180591583252 0.5431557893753052 0.28563821760524233 0.00581915769726038 3485
frame-000027.color.jpg 0.022691284973306778 -0.055970750749111176 0.781570553779602 -0.6208863258361816 0.41794225573539734 1.4386181831359863 0.5438989400863647 0.26547389834977797 0.006158018484711647 3513
frame-000028.color.jpg 0.004078571613548366 -0.06909649819135666 0.7842259407043457 -0.6166025400161743 0.4260135293006897 1.452418565750122 0.5360074639320374 0.2865114946432255 0.006285146344453096 3642
frame-000029.color.jpg 0.01450793309587696 0.07478461414575577 -0.7928892970085144 0.6045852899551392 0.4565500319004059 1.4504796266555786 0.5415802001953125 0.13543847575461415 0.0024600697215646505 3665
frame-000030.color.jpg 0.01428217409619893 0.07506871968507767 -0.7938421368598938 0.6033037900924683 0.4542944133281708 1.4519603252410889 0.5433081388473511 0.07585674793282275 0.004492237698286772 3690
frame-000031.color.jpg 0.02277971540228477 0.09047285467386246 -0.7975789308547974 0.595956027507782 0.43674197793006897 1.471031665802002 0.5008410215377808 0.41281767397220204 0.005102691240608692 3767
frame-000032.color.jpg 0.03552114205546911 0.10630831122398376 -0.7968572378158569 0.5936794877052307 0.42719918489456177 1.486847996711731 0.4709395468235016 0.14145879392009114 0.004528342746198177 3749
frame-000033.color.jpg 0.03830992845147988 0.11044039577245712 -0.7955609560012817 0.5944896936416626 0.42536461353302 1.492461919784546 0.455875426530838 0.1412039024660454 0.003199267666786909 3733
frame-000034.color.jpg 0.0544155907456899 0.1211845874786377 -0.7909308075904846 0.5973120331764221 0.4274924099445343 1.508497714996338 0.4140015244483948 0.18613895662340557 0.0047388928942382336 3761
frame-000035.color.jpg 0.05506859226815549 0.12264662235975266 -0.7903918027877808 0.5976672172546387 0.4244416654109955 1.5074501037597656 0.40804651379585266 0.05043671483789927 0.003731080796569586 3744
frame-000036.color.jpg 0.05688546858714286 0.1343093067407608 -0.7864324450492859 0.6002073884010315 0.3767065107822418 1.5263588428497314 0.37840721011161804 0.24379012880825024 0.006436193361878395 3821
frame-000037.color.jpg 0.06334324525598212 0.13437165319919586 -0.7845152616500854 0.6020528674125671 0.3758240044116974 1.53087317943573 0.36476418375968933 0.2322682400086734 0.004918535239994526 3849
frame-000038.color.jpg 0.06056981605383913 0.12718847393989563 -0.7833724021911621 0.6053776741027832 0.3580012619495392 1.5370277166366577 0.3724629580974579 0.20673468503427822 0.004803956486284733 3998
frame-000039.color.jpg 0.06357618657979748 0.12792247533798218 -0.7810271382331848 0.6079395413398743 0.35088732838630676 1.541269302368164 0.3680337071418762 0.2776549804455404 0.005925479810684919 4007
frame-000040.color.jpg 0.06623882070385989 0.12993121147155762 -0.7812466025352478 0.6069464683532715 0.3456343412399292 1.5380451679229736 0.373731791973114 0.24149142330699716 0.00607119407504797 3956
frame-000041.color.jpg 0.07752471543027942 0.15342961251735687 -0.7828962802886963 0.5979321599006653 0.2739023268222809 1.530425786972046 0.4075763523578644 0.08661444928804489 0.0030163528863340616 4016
frame-000042.color.jpg 0.08226096656236857 0.16230055689811707 -0.7837690114974976 0.5937994718551636 0.24771036207675934 1.5264338254928589 0.42138156294822693 0.2581905154561643 0.003866477869451046 4072
frame-000043.color.jpg 0.08478756869475063 0.1723812073469162 -0.7800928950309753 0.5954416990280151 0.18400724232196808 1.5240869522094727 0.4169783592224121 0.2507459561063942 0.0024862310383468866 4232
frame-000044.color.jpg 0.09023328892950386 0.17486488819122314 -0.7772121429443359 0.5976801514625549 0.16242513060569763 1.5229873657226562 0.40704306960105896 0.020337488563307988 0.005186771973967552 4178
frame-000045.color.jpg 0.09537027767696377 0.17715726792812347 -0.7745851278305054 0.5996147394180298 0.14678247272968292 1.5238691568374634 0.3972323536872864 0.04649887399260222 0.005619280971586704 4189
frame-000046.color.jpg 0.10119119358297275 0.17998719215393066 -0.7697508335113525 0.6040269732475281 0.1256854087114334 1.5276446342468262 0.3816956877708435 0.1490878217383045 0.006355953402817249 4197
frame-000047.color.jpg 0.10838888363923871 0.1864592581987381 -0.7659234404563904 0.605678141117096 0.10592620074748993 1.5295599699020386 0.37694627046585083 0.08223931958836166 0.006046114955097437 4081
frame-000048.color.jpg 0.11171926303611131 0.18865680694580078 -0.7657109498977661 0.6046603322029114 0.08986637741327286 1.526013731956482 0.38373714685440063 0.21050936506670198 0.004135590977966785 4012
frame-000049.color.jpg 0.11211124845578785 0.19090138375759125 -0.7659758925437927 0.6035467982292175 0.06964271515607834 1.5224075317382812 0.39447954297065735 0.21086402797544018 0.004171309061348438 3980
frame-000050.color.jpg 0.11285678993180032 0.1906263530254364 -0.765221893787384 0.6044505834579468 0.060271259397268295 1.521846055984497 0.3966147303581238 0.09116018030452638 0.005187478847801685 3912
frame-000051.color.jpg 0.11132311384265615 0.19072502851486206 -0.7640955448150635 0.6061262488365173 0.039981890469789505 1.5200001001358032 0.4009709060192108 0.1733500143719385 0.0036194247659295797 3867
frame-000052.color.jpg 0.1120097295758505 0.18727116286754608 -0.764553964138031 0.6064985394477844 0.03708162158727646 1.5221967697143555 0.40801993012428284 0.14435967664621607 0.006277287378907204 3903
frame-000053.color.jpg 0.11374901077829341 0.18490131199359894 -0.7641469240188599 0.6074143648147583 0.03437571972608566 1.519567847251892 0.4090490937232971 0.1860630374699553 0.00400014640763402 3922
frame-000054.color.jpg 0.11563299647223405 0.1821611523628235 -0.764351487159729 0.607629120349884 0.03488300368189812 1.5151108503341675 0.41182059049606323 0.10171315607752665 0.005831219721585512 3876
frame-000055.color.jpg 0.117465898071027 0.18204756081104279 -0.7659695148468018 0.6052694916725159 0.031207621097564697 1.5110056400299072 0.42560169100761414 0.10790899809848108 0.004705638624727726 3888
frame-000056.color.jpg 0.11487691753347637 0.17544318735599518 -0.7713502645492554 0.6008673906326294 0.030306175351142883 1.5040470361709595 0.44133633375167847 0.3061743819640757 0.005351816304028034 3928
frame-000057.color.jpg 0.10890733689644727 0.16478043794631958 -0.7747628688812256 0.6006073355674744 0.02766559086740017 1.503743290901184 0.4333948791027069 0.4833850273622317 0.006081694737076759 4000
frame-000058.color.jpg 0.09776194894795331 0.1540137082338333 -0.7767006158828735 0.6028751730918884 0.020066935569047928 1.5046664476394653 0.4183852970600128 0.364440297854648 0.0038351393304765224 3901
frame-000059.color.jpg 0.09087900428113868 0.14356108009815216 -0.7816237211227417 0.600162923336029 0.014423548243939877 1.5041487216949463 0.4141879081726074 0.5515059724102068 0.006216416601091623 3912
frame-000060.color.jpg 0.08309815816268401 0.1363699734210968 -0.7882668972015381 0.5942500829696655 0.005120960064232349 1.4938075542449951 0.4264450669288635 0.5855864819344547 0.006840276997536421 3877
frame-000061.color.jpg 0.08655713759375129 0.12884455919265747 -0.7858347296714783 0.5986407399177551 0.021691739559173584 1.4938727617263794 0.39620721340179443 0.3413793914217164 0.0039609624072909355 3971
frame-000062.color.jpg 0.09464496633745026 0.15931370854377747 -0.7853720784187317 0.5906371474266052 -0.055224839597940445 1.4824990034103394 0.4110082685947418 0.344771434118274 0.004859279841184616 3911
frame-000063.color.jpg 0.09868123495594965 0.16941282153129578 -0.7845121622085571 0.588304340839386 -0.08383157849311829 1.477044939994812 0.41459569334983826 0.4330843126630844 0.0054529327899217606 3896
frame-000064.color.jpg 0.10315152924844727 0.17985886335372925 -0.7844891548156738 0.5844547152519226 -0.11927340179681778 1.4663900136947632 0.4262245297431946 0.3129027853071994 0.0038466991391032934 3835
frame-000065.color.jpg 0.10694736985528083 0.18580155074596405 -0.7832564115524292 0.5835661292076111 -0.13719379901885986 1.4631539583206177 0.4282529056072235 0.26467391244324023 0.0032561887055635452 3830
frame-000066.color.jpg 0.1118139144794012 0.19320540130138397 -0.7815860509872437 0.5824881792068481 -0.1564076989889145 1.4584904909133911 0.4326070547103882 0.296190139501398 0.0037495570722967386 3761
frame-000067.color.jpg 0.11704515082757012 0.20295624434947968 -0.7791222333908081 0.581444501876831 -0.17482636868953705 1.453607201576233 0.4322792887687683 0.28505922567095154 0.003887988394126296 3719
frame-000068.color.jpg 0.12335044396777414 0.20751303434371948 -0.7783953547477722 0.5795029401779175 -0.18158979713916779 1.4542938470840454 0.4369242787361145 0.4711012523050811 0.006220214534550905 3664
frame-000069.color.jpg 0.12375584402382424 0.2088606208562851 -0.7798686623573303 0.5769458413124084 -0.19006679952144623 1.4509146213531494 0.44708752632141113 0.4654237642792138 0.005791974253952503 3639
frame-000070.color.jpg 0.12138253702790282 0.20637980103492737 -0.7815036177635193 0.5761299729347229 -0.19648084044456482 1.447500467300415 0.4476590156555176 0.43054932530523116 0.006489419378340244 3603
frame-000071.color.jpg 0.12029692512061495 0.20697994530200958 -0.7831649780273438 0.5738818645477295 -0.20476165413856506 1.4418505430221558 0.45316532254219055 0.4673277862320606 0.006389928981661797 3589
frame-000072.color.jpg 0.11803506898732122 0.20630821585655212 -0.7857514023780823 0.5710510611534119 -0.21081368625164032 1.4359173774719238 0.46066051721572876 0.3941700835993036 0.005897445138543844 3560
frame-000073.color.jpg 0.1143598798748813 0.20047619938850403 -0.78841233253479 0.570207953453064 -0.21491862833499908 1.433473825454712 0.46091726422309875 0.4806345955608322 0.007747194264084101 3652
frame-000074.color.jpg 0.11328461252348353 0.196248397231102 -0.7894789576530457 0.570417582988739 -0.21555471420288086 1.4328409433364868 0.46010157465934753 0.5512576843617062 0.008545166812837124 3594
frame-000075.color.jpg 0.11505845361557698 0.1903911978006363 -0.7933868765830994 0.5666128396987915 -0.20408590137958527 1.4205942153930664 0.4694572985172272 0.5076110146571794 0.007867070846259594 3678
frame-000076.color.jpg 0.10174502767533306 0.18557770550251007 -0.8125903010368347 0.5430524349212646 -0.20816931128501892 1.373062252998352 0.5436661839485168 0.33197696901853274 0.004305599723011255 3493
frame-000077.color.jpg 0.10244255283298974 0.1857614368200302 -0.8162866234779358 0.537284255027771 -0.20182333886623383 1.3621550798416138 0.5582807660102844 0.2868323534516574 0.003365667536854744 3547
frame-000078.color.jpg 0.10068785333958272 0.18569879233837128 -0.8245848417282104 0.5248215198516846 -0.19658218324184418 1.3373109102249146 0.6028681397438049 0.4859306602102366 0.006702519487589598 3485
frame-000079.color.jpg 0.08582019649261716 0.17935478687286377 -0.8389808535575867 0.5065351724624634 -0.20433491468429565 1.2912404537200928 0.660804033279419 0.451851911594134 0.005052984692156315 3360
frame-000080.color.jpg 0.07163661308690654 0.17711356282234192 -0.8480761647224426 0.49423250555992126 -0.2156379520893097 1.2594090700149536 0.6996244788169861 0.40459481990259427 0.007925815880298615 3230
frame-000081.color.jpg 0.0628794937891756 0.1728789210319519 -0.856109082698822 0.48294538259506226 -0.22521628439426422 1.2271287441253662 0.7345951199531555 0.47203063827987884 0.005022216588258743 3134
frame-000082.color.jpg 0.0429229711323612 0.1628408282995224 -0.8629994988441467 0.4763110876083374 -0.2467459738254547 1.1972378492355347 0.7527804374694824 0.2269341824320108 0.0058066630735993385 3253
frame-000083.color.jpg 0.030544015979191486 0.15596631169319153 -0.8649387359619141 0.4760489761829376 -0.26866668462753296 1.1815840005874634 0.7522991895675659 0.20563573160920698 0.004630375653505325 3193
frame-000084.color.jpg 0.01040602419819323 0.14962854981422424 -0.8748832941055298 0.46052396297454834 -0.30605974793434143 1.1362147331237793 0.782534658908844 0.3830381292322258 0.004683864302933216 3341
frame-000085.color.jpg 0.0035255637234759465 -0.14205993711948395 0.8842461705207825 -0.44487661123275757 -0.326495498418808 1.098097324371338 0.8139547109603882 0.2882680271986824 0.008381067775189877 3322
frame-000086.color.jpg 0.014664080652057888 -0.14137232303619385 0.8922435641288757 -0.4286026358604431 -0.34347063302993774 1.0618195533752441 0.8451293706893921 0.3468159285163557 0.010713652707636356 3289
frame-000087.color.jpg 0.029692890349621328 -0.12988093495368958 0.9060660004615784 -0.40161368250846863 -0.35662931203842163 1.0076665878295898 0.8859907388687134 0.38729245663107104 0.008837624453008175 2994
frame-000088.color.jpg 0.03112929353246206 -0.11381670832633972 0.9142683148384094 -0.3875437378883362 -0.3466089069843292 0.9765012264251709 0.9049930572509766 0.445854898781157 0.010546301491558552 2457
frame-000089.color.jpg 0.031259764177657016 -0.09756800532341003 0.9258419871330261 -0.36375805735588074 -0.33382922410964966 0.9308933019638062 0.944821834564209 0.3586322358217571 0.007462086156010628 1969
frame-000090.color.jpg 0.035036738815612395 -0.09327708184719086 0.9290004968643188 -0.356412410736084 -0.33553004264831543 0.9097573757171631 0.9498671889305115 0.35482099026488995 0.006250194739550352 2104
frame-000091.color.jpg 0.04043759320526979 -0.08035814762115479 0.9229457974433899 -0.37427061796188354 -0.3396949768066406 0.9390710592269897 0.9081515073776245 0.3814230562977822 0.007583653088659048 1979
frame-000092.color.jpg 0.048069260422224015 -0.014517748728394508 0.9097695350646973 -0.412065714597702 -0.27712714672088623 1.067612886428833 0.8210241794586182 0.0676017372792417 0.005186896305531263 3647
frame-000093.color.jpg 0.06952711495336693 0.03652485832571983 0.901706874370575 -0.42515480518341064 -0.2608172297477722 1.125443935394287 0.7728925943374634 0.23309490634165653 0.005139198154211044 4132
frame-000094.color.jpg 0.09982473806976969 0.07292293012142181 0.8830509781837463 -0.45270106196403503 -0.2812366485595703 1.1983708143234253 0.6827963590621948 0.3066058044596972 0.0037327620666474104 4215
frame-000095.color.jpg 0.12436609361015527 0.09811247140169144 0.8648046255111694 -0.4764661192893982 -0.2868199944496155 1.2594730854034424 0.5995263457298279 0.29594841483780304 0.006107489112764597 4261
frame-000096.color.jpg 0.13797692562834193 0.11654970049858093 0.8548111915588379 -0.486493855714798 -0.28258565068244934 1.2889021635055542 0.5575343370437622 0.22000858405702944 0.005385479889810085 4280
frame-000097.color.jpg 0.14873563653810118 0.1342378854751587 0.846754252910614 -0.49281346797943115 -0.27592334151268005 1.3114612102508545 0.5319141149520874 0.023307420233073493 0.0026506304275244474 4333
frame-000098.color.jpg 0.16819619588335255 0.15921355783939362 0.8382874727249146 -0.49359411001205444 -0.27356117963790894 1.326428771018982 0.5095426440238953 0.16910563877215737 0.002102626021951437 4311
frame-000099.color.jpg 0.18431552301402895 0.18205475807189941 0.8268731832504272 -0.4991638660430908 -0.260784387588501 1.3485368490219116 0.47809118032455444 0.2167714345762004 0.000877486658282578 4334
frame-000100.color.jpg 0.1999806073086004 0.2002844512462616 0.815990149974823 -0.504037618637085 -0.24848708510398865 1.3673768043518066 0.45216360688209534 0.12090710155306658 0.001639432623051107 4281
frame-000101.color.jpg 0.20935790201417476 0.21833035349845886 0.8076649904251099 -0.5061407089233398 -0.21619315445423126 1.3835593461990356 0.445232093334198 0.3610766698122547 0.006592497229576111 4310
frame-000102.color.jpg 0.21553141071299195 0.24547412991523743 0.8021987676620483 -0.49976587295532227 -0.1550806313753128 1.3900409936904907 0.4521563947200775 0.14254380682234472 0.003984848503023386 4420
frame-000103.color.jpg 0.21845273516601768 0.2518423795700073 0.799911618232727 -0.49899420142173767 -0.14167755842208862 1.398779034614563 0.42951539158821106 0.1389810627573897 0.0038346967194229364 4454
frame-000104.color.jpg 0.23040996224750254 0.25041329860687256 0.7978776693344116 -0.49758976697921753 -0.1604810506105423 1.3977643251419067 0.40243256092071533 0.30290306819718343 0.011025910265743732 4380
frame-000105.color.jpg 0.2358676696383952 0.27301138639450073 0.7914657592773438 -0.4933692216873169 -0.08919113129377365 1.430101990699768 0.3874673545360565 0.38405174531331154 0.010029813274741173 4446
frame-000106.color.jpg 0.2538209990608731 0.30938202142715454 0.7735888957977295 -0.49134281277656555 0.02686116099357605 1.4555736780166626 0.36715278029441833 0.4084222071174608 0.011569463647902012 4376
frame-000107.color.jpg 0.2772919162323968 0.3349345326423645 0.7622486352920532 -0.4794839918613434 0.09032297134399414 1.4586734771728516 0.3665462136268616 0.4298752710115155 0.010036966763436794 4206
frame-000108.color.jpg 0.2896255492676608 0.351702481508255 0.7519310712814331 -0.47646838426589966 0.15824000537395477 1.4677143096923828 0.3679831624031067 0.5828823139925116 0.014039942063391209 3803
frame-000109.color.jpg 0.30019859114386793 0.37747690081596375 0.7433347702026367 -0.463514119386673 0.20640422403812408 1.456121802330017 0.406491219997406 0.5590958066819719 0.012428437359631062 3723
frame-000110.color.jpg 0.31303762780401767 0.3951490819454193 0.730033278465271 -0.461428165435791 0.2238582819700241 1.4468523263931274 0.4090593159198761 0.45237410090052266 0.008492440916597843 3727
frame-000111.color.jpg 0.323484837731199 0.42385435104370117 0.7221880555152893 -0.440623939037323 0.20213598012924194 1.4250377416610718 0.4516538679599762 0.3589564563639211 0.006777866277843714 3646
frame-000112.color.jpg 0.3322553945717073 0.44104936718940735 0.7126358151435852 -0.43270307779312134 0.17219337821006775 1.4158533811569214 0.4571119248867035 0.22956167082835008 0.0052582863718271255 3861
frame-000113.color.jpg 0.3343590480724823 0.4577576220035553 0.7112871408462524 -0.4156111776828766 0.11521600186824799 1.3928732872009277 0.49158790707588196 0.19324164632891805 0.005938301794230938 4089
frame-000114.color.jpg 0.3422433951016405 0.48104381561279297 0.703782320022583 -0.39516669511795044 0.07173043489456177 1.3737003803253174 0.513769268989563 0.213397494548986 0.0044991676695644855 4251
frame-000115.color.jpg 0.34511485744787457 0.4927927851676941 0.6948068141937256 -0.39407414197921753 0.07263895869255066 1.377367615699768 0.5030822157859802 0.1855519872416076 0.003798102028667927 4259
frame-000116.color.jpg 0.3409649281815666 0.4936923384666443 0.6949301958084106 -0.3963365852832794 0.052260469645261765 1.3802435398101807 0.48883169889450073 0.18445622212749657 0.004774909932166338 4290
frame-000117.color.jpg 0.3367536801494874 0.5021125674247742 0.697741687297821 -0.38423484563827515 0.025312280282378197 1.3659162521362305 0.5088107585906982 0.10815278382501897 0.0028542194049805403 4452
frame-000118.color.jpg 0.33456508684465575 0.5200422406196594 0.6910146474838257 -0.37432754039764404 0.031603291630744934 1.367204189300537 0.5278616547584534 0.1441267832037745 0.00472090020775795 4421
frame-000119.color.jpg 0.34008012996221476 0.5341507792472839 0.6795674562454224 -0.37042757868766785 0.03214346244931221 1.3703588247299194 0.5184676051139832 0.04143730027617278 0.002922791289165616 4460
frame-000120.color.jpg 0.340871687763967 0.540361762046814 0.6736546754837036 -0.37149035930633545 0.03628324717283249 1.3685705661773682 0.5149037837982178 0.045527569732805494 0.003485744819045067 4461
frame-000121.color.jpg 0.33094327180396654 0.564751148223877 0.6745783090591431 -0.34128710627555847 0.02594025805592537 1.3187181949615479 0.5912654399871826 0.09611788378575072 0.004327524919062853 4416
frame-000122.color.jpg 0.32615903964776255 0.5768013000488281 0.6699684262275696 -0.3347577452659607 0.04070092365145683 1.3068711757659912 0.6110190153121948 0.09501363429603006 0.0036540362052619457 4395
frame-000123.color.jpg 0.3182730144575689 0.5900221467018127 0.6704960465431213 -0.3178226351737976 0.03832607343792915 1.2719990015029907 0.6563958525657654 0.08884347218552929 0.002619339618831873 4153
frame-000124.color.jpg 0.315514899389078 0.596477210521698 0.6684653162956238 -0.31276100873947144 0.03998839482665062 1.2569849491119385 0.6713476777076721 0.06769233733734353 0.0017914694035425782 4071
frame-000125.color.jpg 0.3114719656846013 0.592954158782959 0.6751039028167725 -0.30923348665237427 0.03440442681312561 1.2368459701538086 0.6970245242118835 0.11829264654504586 0.0023761014454066753 4068
frame-000126.color.jpg 0.31154412367779427 0.5945612788200378 0.670982301235199 -0.3149920105934143 0.0649794340133667 1.2370915412902832 0.6999783515930176 0.09066109624743944 0.0010265510063618422 4120
frame-000127.color.jpg 0.3116500352177799 0.6035924553871155 0.6626279950141907 -0.3153959810733795 0.10019676387310028 1.227807879447937 0.7122780084609985 0.10309378810479482 0.001974176149815321 3901
frame-000128.color.jpg 0.301894569396842 0.6176202893257141 0.655544102191925 -0.3125167489051819 0.17763164639472961 1.1826766729354858 0.7753262519836426 0.3946441947772377 0.005884129554033279 3745
frame-000129.color.jpg 0.3116485626774526 0.618682324886322 0.6532619595527649 -0.30554234981536865 0.16420431435108185 1.165198802947998 0.7946320176124573 0.3537584956425563 0.006298854015767574 3745
frame-000130.color.jpg 0.31808688036205257 0.620905876159668 0.6471143364906311 -0.30747315287590027 0.17038339376449585 1.166129231452942 0.793563187122345 0.46237456506247915 0.007701929192990065 3739
frame-000131.color.jpg 0.3216320463893337 0.626785159111023 0.6404054164886475 -0.3058987259864807 0.17283710837364197 1.1634323596954346 0.7949737906455994 0.4313024870633573 0.009212668985128403 3685
frame-000132.color.jpg 0.3426759429792331 0.6442041993141174 0.6167201399803162 -0.29534807801246643 0.1497376561164856 1.170722484588623 0.7881937623023987 0.680100825400093 0.012352933175861835 3571
frame-000133.color.jpg 0.3550515744507899 0.6539002060890198 0.5993192195892334 -0.2952446937561035 0.14724688231945038 1.185731053352356 0.7733333706855774 0.5828086226546694 0.009636428207159042 3555
frame-000134.color.jpg 0.3731485186592859 0.670580267906189 0.572857677936554 -0.2879522442817688 0.13348086178302765 1.1983953714370728 0.7617636919021606 0.4697803577526241 0.010223651304841042 3695
frame-000135.color.jpg 0.38207319817421054 0.6807981729507446 0.5586618781089783 -0.2800549268722534 0.12313799560070038 1.1957981586456299 0.7618100643157959 0.508266499374089 0.010624709539115429 3804
frame-000136.color.jpg 0.3935338115566744 0.6926194429397583 0.5344525575637817 -0.28243547677993774 0.1290711760520935 1.2124074697494507 0.7386037111282349 0.5173642579876931 0.01054292544722557 3855
frame-000137.color.jpg 0.3985881566182886 0.6958537101745605 0.5297203063964844 -0.27624526619911194 0.10529781877994537 1.2188451290130615 0.7355292439460754 0.4027953051801339 0.008135399781167507 4006
frame-000138.color.jpg 0.4050763691195502 0.703900158405304 0.5202056169509888 -0.26424193382263184 0.06514168530702591 1.226906418800354 0.7295552492141724 0.38267732982540514 0.008512596599757671 4154
frame-000139.color.jpg 0.40627710016244084 0.707731306552887 0.51458340883255 -0.2631712853908539 0.04876233637332916 1.2322516441345215 0.7186241745948792 0.36631763938104944 0.007365064229816198 4300
frame-000140.color.jpg 0.41005035263576306 0.709938645362854 0.51058429479599 -0.25913214683532715 0.020770464092493057 1.243561863899231 0.7006785869598389 0.38567655660340766 0.00621564406901598 4363
frame-000141.color.jpg 0.4140728073616113 0.7079105377197266 0.5104700922966003 -0.2585087716579437 -0.000936380063649267 1.2586350440979004 0.67174232006073 0.5112314418041093 0.009657246060669422 4442
frame-000142.color.jpg 0.4221835563932218 0.6956577301025391 0.5159529447555542 -0.2676076889038086 -0.032760754227638245 1.2822723388671875 0.6257008910179138 0.4418384273840722 0.007562689017504454 4486
frame-000143.color.jpg 0.4290321958342473 0.6857636570930481 0.5200246572494507 -0.2742881178855896 -0.05296839401125908 1.2987196445465088 0.5956873297691345 0.39802022921792807 0.006549853831529617 4443
frame-000144.color.jpg 0.4371719240453557 0.6820154786109924 0.5147258043289185 -0.2807005047798157 -0.05470912531018257 1.3233109712600708 0.563823938369751 0.3770389553047067 0.006586106028407812 4389
frame-000145.color.jpg 0.4548620249622996 0.6847519874572754 0.4933910667896271 -0.28421926498413086 -0.043673042207956314 1.3631647825241089 0.5100477337837219 0.1446497862631697 0.0037400901783257723 4463
frame-000146.color.jpg 0.4726225870792115 0.6810492873191833 0.48231229186058044 -0.28315111994743347 -0.05618491396307945 1.3950726985931396 0.46475356817245483 0.09841972423711112 0.001835283008404076 4384
frame-000147.color.jpg 0.48149346993551845 0.6766913533210754 0.4784024655818939 -0.2852787673473358 -0.05840301141142845 1.412401556968689 0.43712547421455383 0.24434524176087244 0.005179617553949356 4416
frame-000148.color.jpg 0.49012162382066365 0.6701808571815491 0.47707390785217285 -0.28816482424736023 -0.06685475260019302 1.4264123439788818 0.40855881571769714 0.3028140089337088 0.006034268531948328 4343
frame-000149.color.jpg 0.5052936080376995 0.6575382351875305 0.47358274459838867 -0.29671740531921387 -0.07918650656938553 1.4524726867675781 0.3495837450027466 0.24188842805250416 0.005558236967772245 4105
frame-000150.color.jpg 0.5153444791915773 0.6503930687904358 0.4700528383255005 -0.3007645010948181 -0.08774753659963608 1.4647032022476196 0.31316617131233215 0.28217328398363606 0.006732937879860401 3984
frame-000151.color.jpg 0.5316802183733094 0.6463569402694702 0.4598819613456726 -0.2967277765274048 -0.10157731920480728 1.485201120376587 0.2613184452056885 0.41690623588154224 0.009165291674435139 3873
frame-000152.color.jpg 0.5343744614849556 0.6470710635185242 0.4562751054763794 -0.2958984971046448 -0.09620700031518936 1.4950454235076904 0.25003868341445923 0.4960061497313575 0.010990097187459469 3788
frame-000153.color.jpg 0.5396334611658512 0.6532434225082397 0.44412946701049805 -0.2912347912788391 -0.07586995512247086 1.5087945461273193 0.22643128037452698 0.6065820565562509 0.013583575375378132 3777
frame-000154.color.jpg 0.543663364958894 0.674197793006897 0.41906821727752686 -0.27252396941185 -0.03747708722949028 1.525526762008667 0.2256602644920349 0.643680762641704 0.014529495500028133 3909
frame-000155.color.jpg 0.5455015776921166 0.6929501891136169 0.3956538736820221 -0.2563320994377136 0.0001926524710142985 1.5270918607711792 0.23362314701080322 0.6610215990881615 0.012586326338350773 4127
frame-000156.color.jpg 0.5514168657443596 0.7127160429954529 0.36572951078414917 -0.23284602165222168 0.03547367826104164 1.5276042222976685 0.24093325436115265 0.4099602803411831 0.008075714111328125 4290
frame-000157.color.jpg 0.5602095253858828 0.7224201560020447 0.3420493006706238 -0.21743209660053253 0.049710385501384735 1.5265471935272217 0.22994084656238556 0.3787820142448087 0.0073372069746255875 4277
frame-000158.color.jpg 0.5697633606541274 0.7369259595870972 0.306794136762619 -0.1954154074192047 0.07176639884710312 1.5289027690887451 0.23176325857639313 0.38237736179087994 0.00808489229530096 4310
frame-000159.color.jpg 0.57275574853891 0.7466254234313965 0.28719788789749146 -0.17893777787685394 0.07696574181318283 1.5251420736312866 0.2439977079629898 0.3286637936625476 0.006798187270760536 4363
frame-000160.color.jpg 0.5730208789779699 0.7601829767227173 0.26176920533180237 -0.15888936817646027 0.09242288023233414 1.5172605514526367 0.2707769572734833 0.39595540433489507 0.008004112169146538 4457
frame-000161.color.jpg 0.5723403694508457 0.766929030418396 0.2500092685222626 -0.14745092391967773 0.10180437564849854 1.511712908744812 0.29154789447784424 0.3461254924408026 0.006922569591552019 4432
frame-000162.color.jpg 0.5641980072491122 0.7777210474014282 0.243071511387825 -0.13321711122989655 0.10218767821788788 1.4887384176254272 0.339167982339859 0.1614996495021796 0.005646359175443649 4621
frame-000163.color.jpg 0.5523521250503076 0.7911831140518188 0.2333585023880005 -0.12033341825008392 0.10842788219451904 1.4644962549209595 0.3904968500137329 0.13252507990848636 0.007291788700968027 4683
frame-000164.color.jpg 0.5434684975624636 0.8001586198806763 0.22393502295017242 -0.11933630704879761 0.12758947908878326 1.4462026357650757 0.41688504815101624 0.22729810344872556 0.005979581270366907 4653
frame-000165.color.jpg 0.5367576549948997 0.80840003490448 0.21282102167606354 -0.11440204083919525 0.14201141893863678 1.4313759803771973 0.4459714889526367 0.2820693904030578 0.0066510518081486225 4558
frame-000166.color.jpg 0.5338132035528467 0.8115932941436768 0.21281105279922485 -0.10521992295980453 0.12435483187437057 1.422836184501648 0.46445584297180176 0.2915816294414906 0.00670196395367384 4534
frame-000167.color.jpg 0.5292073772309519 0.8183846473693848 0.20197705924510956 -0.09690963476896286 0.12860679626464844 1.4065107107162476 0.48811957240104675 0.26133437682592714 0.006019698455929756 4568
frame-000168.color.jpg 0.5214381822704768 0.8259310722351074 0.19505178928375244 -0.08885284513235092 0.13158699870109558 1.3890454769134521 0.5214966535568237 0.18245452313343327 0.005423374008387327 4540
frame-000169.color.jpg 0.5104002865239062 0.8370968103408813 0.1813090443611145 -0.07672940939664841 0.1374872326850891 1.3580267429351807 0.5615657567977905 0.10647301752655201 0.004694290459156036 4613
frame-000170.color.jpg 0.493957547710888 0.8476108908653259 0.18030424416065216 -0.07107824087142944 0.12466228753328323 1.327921986579895 0.6036622524261475 0.054305073182625986 0.003315226873382926 4562
frame-000171.color.jpg 0.4865908373909978 0.8500680327415466 0.19028286635875702 -0.06637851893901825 0.08437589555978775 1.3095976114273071 0.6249123215675354 0.13260157269110523 0.0036708104889839888 4546
frame-000172.color.jpg 0.48414611768010557 0.8496901988983154 0.1964145004749298 -0.07106663286685944 0.06295845657587051 1.2992438077926636 0.6342774629592896 0.045967853465060174 0.0019220925169065595 4520
frame-000173.color.jpg 0.4657484584572289 0.8587146997451782 0.19834348559379578 -0.0796695426106453 0.06633765995502472 1.2499682903289795 0.6935366988182068 0.14605424391125357 0.004721661098301411 4466
frame-000174.color.jpg 0.4634128672952619 0.8596620559692383 0.19957000017166138 -0.08000938594341278 0.059064287692308426 1.2394318580627441 0.7023766040802002 0.17898733501579234 0.005539664998650551 4474
frame-000175.color.jpg 0.4635794477347437 0.8592500686645508 0.20002233982086182 -0.08230695873498917 0.04630626365542412 1.2244563102722168 0.7158747911453247 0.0893534085060729 0.004121572710573673 4446
frame-000176.color.jpg 0.462528882719672 0.8598113656044006 0.19993911683559418 -0.08255768567323685 0.04593522474169731 1.2203730344772339 0.7210531234741211 0.038702983452346275 0.0027996981516480446 4377
frame-000177.color.jpg 0.4537346319141213 0.8655912280082703 0.19279436767101288 -0.08778928220272064 0.06636448204517365 1.1992076635360718 0.744019091129303 0.1110306213328017 0.0048089479096233845 4276
frame-000178.color.jpg 0.4422276260030995 0.8737196922302246 0.18411417305469513 -0.08456151187419891 0.06388137489557266 1.1723159551620483 0.7699868083000183 0.12481399643874032 0.0036868390161544085 4267
frame-000179.color.jpg 0.43776697435025497 0.8758705258369446 0.18413832783699036 -0.08546293526887894 0.061167895793914795 1.1598113775253296 0.7841490507125854 0.1172850335599103 0.004760194104164839 4301
frame-000180.color.jpg 0.42746275289727625 0.8813967704772949 0.18226130306720734 -0.08482936769723892 0.06626517325639725 1.1361051797866821 0.8061790466308594 0.11195769945071192 0.0038603811990469694 4226
frame-000181.color.jpg 0.4255336847029545 0.8860142230987549 0.16714318096637726 -0.07722140103578568 0.07255751639604568 1.1326779127120972 0.8099236488342285 0.14868194575100444 0.004298534709960222 4353
frame-000182.color.jpg 0.4262275358687929 0.8921945095062256 0.13560399413108826 -0.06269362568855286 0.07178188860416412 1.1309484243392944 0.808158814907074 0.20602585280469107 0.005038828123360872 4470
frame-000183.color.jpg 0.424873684574266 0.8980647325515747 0.10307204723358154 -0.0483551099896431 0.06424939632415771 1.128798246383667 0.8059325218200684 0.17977840965989733 0.003636498935520649 4455
frame-000184.color.jpg 0.42385092364541976 0.900554358959198 0.08829504251480103 -0.0394500233232975 0.05164020508527756 1.1271817684173584 0.8035715222358704 0.19211010276294377 0.0025153481401503086 4547
frame-000185.color.jpg 0.4244680991691513 0.9017530679702759 0.07464752346277237 -0.03310633823275566 0.04733039066195488 1.1320449113845825 0.7971387505531311 0.14368610260017645 0.0018353865016251802 4613
frame-000186.color.jpg 0.43816703280256536 0.8969134092330933 0.05578772723674774 -0.02106369100511074 0.03284798189997673 1.1611448526382446 0.7620078921318054 0.10100900626278064 0.0025519223418086767 4673
frame-000187.color.jpg 0.4363361079380828 0.8986541628837585 0.04330980032682419 -0.012473485432565212 0.020556317642331123 1.1608799695968628 0.7648475766181946 0.12951896958046094 0.0019808008801192045 4662
frame-000188.color.jpg 0.43261263087361707 0.9012551307678223 0.024099979549646378 -0.002170289633795619 0.009281771257519722 1.1560561656951904 0.7726013660430908 0.163332834922814 0.0036412093322724104 4703
frame-000189.color.jpg 0.43551053890505814 0.9001150727272034 0.009947680868208408 0.004935746546834707 0.003863296005874872 1.1630572080612183 0.7634709477424622 0.15392909183852127 0.0036275433376431465 4655
frame-000190.color.jpg 0.4472410607091783 0.8943670392036438 0.0028330048080533743 0.008661119267344475 -0.002575416350737214 1.1862313747406006 0.735595703125 0.1116770146944001 0.0031958238687366247 4612
frame-000191.color.jpg 0.4625297282511296 0.8864585161209106 0.002388118300586939 0.015869634225964546 -0.023154933005571365 1.213753581047058 0.697588324546814 0.057237078626199415 0.003376659471541643 4667
frame-000192.color.jpg 0.4748963947186136 0.8799236416816711 0.001615792396478355 0.01432092022150755 -0.021813463419675827 1.2363964319229126 0.6692421436309814 0.1035105563761912 0.0033175500575453043 4688
frame-000193.color.jpg 0.4827201262758148 0.8756845593452454 0.0016494396841153502 0.012452894821763039 -0.01933474838733673 1.2503479719161987 0.6508871912956238 0.10780672535380939 0.0026956014335155487 4697
frame-000194.color.jpg 0.49901847750648093 0.8665605783462524 0.001201858394779265 0.007203435525298119 -0.00974402017891407 1.2832143306732178 0.6133854389190674 0.03202060384484083 0.003858245676383376 4724
frame-000195.color.jpg 0.5149071658400812 0.8572041392326355 0.0012513954425230622 0.00837219413369894 -0.016880877315998077 1.308255672454834 0.5741226077079773 0.05361416019445019 0.0049780793488025665 4712
frame-000196.color.jpg 0.5280312242058383 0.8491910696029663 0.0026389025151729584 0.007117568049579859 -0.01557150948792696 1.3313453197479248 0.5390431880950928 0.0946562366435812 0.0036575528793036938 4679
frame-000197.color.jpg 0.5389789359770261 0.8422694206237793 0.0009035741095431149 0.009114916436374187 -0.022452572360634804 1.34719717502594 0.5093622207641602 0.0699174515523537 0.0038407251704484224 4680
frame-000198.color.jpg 0.5531596284929031 0.8328819870948792 -0.005147644318640232 0.017192089930176735 -0.03713628649711609 1.3712564706802368 0.472484290599823 0.0816176056212252 0.005150861572474241 4553
frame-000199.color.jpg 0.5612927953453327 0.8273718953132629 -0.006423259619623423 0.019101634621620178 -0.04107963666319847 1.384242296218872 0.4478805363178253 0.05934843417295316 0.004490220453590155 4386
frame-000200.color.jpg 0.5898943021921595 0.8072932958602905 -0.007179583422839642 0.015832819044589996 -0.032929953187704086 1.4186328649520874 0.36792346835136414 0.16084094979388328 0.0029129411559551954 4189
frame-000201.color.jpg 0.5943934310908868 0.8040443658828735 -0.006011869292706251 0.013151463121175766 -0.03113674931228161 1.4251933097839355 0.35802945494651794 0.1410583473995727 0.0036164973862469196 4111
frame-000202.color.jpg 0.604784940479423 0.796341598033905 -0.000991862267255783 0.008612089790403843 -0.034542858600616455 1.4437912702560425 0.33270612359046936 0.1921933990543062 0.004422823898494244 4010
frame-000203.color.jpg 0.6300759484089543 0.7763557434082031 0.00018781986727844924 0.016618046909570694 -0.062259938567876816 1.4749490022659302 0.25215038657188416 0.3063716837176392 0.010741309262812138 3484
frame-000204.color.jpg 0.6379251384501099 0.7698856592178345 0.0019041671184822917 0.017997799441218376 -0.06748414039611816 1.484291911125183 0.2287389039993286 0.37983002139558253 0.01269563753157854 3408
frame-000205.color.jpg 0.641362366960453 0.7671436071395874 0.003528611734509468 0.011512993834912777 -0.053351033478975296 1.4901971817016602 0.22373437881469727 0.3413338212533477 0.012583321891725063 3350
frame-000206.color.jpg 0.6404344290795254 0.7678737044334412 0.002535866340622306 0.014396728947758675 -0.0553661473095417 1.4840466976165771 0.22677624225616455 0.2749672743267139 0.012417317368090153 3385
frame-000207.color.jpg 0.6344217102896211 0.7722859978675842 -0.011788183823227882 0.030732976272702217 -0.07096337527036667 1.477282166481018 0.2390957921743393 0.16201300758741483 0.009557937271893024 3464
frame-000208.color.jpg 0.6270815059056954 0.7768996357917786 -0.03354334086179733 0.04550408571958542 -0.07142967730760574 1.469241976737976 0.25281116366386414 0.15048155385495735 0.008167419582605362 3474
frame-000209.color.jpg 0.6210874352167985 0.7809767723083496 -0.041412096470594406 0.05109567195177078 -0.0739060789346695 1.4609402418136597 0.2672693729400635 0.3079701347464073 0.006913554389029741 3575
frame-000210.color.jpg 0.6141081995959051 0.7862539291381836 -0.04620649293065071 0.05040641501545906 -0.07433266192674637 1.4541730880737305 0.28428730368614197 0.08326085308599508 0.005040761549025774 3655
frame-000211.color.jpg 0.6090431332173135 0.7892588973045349 -0.05340384691953659 0.057313188910484314 -0.07882997393608093 1.4420890808105469 0.291551411151886 0.5375323125028598 0.009398084133863449 3834
frame-000212.color.jpg 0.6064387638988233 0.7893311381340027 -0.06702002882957458 0.06853265315294266 -0.0845346599817276 1.4404138326644897 0.2895295023918152 0.6238210804953928 0.010699966922402382 3867
frame-000213.color.jpg 0.6029407396522856 0.7899531722068787 -0.08177193999290466 0.07582791149616241 -0.08005062490701675 1.43959379196167 0.28968870639801025 0.5774499657248242 0.010826475918293 3825
frame-000214.color.jpg 0.5965801612248723 0.7930289506912231 -0.09377855062484741 0.0800170749425888 -0.07762207090854645 1.4349427223205566 0.3042096495628357 0.5710921268246001 0.009693754836916924 4006
frame-000215.color.jpg 0.5878124274831021 0.7970205545425415 -0.10862462967634201 0.08622929453849792 -0.08283451944589615 1.4308695793151855 0.32318592071533203 0.3033689618037723 0.005830943584442139 4096
frame-000216.color.jpg 0.5790133944782079 0.8005484938621521 -0.1217290461063385 0.09511923044919968 -0.09344246983528137 1.4257043600082397 0.3340575695037842 0.15439788027137952 0.006051942240446806 4122
frame-000217.color.jpg 0.5774143253688933 0.8006742596626282 -0.12607000768184662 0.09808103740215302 -0.09799399226903915 1.4251025915145874 0.3333256244659424 0.21960916473292913 0.005247719585895538 4132
frame-000218.color.jpg 0.5637066245000213 0.8044257164001465 -0.1477525532245636 0.11533940583467484 -0.10971736907958984 1.4069955348968506 0.35055992007255554 0.4013245466723333 0.006204527802765369 4330
frame-000219.color.jpg 0.5458818806745591 0.813527524471283 -0.15992669761180878 0.12086924910545349 -0.11752942204475403 1.3872421979904175 0.39507389068603516 0.1430388087741855 0.00318037997931242 4217
frame-000220.color.jpg 0.526403199039107 0.824428379535675 -0.16880424320697784 0.12133722007274628 -0.12537924945354462 1.3623814582824707 0.44262662529945374 0.12188056359235207 0.001898506423458457 4347
frame-000221.color.jpg 0.5167912533531938 0.8282071948051453 -0.17548838257789612 0.12729300558567047 -0.1395546942949295 1.3473588228225708 0.46141138672828674 0.19252515681694105 0.0035573344212025404 4437
frame-000222.color.jpg 0.5062804307567527 0.8336820602416992 -0.17834950983524323 0.12979155778884888 -0.14945656061172485 1.3239634037017822 0.4865526258945465 0.4142986510833312 0.00689906720072031 4338
frame-000223.color.jpg 0.4915005087887483 0.8402326107025146 -0.18510538339614868 0.13480499386787415 -0.16327790915966034 1.3085486888885498 0.5205333828926086 0.11890213420676371 0.0019015896832570434 4181
frame-000224.color.jpg 0.48547807253583675 0.8415402173995972 -0.1914646178483963 0.13950760662555695 -0.1741550713777542 1.30050528049469 0.5299075841903687 0.20933937500621994 0.003729931777343154 4190
frame-000225.color.jpg 0.480277371406986 0.8439826369285583 -0.19470839202404022 0.1382594108581543 -0.17300671339035034 1.294337272644043 0.5443333983421326 0.4689274912408717 0.007032399531453848 4075
frame-000226.color.jpg 0.4615672414886836 0.8548375368118286 -0.19695362448692322 0.1319764256477356 -0.16978071630001068 1.2638437747955322 0.5930269360542297 0.6262748259547198 0.009287657216191292 4037
frame-000227.color.jpg 0.4405680199289614 0.8650827407836914 -0.2034917026758194 0.1269748955965042 -0.16682468354701996 1.2260291576385498 0.63934326171875 0.5136773965789143 0.0075573306530714035 3975
frame-000228.color.jpg 0.43150131605974956 0.8689711093902588 -0.2058635652065277 0.12773406505584717 -0.17204903066158295 1.2070772647857666 0.6574346423149109 0.3736199920578658 0.006175451911985874 3949
frame-000229.color.jpg 0.4287347591437474 0.8711197972297668 -0.20556917786598206 0.1227925643324852 -0.16436617076396942 1.1995792388916016 0.6702775955200195 0.44066254094934576 0.006760575342923403 4006
