seq4_frame00001.png 0.2574432555016288 0.9002532362937927 0.0799633339047432 0.3418668806552887 -10.289426803588867 2.966013193130493 3.6877589225769043 0.3389303417174437 0.09807275980710983 2779
seq4_frame00002.png 0.2535216542763387 0.9023531079292297 0.07534495741128922 0.3403071165084839 -10.307662963867188 3.01393723487854 3.7383477687835693 0.29760462898982537 0.0876215249300003 2803
seq4_frame00003.png 0.25048579042125024 0.9040204882621765 0.07598764449357986 0.33797895908355713 -10.369595527648926 2.9175527095794678 3.9062201976776123 0.4618748940360104 0.1355985552072525 2888
seq4_frame00004.png 0.2260508717224433 0.9153475165367126 0.05606815963983536 0.32847562432289124 -10.376139640808105 3.0608749389648438 4.240056037902832 0.42941028453942576 0.1673867255449295 2363
seq4_frame00005.png 0.2011627236372256 0.9450238347053528 0.059261731803417206 0.25090137124061584 -10.02355670928955 3.1733171939849854 6.18000602722168 0.8853358970453699 0.28786593675613403 2221
seq4_frame00006.png 0.2187760044950531 0.9467677474021912 0.05961211398243904 0.22850441932678223 -10.292203903198242 3.273897409439087 6.6108622550964355 0.803657239938331 0.20068126916885376 2800
seq4_frame00007.png 0.22165005186231237 0.9511544108390808 0.0360565185546875 0.21184048056602478 -10.748212814331055 3.907686233520508 7.182412624359131 0.9327569933182693 0.2602114677429199 2498
seq4_frame00008.png 0.22201446166192904 0.9559237957000732 0.03862376511096954 0.18822157382965088 -10.975427627563477 4.087242603302002 7.9845356941223145 0.9329323370808682 0.2617136240005493 1913
seq4_frame00009.png 0.20111496348900396 0.9658117294311523 0.02991314046084881 0.1608281135559082 -10.922313690185547 4.2427191734313965 8.877141952514648 0.8025311658597781 0.20085565745830536 1270
seq4_frame00010.png 0.22014907849819138 0.9641813635826111 0.031754013150930405 0.14450067281723022 -11.336800575256348 4.587726593017578 9.247021675109863 0.8754819617854513 0.23724211752414703 1450
seq4_frame00011.png 0.24741477420257635 0.9642505049705505 0.016247855499386787 0.09350376576185226 -10.582433700561523 5.823949337005615 10.476896286010742 0.6195896182220112 0.14787311851978302 1063
seq4_frame00012.png 0.2369850780593385 0.9648181200027466 0.020629100501537323 0.11197580397129059 -11.72578239440918 5.68540096282959 10.602692604064941 0.6323097783341022 0.15721648931503296 905
seq4_frame00013.png 0.21281467715235372 0.9754104018211365 0.01513984240591526 0.05527342110872269 -10.949892044067383 5.757818222045898 12.587433815002441 0.8957261622376931 0.22957657277584076 968
seq4_frame00014.png 0.2150470125991301 0.9726787805557251 0.0002732037683017552 0.08746860921382904 -12.332769393920898 5.918192386627197 11.93953800201416 0.34668151252792395 0.15188510715961456 1037
seq4_frame00015.png 0.2210214739560268 0.9746531844139099 -0.0068632313050329685 0.03396277502179146 -11.326592445373535 6.565606117248535 13.67065143585205 0.8538891724981023 0.24021589756011963 1062
seq4_frame00016.png 0.20402208504623473 0.9788339138031006 -0.010280869901180267 0.01238533016294241 -11.284635543823242 6.537967681884766 14.98459529876709 1.2315965525265447 0.37994036078453064 1412
seq4_frame00017.png 0.2063894836291943 0.9781357049942017 -0.025521013885736465 -0.0015876078978180885 -11.13365650177002 7.045903205871582 15.271949768066406 0.7369868029544846 0.21806295216083527 1772
seq4_frame00018.png 0.18566745411260333 0.9825080037117004 -0.001430114614777267 -0.014268302358686924 -11.399245262145996 6.343372821807861 16.508892059326172 1.1998438568488017 0.36341768503189087 1967
seq4_frame00019.png 0.1734507503529747 0.9834985733032227 -0.023529550060629845 -0.045736491680145264 -10.752035140991211 6.59636116027832 17.75806999206543 0.5151203807627852 0.16818389296531677 2413
seq4_frame00020.png 0.15282667083186605 0.9873365759849548 -0.007239703554660082 -0.041930362582206726 -11.545119285583496 5.66461706161499 18.524173736572266 0.454573795339237 0.20086130499839783 2724
seq4_frame00021.png 0.14645703071436134 0.9873496890068054 0.013974053785204887 -0.0591256320476532 -11.154223442077637 4.788095474243164 19.575605392456055 0.3886440336739402 0.11929702758789062 2564
seq4_frame00022.png 0.14362225144011792 0.9877184629440308 0.007707260083407164 -0.061036594212055206 -11.36607837677002 5.09774923324585 20.19845962524414 0.5087485079582509 0.18953894078731537 2985
seq4_frame00023.png 0.17564081311493007 0.9826384782791138 0.020367572084069252 -0.056188542395830154 -12.229595184326172 6.001910209655762 20.3612117767334 0.6387266343376233 0.21831576526165009 3172
seq4_frame00024.png 0.17420888344841964 0.9818926453590393 0.022838031873106956 -0.07082799822092056 -12.169953346252441 6.5193772315979 21.25191879272461 0.1217671851201725 0.07161162048578262 3230
seq4_frame00025.png 0.1947315209912036 0.9799792766571045 0.0005059593240730464 -0.04147176817059517 -13.72174072265625 8.015604972839355 20.676624298095703 0.483471792109032 0.1856437474489212 3304
seq4_frame00026.png 0.20130798628283855 0.9743636250495911 -0.002005775226280093 -0.1004321351647377 -11.233454704284668 8.925604820251465 22.65228843688965 0.14854744972129336 0.1121276393532753 3595
seq4_frame00027.png 0.22077569093762592 0.9726925492286682 0.01084334310144186 -0.07077863812446594 -13.336111068725586 9.339293479919434 22.261096954345703 0.25221674129462124 0.1123400405049324 3354
seq4_frame00028.png 0.20182092415395075 0.9748113751411438 0.010611645877361298 -0.09433220326900482 -12.164864540100098 8.777467727661133 23.861812591552734 0.4057543512359097 0.15818805992603302 3326
seq4_frame00029.png 0.18736214299050363 0.9722982048988342 -0.007546352222561836 -0.139552041888237 -10.236756324768066 8.94518756866455 25.377185821533203 0.2960474525807682 0.1247406005859375 3212
seq4_frame00030.png 0.16033427027043526 0.9765463471412659 -0.002878683153539896 -0.14367228746414185 -10.34320068359375 7.794333457946777 26.60024642944336 0.40243717381595784 0.1469978541135788 2702
seq4_frame00031.png 0.20331680273539948 0.9690054059028625 -0.001476029516197741 -0.1403164118528366 -10.92570686340332 9.844780921936035 26.343717575073242 0.4505858186375958 0.21831245720386505 2614
seq4_frame00032.png 0.21072899579194213 0.9666308760643005 0.006854506675153971 -0.14550302922725677 -11.3568754196167 9.951337814331055 26.88223648071289 0.4732114605934977 0.21624664962291718 2384
seq4_frame00033.png 0.22440403283430277 0.9625889658927917 -0.0017718325834721327 -0.15186241269111633 -11.178722381591797 11.5790376663208 27.15750503540039 0.22754647153850543 0.09854572266340256 1622
seq4_frame00034.png 0.19609587272754336 0.9611692428588867 0.005095799919217825 -0.19409853219985962 -8.786479949951172 9.775577545166016 29.451005935668945 0.4481798845024588 0.21750043332576752 1852
seq4_frame00035.png 0.19253958690186027 0.9715356230735779 0.01355124544352293 -0.13734397292137146 -13.104077339172363 9.263968467712402 28.733854293823242 0.5138803279024577 0.2744840383529663 1690
seq4_frame00036.png 0.18695848968407583 0.9726406931877136 0.027027292177081108 -0.1352262645959854 -13.53316593170166 9.149223327636719 29.63753890991211 0.6118234796922951 0.29588475823402405 1559
seq4_frame00037.png 0.19565422426735476 0.9727397561073303 0.011360679753124714 -0.123966746032238 -14.5774507522583 9.760799407958984 29.54460906982422 0.17659724905396387 0.09989265352487564 1888
seq4_frame00038.png 0.2063697709703676 0.9663598537445068 0.025796612724661827 -0.15130986273288727 -13.30889892578125 10.618885040283203 31.103315353393555 0.899929183176484 0.5013259649276733 1698
seq4_frame00039.png 0.1989137432281604 0.9605376720428467 0.019017264246940613 -0.1934918612241745 -10.554121971130371 11.2070894241333 32.49475860595703 0.32323347310727013 0.2087506204843521 1614
seq4_frame00040.png 0.23343509816950894 0.9562097191810608 -0.0035690271761268377 -0.17651674151420593 -11.785329818725586 13.211223602294922 31.822172164916992 0.6672671667539034 0.3386068642139435 1687
seq4_frame00041.png 0.20425104854333861 0.9574063420295715 -0.005957161542028189 -0.20400764048099518 -10.439677238464355 12.65935230255127 33.38135528564453 0.8573403390196628 0.5230228900909424 1797
seq4_frame00042.png 0.19238154606133107 0.9607611894607544 -0.009976152330636978 -0.1995689868927002 -11.658716201782227 11.896502494812012 33.513423919677734 0.2179682784858997 0.1192459836602211 1961
seq4_frame00043.png 0.21545772415026443 0.9581981301307678 0.003435644321143627 -0.18820863962173462 -13.335945129394531 11.850682258605957 32.899253845214844 0.9849853154672412 0.534518837928772 2289
seq4_frame00044.png 0.19500617538401357 0.9638156890869141 -0.009811462834477425 -0.18148194253444672 -13.757479667663574 11.526691436767578 32.75837326049805 0.8514321720267489 0.4496910870075226 2225
seq4_frame00045.png 0.16698899730775352 0.9568315148353577 -0.025747107341885567 -0.236485093832016 -10.334431648254395 11.30399227142334 34.190757751464844 0.07845131268292845 0.056237831711769104 2150
seq4_frame00046.png 0.19595699972870698 0.9611907005310059 -0.016204513609409332 -0.19352178275585175 -13.603845596313477 11.752476692199707 32.283935546875 0.27525491600422136 0.20567697286605835 2259
seq4_frame00047.png 0.18676479046240438 0.9584543704986572 -0.04675395414233208 -0.2104715257883072 -12.018009185791016 12.719060897827148 32.0882568359375 0.6296326109837216 0.3585411608219147 2118
seq4_frame00048.png 0.17543954373438597 0.9600768685340881 -0.027924073860049248 -0.21608711779117584 -11.555718421936035 11.157316207885742 32.15141296386719 0.25221423333453535 0.12670058012008667 2115
seq4_frame00049.png 0.16554372018701943 0.9669734239578247 -0.0223830696195364 -0.19250153005123138 -12.784881591796875 9.878508567810059 31.213722229003906 0.26862101473156713 0.1525508016347885 1999
seq4_frame00050.png 0.14320945004165186 0.96157306432724 -0.036314330995082855 -0.23140732944011688 -10.040099143981934 9.550196647644043 31.693485260009766 0.7816847881826645 0.37696945667266846 1715
seq4_frame00051.png 0.12085856449898887 0.9625592827796936 -0.03157985955476761 -0.24057316780090332 -8.484657287597656 7.506307125091553 32.1263313293457 0.6585549936632877 0.27162590622901917 1369
seq4_frame00052.png 0.11889905024365444 0.9610546827316284 -0.0390712171792984 -0.24639467895030975 -8.033795356750488 7.479318141937256 31.044525146484375 0.9966383652432234 0.48826485872268677 1081
seq4_frame00053.png 0.12762827383740663 0.9552732110023499 -0.034515783190727234 -0.2645237445831299 -5.940530776977539 7.5684356689453125 31.166461944580078 0.2792856881098809 0.17549438774585724 847
seq4_frame00054.png 0.15641340926864788 0.9542940855026245 -0.0029519223608076572 -0.2546546757221222 -6.596131801605225 8.402514457702637 30.260757446289062 0.4016226203965809 0.18213415145874023 794
seq4_frame00055.png 0.16819137793120217 0.9629185795783997 -0.0054088798351585865 -0.2108800709247589 -8.819476127624512 8.736844062805176 29.17671012878418 0.1996521790713717 0.09050477296113968 1666
seq4_frame00056.png 0.21192003311181687 0.9638846516609192 -0.033184561878442764 -0.15784521400928497 -11.483158111572266 11.073363304138184 26.704790115356445 0.5316630989325561 0.27064451575279236 2218
seq8_frame00001.png 0.2080750134603648 0.9780719876289368 0.004002778325229883 -0.007999084889888763 -13.945466041564941 12.085012435913086 32.31144332885742 1.5554241453699003 0.9914441108703613 1905
seq8_frame00002.png 0.2025550307052622 0.9792060256004333 0.006231958046555519 -0.009383252821862698 -13.961624145507812 12.12893009185791 32.26190948486328 0.9486308865579078 0.6084267497062683 2047
seq8_frame00003.png 0.21086871597193865 0.9774739146232605 0.006812592968344688 -0.005718203727155924 -13.974026679992676 12.138245582580566 32.3317756652832 1.620449253815714 1.035045862197876 2109
seq8_frame00004.png 0.2221365058615467 0.9741851091384888 0.037439052015542984 0.014732979238033295 -16.626474380493164 11.89547061920166 31.328937530517578 3.3138491968353954 2.1089043617248535 2148
seq8_frame00005.png 0.22391760530350432 0.9680103659629822 -0.008875299245119095 0.11286264657974243 -21.771541595458984 12.38998794555664 27.902524948120117 0.8836600460994838 0.5676050186157227 1861
seq8_frame00006.png 0.2001276578227679 0.9746915698051453 -0.03240068629384041 0.09420916438102722 -18.996484756469727 12.326406478881836 29.40766716003418 0.49373527191488686 0.3303888738155365 2012
seq8_frame00007.png 0.21465267975188024 0.9682239890098572 -0.05259910970926285 0.1170460656285286 -19.876977920532227 14.137937545776367 28.46360969543457 0.46771732045816294 0.2914257049560547 1802
seq8_frame00008.png 0.24184000434781572 0.956311047077179 -0.07507573068141937 0.14610329270362854 -19.382966995239258 15.8407621383667 25.87193489074707 1.1071060028976014 0.6756299734115601 1340
seq8_frame00009.png 0.2583874694761151 0.9514504075050354 -0.06391895562410355 0.1545717418193817 -19.322050094604492 15.923687934875488 26.007423400878906 1.5993781202262247 1.0935059785842896 1230
seq8_frame00010.png 0.22970287050430413 0.9575437903404236 -0.054595109075307846 0.16542653739452362 -19.903329849243164 14.67017650604248 26.858970642089844 1.2267312166816742 0.847427487373352 1165
seq8_frame00011.png 0.2414765500599341 0.9594718813896179 -0.017999574542045593 0.14414876699447632 -19.60152244567871 14.229523658752441 28.364099502563477 1.6297761972924838 1.1498095989227295 925
seq8_frame00012.png 0.24235990938941304 0.9585887789726257 -0.020092802122235298 0.14820748567581177 -18.131284713745117 13.998248100280762 27.703893661499023 1.5011649091599073 1.1011998653411865 954
seq8_frame00013.png 0.25225332117118543 0.958834707736969 -0.020524349063634872 0.12877483665943146 -15.483278274536133 15.033283233642578 28.391347885131836 1.441108656613572 1.0886166095733643 1094
seq8_frame00014.png 0.24313703470558223 0.9588679075241089 -0.03116130456328392 0.14312800765037537 -15.612809181213379 14.474075317382812 28.134994506835938 1.6596616900058747 1.0607349872589111 1238
seq8_frame00015.png 0.2569980143896633 0.9572920203208923 -0.03705945238471031 0.12716419994831085 -13.893223762512207 15.845614433288574 28.421100616455078 1.7078555047894846 1.1154567003250122 1286
seq8_frame00016.png 0.233078989121747 0.9616147875785828 -0.02023274451494217 0.14339450001716614 -14.829560279846191 13.967751502990723 29.259382247924805 1.1752676622763323 0.7504372000694275 1517
seq8_frame00017.png 0.24086443131493376 0.9618879556655884 -0.06850072741508484 0.1098339632153511 -11.77688980102539 16.200929641723633 30.258651733398438 0.09217002777537674 0.21350593864917755 1348
seq8_frame00018.png 0.24832713830626094 0.9572610855102539 -0.07024266570806503 0.13057810068130493 -12.4075345993042 15.769572257995605 29.860610961914062 1.8089373953072074 1.2203203439712524 1564
seq8_frame00019.png 0.2537322128880699 0.9613426327705383 -0.05643686279654503 0.09085758775472641 -8.951072692871094 15.07232666015625 30.9851016998291 2.3029523848129476 1.545619249343872 1765
seq8_frame00020.png 0.23182667949014965 0.9641553163528442 -0.05328666418790817 0.11756479740142822 -10.722167015075684 14.778395652770996 31.55907440185547 0.11311462944244895 0.20252132415771484 2026
seq8_frame00021.png 0.2264576330295111 0.9660356044769287 -0.05857684090733528 0.10982216149568558 -9.280394554138184 14.43126106262207 31.915973663330078 1.1341005113230787 0.7640171051025391 2185
seq8_frame00022.png 0.21873028992226348 0.9686437845230103 -0.04178282245993614 0.11018367856740952 -8.963749885559082 13.780900955200195 32.63338851928711 0.7201538017449882 0.5503894686698914 2394
seq8_frame00023.png 0.22051826644421743 0.9705655574798584 -0.06350499391555786 0.07308466732501984 -5.914222717285156 14.480266571044922 33.4597053527832 1.3124344026745844 0.8861070275306702 2119
seq8_frame00024.png 0.1923967537611771 0.9633317589759827 -0.033642787486314774 0.183966264128685 -13.895970344543457 12.236388206481934 32.57077407836914 1.0187371221376824 0.6915309429168701 2703
seq8_frame00025.png 0.20328633888252282 0.9665224552154541 -0.016855742782354355 0.1556437462568283 -10.836615562438965 12.292187690734863 33.30542755126953 2.2584887070898105 1.609411358833313 2681
seq8_frame00026.png 0.2000637690743631 0.973716139793396 -0.01657405123114586 0.10759442299604416 -8.359662055969238 12.135885238647461 35.73716735839844 1.253279521655279 0.9424073696136475 2307
seq8_frame00027.png 0.15644355115367103 0.9744710326194763 -0.02922181598842144 0.15835903584957123 -10.855402946472168 9.839838981628418 35.62358474731445 1.8601597586574832 1.3556327819824219 2583
seq8_frame00028.png 0.22444480795643781 0.9691523909568787 -0.07162261009216309 0.07237719744443893 -4.032098770141602 14.173905372619629 36.756805419921875 2.4834520864615817 1.8032987117767334 1908
seq8_frame00029.png 0.21464895397194517 0.9738723635673523 -0.06856054812669754 -0.02824874222278595 3.9574646949768066 12.428194999694824 37.61241912841797 1.8315073285326913 1.3111767768859863 1411
seq8_frame00030.png 0.20956387214434571 0.975184977054596 -0.06295962631702423 -0.033662475645542145 4.189390182495117 12.353558540344238 38.63705062866211 2.216492435204341 1.6782728433609009 1335
seq8_frame00031.png 0.19751465299913082 0.9780094623565674 -0.04932113364338875 0.04530975967645645 -1.8464739322662354 12.340644836425781 39.96489715576172 2.2846304023643884 1.9435065984725952 1671
seq8_frame00032.png 0.19048864683549638 0.9763318300247192 -0.03105412796139717 0.09760113805532455 -5.2537617683410645 14.050833702087402 39.829471588134766 1.5216649749017601 1.2777196168899536 1973
seq8_frame00033.png 0.19971137289349863 0.9730471968650818 -0.03572145849466324 0.10962899029254913 -5.882324695587158 13.701726913452148 39.97257614135742 1.249291544953638 0.9869410991668701 1836
seq8_frame00034.png 0.2026016090123591 0.9591381549835205 -0.04742879793047905 0.19172115623950958 -11.022151947021484 14.880372047424316 38.49067306518555 0.9729170115340633 0.7708380818367004 2103
seq8_frame00035.png 0.2000077051208788 0.9507142901420593 -0.07054591178894043 0.22619102895259857 -12.72361946105957 15.235276222229004 38.22883987426758 0.5416969669884222 0.41793709993362427 1975
seq8_frame00036.png 0.19826601022283696 0.9506110548973083 -0.05575896427035332 0.23220719397068024 -13.568548202514648 15.147830963134766 38.31059265136719 0.4621931381626507 0.39071258902549744 2025
seq8_frame00037.png 0.15715231436006794 0.9667567014694214 -0.017269304022192955 0.20096397399902344 -10.336830139160156 10.428696632385254 40.23575210571289 1.0310404272669909 0.9572879672050476 1989
seq8_frame00038.png 0.1322562166714233 0.9770081043243408 -0.03514361381530762 0.16348838806152344 -7.98156213760376 7.608193397521973 42.2564582824707 0.8242521279157707 0.7852433323860168 1903
seq8_frame00039.png 0.11074046756562252 0.9825877547264099 -0.04863183572888374 0.14104196429252625 -5.2172532081604 7.3392333984375 43.7056770324707 0.8048723732803587 0.9315890669822693 1633
seq8_frame00040.png 0.16707808849184658 0.9582608342170715 -0.1085742712020874 0.20501890778541565 -9.305424690246582 11.677092552185059 41.17717742919922 0.5435849273245489 0.512446939945221 1720
seq8_frame00041.png 0.165764619715847 0.9447128176689148 -0.07142080366611481 0.27374958992004395 -15.368168830871582 11.893686294555664 39.66082763671875 0.29587253570499245 0.3454224169254303 1564
seq8_frame00042.png 0.18702043911062396 0.926683783531189 -0.057549163699150085 0.3208872973918915 -17.3453369140625 13.104849815368652 37.022220611572266 0.3089613125888525 0.2989368736743927 1735
seq8_frame00043.png 0.17347963126387642 0.9373376369476318 -0.03195669874548912 0.3004691004753113 -15.298562049865723 12.061253547668457 37.50221633911133 1.0656862416667632 0.8307108283042908 1723
seq8_frame00044.png 0.17434446311991383 0.9216355681419373 -0.009956258349120617 0.34654390811920166 -19.319730758666992 11.624980926513672 35.497283935546875 1.1494446380152181 0.9298476576805115 1692
seq8_frame00045.png 0.17005973575738262 0.9350603222846985 -0.010240658186376095 0.31086498498916626 -15.947441101074219 11.558907508850098 36.64057540893555 0.6308332835346158 0.45897918939590454 1901
seq8_frame00046.png 0.17217514579207746 0.9216281175613403 -0.005777697078883648 0.34774115681648254 -18.30135154724121 11.020602226257324 34.86716842651367 0.24902474843555097 0.2615184485912323 1958
seq8_frame00047.png 0.15902378908444037 0.940125584602356 0.00815629307180643 0.3013450503349304 -14.31686782836914 8.995187759399414 36.33111572265625 0.37930268276688994 0.29305142164230347 2156
seq8_frame00048.png 0.13441153346826748 0.9543065428733826 0.008952061645686626 0.2667439877986908 -10.994166374206543 7.379161834716797 37.162166595458984 0.7538782876587493 0.5925169587135315 2234
seq8_frame00049.png 0.12287877230350709 0.9677358269691467 0.00847756490111351 0.21981021761894226 -7.205833911895752 6.742611408233643 37.8963508605957 0.8213371846049091 0.604386031627655 2103
seq8_frame00050.png 0.13344140588798314 0.9650646448135376 0.007177405990660191 0.22537098824977875 -6.856115818023682 7.976146697998047 37.424869537353516 0.42772071985434673 0.41753748059272766 2081
seq8_frame00051.png 0.14208075543703227 0.961284339427948 -0.008327455259859562 0.23595799505710602 -7.332276344299316 7.599767208099365 36.53862762451172 1.223196487064487 0.9096761345863342 2175
seq8_frame00052.png 0.13271159944256405 0.9565201997756958 -0.0025341373402625322 0.2597121596336365 -8.431360244750977 7.19959020614624 36.440059661865234 0.5814461066369576 0.5671657919883728 1982
seq8_frame00053.png 0.11902273934580826 0.9679036736488342 -0.025926174595952034 0.21982693672180176 -4.791205406188965 5.991586685180664 36.67071533203125 0.959774660353901 0.7132230997085571 1844
seq8_frame00054.png 0.11535022958375125 0.9744932055473328 -0.01001401524990797 0.1922418773174286 -2.0565896034240723 6.118818283081055 36.98573684692383 1.2504710332459346 0.8500146269798279 1668
seq8_frame00055.png 0.157929976981931 0.9657809734344482 -0.024678034707903862 0.20424528419971466 -1.7590141296386719 8.736190795898438 35.58583450317383 1.34662451539067 0.896463930606842 1812
seq8_frame00056.png 0.14746119466154942 0.9607705473899841 -0.01670270971953869 0.23429934680461884 -3.5906126499176025 8.492715835571289 35.64165115356445 0.8909148809368009 0.5967847108840942 1756
seq8_frame00057.png 0.14320402293519752 0.9552112221717834 -0.004668696783483028 0.25892552733421326 -5.0989484786987305 8.239065170288086 35.7462158203125 0.6922775585863448 0.6744375824928284 1771
seq8_frame00058.png 0.1371609033069094 0.9567374587059021 -0.016131311655044556 0.25608596205711365 -3.9464669227600098 7.9636712074279785 35.29716491699219 0.6380162413030891 0.5721507668495178 1772
seq8_frame00059.png 0.10633943216941062 0.9463080763816833 -0.014941339381039143 0.30490928888320923 -6.962412357330322 6.178617000579834 35.08133316040039 0.441205914514332 0.35341739654541016 1687
seq8_frame00060.png 0.14678909604492174 0.9425588250160217 0.009427705779671669 0.29991158843040466 -5.7632927894592285 8.67477798461914 34.20848083496094 0.4627953153875225 0.4007476568222046 1798
seq8_frame00061.png 0.12962842078418538 0.9502487182617188 -0.015283847227692604 0.2828257381916046 -4.071484088897705 6.97893762588501 34.83184814453125 0.7243746452086445 0.4781472086906433 1639
seq8_frame00062.png 0.14525315581356651 0.9515323638916016 -0.004762302618473768 0.2710442543029785 -2.70035457611084 8.240317344665527 34.50401306152344 0.7628439781614488 0.5956712961196899 1601
seq8_frame00063.png 0.1416040193028452 0.9548993110656738 0.012472148984670639 0.26069143414497375 -1.6347965002059937 8.366801261901855 34.568702697753906 0.9009178530588433 0.7855247855186462 1583
seq8_frame00064.png 0.1703626902160751 0.9478883147239685 -0.00401694281026721 0.26919907331466675 -1.5561339855194092 9.696490287780762 33.0145149230957 0.8713999632610167 0.6359847784042358 1649
seq8_frame00065.png 0.17979458090829248 0.9385867714881897 0.004034710582345724 0.2944697141647339 -3.576582193374634 10.447404861450195 32.31731414794922 0.8547666917238903 0.6266525387763977 1713
seq8_frame00066.png 0.20888799425941085 0.9193016290664673 0.028498731553554535 0.3323221504688263 -6.358702659606934 12.273049354553223 30.303937911987305 0.621024384834537 0.41085052490234375 1633
seq8_frame00067.png 0.19584851707618123 0.9225180745124817 0.007512276526540518 0.33248645067214966 -6.499655723571777 11.153148651123047 30.46095848083496 0.16454127147780379 0.1452987939119339 1649
seq8_frame00068.png 0.185822189198302 0.9167227149009705 -0.0029019101057201624 0.35366812348365784 -7.701483726501465 9.777558326721191 29.32432746887207 0.3089435967856928 0.2856738567352295 1851
seq8_frame00069.png 0.1691525384240788 0.9298463463783264 0.0017704450292512774 0.3267570734024048 -6.777078628540039 8.725275039672852 29.606521606445312 0.954792357519494 0.6064988970756531 1926
seq8_frame00070.png 0.17565160986555542 0.9205330014228821 0.0035420935600996017 0.34893113374710083 -8.278703689575195 9.648336410522461 28.464794158935547 0.8914203682962348 0.5090700387954712 2122
seq8_frame00071.png 0.16675533215951563 0.9266384243965149 0.014316217042505741 0.3366437256336212 -7.970616340637207 8.982090950012207 28.106449127197266 0.9938875065550008 0.5707643628120422 2286
seq8_frame00072.png 0.15523422948152177 0.9218955039978027 0.003396613523364067 0.35496410727500916 -9.900985717773438 7.996642589569092 27.699607849121094 0.6825617212137074 0.37099018692970276 2410
seq8_frame00073.png 0.143935227674752 0.9270121455192566 0.0074189212173223495 0.3462313115596771 -10.072007179260254 6.994197368621826 27.818073272705078 0.5121084807822212 0.3140622079372406 2403
seq8_frame00074.png 0.10844043402822826 0.924483060836792 -0.017708705738186836 0.36504557728767395 -11.498701095581055 5.2187089920043945 27.257034301757812 0.6698958824498592 0.37654438614845276 2327
seq8_frame00075.png 0.14739504902390063 0.9150755405426025 -0.002630336908623576 0.37537243962287903 -12.516128540039062 6.955343723297119 25.904319763183594 0.49963351378916315 0.31779494881629944 2522
seq8_frame00076.png 0.1328716975284257 0.9225370287895203 0.005489130038768053 0.362271249294281 -12.38001537322998 6.106840133666992 26.009458541870117 0.49292498736374124 0.3124573230743408 2501
seq8_frame00077.png 0.14139986234389348 0.926209568977356 0.013338794000446796 0.34923335909843445 -11.547619819641113 6.548206329345703 25.530550003051758 0.23312094643786718 0.1475849449634552 2492
seq8_frame00078.png 0.15086779837043618 0.9320052266120911 0.019904950633645058 0.32895126938819885 -10.71197509765625 7.019530296325684 25.24228286743164 0.22404119711211373 0.16132810711860657 2665
seq8_frame00079.png 0.16604675709654293 0.9262373447418213 0.03084164671599865 0.336989164352417 -10.945380210876465 7.489151954650879 23.866559982299805 0.6950567518874523 0.40289902687072754 2703
seq8_frame00080.png 0.16779405932937672 0.924526035785675 0.024987945333123207 0.34128057956695557 -11.218473434448242 7.50718355178833 23.517166137695312 0.2543409301264952 0.15220244228839874 2539
seq8_frame00081.png 0.16984205440450953 0.9223858118057251 0.009157110936939716 0.3468059003353119 -10.886038780212402 7.253603935241699 22.816104888916016 0.713742815435285 0.38900887966156006 2546
seq8_frame00082.png 0.16999477289749854 0.9287434816360474 0.01225596759468317 0.32922202348709106 -9.62083911895752 7.710786819458008 22.519025802612305 0.563942733032595 0.28485602140426636 2553
seq8_frame00083.png 0.18179934889968752 0.9112780094146729 -0.008327633142471313 0.3693942427635193 -11.080196380615234 8.069178581237793 21.239904403686523 0.4402567316631118 0.2360660284757614 2407
seq8_frame00084.png 0.19779125478517348 0.9045153260231018 0.004849627148360014 0.3777659237384796 -10.627754211425781 8.676974296569824 20.26938819885254 0.19740156503878636 0.11292774975299835 2530
seq8_frame00085.png 0.18770359001842724 0.8987678289413452 0.011219999752938747 0.39605268836021423 -10.953458786010742 8.052688598632812 19.84630012512207 0.0214682100386424 0.09320637583732605 2438
seq8_frame00086.png 0.1976143342903315 0.9041135311126709 0.03990069404244423 0.3767431080341339 -9.820175170898438 8.054183959960938 19.796213150024414 0.3378608301429549 0.1778939813375473 2492
seq8_frame00087.png 0.20426866963399384 0.8985009789466858 0.03402113914489746 0.38705670833587646 -9.223081588745117 8.471734046936035 19.159564971923828 0.49169501970461005 0.21017339825630188 2377
seq8_frame00088.png 0.21659385058692657 0.8951330184936523 0.012402871623635292 0.38944849371910095 -8.642733573913574 8.971220970153809 18.869794845581055 0.1725689315475373 0.10117828845977783 2393
seq8_frame00089.png 0.20642902533724486 0.8854205012321472 0.02441846951842308 0.4157177209854126 -9.266118049621582 8.456369400024414 18.393064498901367 0.15237203549138315 0.10160664469003677 2320
seq8_frame00090.png 0.23368303451945122 0.887821614742279 0.006249584723263979 0.39639127254486084 -7.541602611541748 9.251781463623047 18.261390686035156 0.23065628868412397 0.12118736654520035 2265
seq8_frame00091.png 0.22742346018143939 0.8948177695274353 -0.014050488360226154 0.3839040696620941 -6.222853660583496 9.06808853149414 18.849586486816406 0.1468952643136643 0.1868581771850586 2209
seq8_frame00092.png 0.23996962392603674 0.8853819370269775 0.003012109315022826 0.39812588691711426 -6.187674045562744 9.334744453430176 18.13260269165039 0.16913139872389038 0.08455701172351837 2150
seq8_frame00093.png 0.23044673465438148 0.8815207481384277 0.030083246529102325 0.41098707914352417 -6.108514785766602 8.841639518737793 17.95914077758789 0.384866272052262 0.16829344630241394 1969
seq8_frame00094.png 0.20350915232544078 0.885279655456543 0.027681680396199226 0.41724997758865356 -5.757637977600098 7.814367294311523 17.981311798095703 0.1409981696977252 0.0858389139175415 2233
seq8_frame00095.png 0.20889918587596193 0.8942241072654724 0.002700942335650325 0.39587512612342834 -4.071254730224609 7.779216289520264 18.570627212524414 0.21310027459838465 0.23225010931491852 1946
seq8_frame00096.png 0.2153872958781018 0.8918461799621582 -0.0220499224960804 0.3971555829048157 -3.1041009426116943 7.635344505310059 18.254718780517578 0.30754319456242857 0.09832856059074402 1825
seq8_frame00097.png 0.21750337842060227 0.8738629817962646 0.010800406336784363 0.4346712827682495 -4.375906944274902 7.964503765106201 17.579511642456055 0.33334434087385756 0.21164534986019135 1673
seq8_frame00098.png 0.21024046573025534 0.87916499376297 0.032828107476234436 0.4263685941696167 -3.5890820026397705 7.747108459472656 17.5916690826416 0.8602809489007649 0.3846757709980011 1658
seq8_frame00099.png 0.20985934785564653 0.8720227479934692 0.043703608214855194 0.4400288164615631 -3.7250075340270996 7.820716857910156 16.970109939575195 0.577530113725866 0.26438450813293457 1646
seq8_frame00100.png 0.19965822505492273 0.8572567105293274 0.03349175676703453 0.4734193682670593 -4.811995983123779 7.409914016723633 16.638212203979492 0.7314587253167113 0.37339138984680176 1614
seq8_frame00101.png 0.21050501501324864 0.8414584994316101 0.03533843904733658 0.4963732957839966 -5.427879810333252 7.269440650939941 15.535003662109375 0.3010682819509623 0.19028960168361664 1521
seq8_frame00102.png 0.2033298752862455 0.8261233568191528 0.03531883656978607 0.5243372917175293 -6.27660608291626 7.009041786193848 14.677632331848145 0.4917469931753256 0.2838691174983978 1469
seq8_frame00103.png 0.21095121760841354 0.8245967626571655 0.048718251287937164 0.5226531624794006 -6.116783142089844 6.927175998687744 13.693243026733398 0.3672683163361506 0.19558832049369812 1447
seq8_frame00104.png 0.20103520647891426 0.8156554102897644 0.05928683280944824 0.539236843585968 -6.806349277496338 6.810766696929932 12.912065505981445 0.4727365490027703 0.15284092724323273 1586
seq8_frame00105.png 0.2241354415893293 0.8193287253379822 0.05393045395612717 0.5249335765838623 -6.362672328948975 6.906026363372803 12.239789009094238 0.23738351808848407 0.1491222083568573 1415
seq8_frame00106.png 0.208980440854791 0.819652795791626 0.06516486406326294 0.5293864011764526 -6.61655855178833 6.31656551361084 11.708603858947754 0.3403148957673993 0.15515682101249695 1329
seq8_frame00107.png 0.22966284281357582 0.8211478590965271 0.0716184750199318 0.5175345540046692 -6.199282169342041 6.521148681640625 11.06181526184082 0.2596283769981578 0.12294472754001617 1266
seq8_frame00108.png 0.21615135358902174 0.8382343649864197 0.07424185425043106 0.4951058328151703 -5.5596466064453125 6.009183406829834 10.88821792602539 0.8085036326804254 0.3672183156013489 1337
seq8_frame00109.png 0.22340950954313502 0.837116003036499 0.06719433516263962 0.4947827458381653 -5.217785835266113 5.892971515655518 10.30591106414795 0.5857369061787537 0.3855977952480316 1225
seq8_frame00110.png 0.21593311475467283 0.8556540608406067 0.06870707124471664 0.46530455350875854 -3.970694065093994 5.885580062866211 10.714775085449219 0.8336776822486826 0.2819335460662842 1213
seq8_frame00111.png 0.22022094180656437 0.8286275863647461 0.05214175581932068 0.5120159387588501 -4.564223289489746 5.982551574707031 10.346796035766602 0.43426115959316286 0.18322144448757172 1014
seq8_frame00112.png 0.2376598655655341 0.8320729732513428 0.06348136812448502 0.49713432788848877 -3.7447543144226074 6.405172348022461 10.250246047973633 0.9743160263751524 0.3390466570854187 971
seq8_frame00113.png 0.20890221693406966 0.8272329568862915 0.049194760620594025 0.5192546248435974 -3.781346559524536 5.735459804534912 10.961664199829102 0.6450569923986087 0.06831931322813034 1018
seq8_frame00114.png 0.20256238520527237 0.8230575919151306 0.03489503636956215 0.5294592380523682 -3.71431040763855 5.679196357727051 11.971256256103516 0.4926389198313941 0.2637734115123749 879
seq8_frame00115.png 0.16829654938768554 0.8093385100364685 0.038102611899375916 0.5614228844642639 -4.480669021606445 5.060889720916748 11.864184379577637 0.6171987852082423 0.34695932269096375 849
seq8_frame00116.png 0.18817661356936954 0.7986651659011841 0.057024482637643814 0.5687457919120789 -4.670039176940918 6.063289165496826 12.330830574035645 0.3630367473410632 0.1458897739648819 844
seq8_frame00117.png 0.17259493903355866 0.7870773673057556 0.05680152028799057 0.5894860625267029 -5.374163627624512 5.791202545166016 12.878230094909668 0.39721784207301025 0.1544577181339264 793
seq8_frame00118.png 0.1748867487286012 0.8019906282424927 0.05456291139125824 0.5685495734214783 -4.185649871826172 6.040838718414307 13.988926887512207 0.8246965170986447 0.3491468131542206 717
seq8_frame00119.png 0.1675030746125342 0.8010954856872559 0.03734670951962471 0.5734054446220398 -3.916785717010498 5.4736328125 13.790783882141113 0.9395196276485224 0.7610300779342651 730
seq8_frame00120.png 0.1921025350646967 0.8048065900802612 0.061416592448949814 0.5582213401794434 -3.580410957336426 6.693929195404053 14.767666816711426 0.37002018888057814 0.1993722766637802 650
seq8_frame00121.png 0.1882406557323961 0.7966007590293884 0.042087022215127945 0.5729061961174011 -3.637688398361206 6.718550205230713 15.663339614868164 0.7119865496840926 0.2775404155254364 627
seq8_frame00122.png 0.20103614068294032 0.8047870993614197 0.03578098863363266 0.5573345422744751 -2.858159065246582 6.920446872711182 16.36106300354004 0.7120751286998911 0.3235841393470764 670
seq8_frame00123.png 0.16820606679716063 0.7857770323753357 0.03961273655295372 0.5938787460327148 -4.543139457702637 6.300256729125977 17.401723861694336 0.54666230107161 0.5782411694526672 544
seq8_frame00124.png 0.18032178603512422 0.7755864858627319 0.025554101914167404 0.6043977737426758 -4.406078338623047 6.440131664276123 17.56316566467285 0.978449784926891 0.619608461856842 591
seq8_frame00125.png 0.1609626974551222 0.7881615161895752 0.041869424283504486 0.5925701260566711 -3.274876832962036 6.494113922119141 18.29774284362793 2.048347478547202 1.06208336353302 501
seq8_frame00126.png 0.1479721798858968 0.7973405718803406 0.07250380516052246 0.5805990099906921 -3.228334903717041 6.916228771209717 19.38454818725586 0.8854046258238931 0.9681074619293213 504
