seq2_frame00001.png 0.6518771595493882 0.621523380279541 0.2989402115345001 -0.3152769207954407 -12.604850769042969 5.078512668609619 73.84185028076172 0.19275479524735628 0.6335460543632507 1652
seq2_frame00002.png 0.6518197089017747 0.6201015114784241 0.3022310733795166 -0.315058171749115 -12.498810768127441 5.0024871826171875 73.93575286865234 0.2003191630520793 0.7631042003631592 1537
seq2_frame00003.png 0.6508182653234493 0.6174089908599854 0.30741336941719055 -0.31739377975463867 -11.753654479980469 4.929962635040283 74.2674789428711 0.3283657466187265 0.9653655290603638 1513
seq2_frame00004.png 0.650201150123876 0.6060758829116821 0.32212895154953003 -0.3257966637611389 -8.82397747039795 5.308714389801025 74.09750366210938 0.4472251254421115 0.67179936170578 1465
seq2_frame00005.png 0.6511654752443558 0.6065601706504822 0.31201422214508057 -0.33273929357528687 -8.296674728393555 6.231105804443359 72.95874786376953 0.4204141249897256 0.5273564457893372 1467
seq2_frame00006.png 0.6596184083169612 0.6170651912689209 0.2842491865158081 -0.32145991921424866 -12.22888469696045 6.930120468139648 70.4818344116211 0.36103422125378015 0.3066902756690979 1536
seq2_frame00007.png 0.6771423337684865 0.5990175604820251 0.2729896306991577 -0.3288356363773346 -11.58096981048584 10.840371131896973 68.9110107421875 0.28253202899762037 0.6690515875816345 1598
seq2_frame00008.png 0.6794072997895049 0.6019246578216553 0.2600969970226288 -0.3293052911758423 -12.348278045654297 11.305462837219238 66.90032196044922 0.32197898613623566 0.40335747599601746 1685
seq2_frame00009.png 0.6637513675791116 0.6185711026191711 0.2604941129684448 -0.3300707936286926 -11.670063018798828 8.852166175842285 66.10761260986328 0.598066731651949 0.8346120715141296 1724
seq2_frame00010.png 0.6759553431998788 0.5976517200469971 0.2890813648700714 -0.31988877058029175 -9.309150695800781 8.900565147399902 64.46792602539062 0.5461019587554045 0.36536744236946106 1844
seq2_frame00011.png 0.6700842818266788 0.6113595366477966 0.2775680124759674 -0.3165163993835449 -10.132373809814453 7.5115532875061035 62.849830627441406 0.7569168147049058 0.6422421336174011 1906
seq2_frame00012.png 0.667416063119484 0.6273459792137146 0.28089866042137146 -0.2865113317966461 -11.949163436889648 4.735047340393066 61.22524642944336 0.09880450934730614 0.4507015347480774 1841
seq2_frame00013.png 0.667879818862121 0.6081116199493408 0.2942063808441162 -0.31237712502479553 -7.632634162902832 6.60913610458374 59.61166000366211 0.48721628323893285 0.3786984980106354 2002
seq2_frame00014.png 0.6726908602804565 0.6172390580177307 0.2737081050872803 -0.3026331961154938 -9.54867935180664 6.468682289123535 57.90214157104492 0.5415913124996986 0.4126146137714386 2075
seq2_frame00015.png 0.6716315264455238 0.6091768145561218 0.286175400018692 -0.30970677733421326 -6.973194122314453 6.704648494720459 56.30866622924805 0.6477192720710327 0.4491012990474701 2101
seq2_frame00016.png 0.6715859518405328 0.612680971622467 0.26745766401290894 -0.31946951150894165 -6.755157947540283 7.301217555999756 54.437644958496094 0.7067551050275388 0.4714818000793457 2312
seq2_frame00017.png 0.6838302175002438 0.6218616366386414 0.2397608906030655 -0.2969496548175812 -10.104215621948242 7.888373851776123 52.05946731567383 0.3587493628938522 0.2313607782125473 2481
seq2_frame00018.png 0.6920331554298594 0.6087186932563782 0.24810200929641724 -0.29832369089126587 -8.195374488830566 8.547698020935059 50.81965255737305 0.4910660019707342 0.3205086886882782 2414
seq2_frame00019.png 0.6963285399825088 0.6285015344619751 0.21690988540649414 -0.2703007459640503 -11.506172180175781 7.577053546905518 48.750980377197266 0.4230383050131857 0.23858197033405304 2497
seq2_frame00020.png 0.7099484240496142 0.6269000172615051 0.20153726637363434 -0.24970459938049316 -13.27058219909668 8.120611190795898 46.15516662597656 0.42834717626728386 0.23044446110725403 2558
seq2_frame00021.png 0.7245027069571606 0.6101493835449219 0.20865561068058014 -0.24346749484539032 -12.179095268249512 9.243196487426758 44.764244079589844 0.47899454974723576 0.27004876732826233 2683
seq2_frame00022.png 0.6978147903027071 0.6390738487243652 0.21918372809886932 -0.2379026561975479 -10.851005554199219 5.541269779205322 44.30319595336914 0.3377423690495375 0.19610756635665894 2467
seq2_frame00023.png 0.6914000120289661 0.656710684299469 0.21622376143932343 -0.20962893962860107 -12.004074096679688 3.3893508911132812 42.75090026855469 0.31822697112607723 0.1628563553094864 2417
seq2_frame00024.png 0.7009066056392254 0.6589093208312988 0.19514746963977814 -0.1910129189491272 -13.391458511352539 3.8313517570495605 40.77458572387695 0.13477206540307513 0.058613646775484085 2638
seq2_frame00025.png 0.708957111774828 0.6277424097061157 0.21998393535614014 -0.23436371982097626 -8.09782600402832 6.423534870147705 40.68339157104492 0.43089803847887204 0.22807720303535461 2489
seq2_frame00026.png 0.6934524649608443 0.6231661438941956 0.22589711844921112 -0.2824147939682007 -3.86711049079895 6.829100608825684 40.44147872924805 0.8566764766488493 0.42795294523239136 2292
seq2_frame00027.png 0.6695038661491677 0.6437069773674011 0.2285209596157074 -0.2918631136417389 -2.1982762813568115 4.627033710479736 40.567298889160156 0.2278452389538406 0.13938385248184204 2120
seq2_frame00028.png 0.731342779459858 0.6170727610588074 0.18904836475849152 -0.220498725771904 -8.622918128967285 8.241509437561035 38.69868469238281 0.18399055530453245 0.06679141521453857 2803
seq2_frame00029.png 0.696346592768303 0.6454055309295654 0.200990691781044 -0.24115517735481262 -5.8257341384887695 5.432852745056152 39.30532455444336 0.3600593184714666 0.1756153553724289 2504
seq2_frame00030.png 0.6810253468762341 0.6749706864356995 0.17024214565753937 -0.2272372990846634 -7.879202842712402 3.721637010574341 38.467018127441406 0.5777615397448531 0.25394222140312195 2463
seq2_frame00031.png 0.6864130466582747 0.6829403638839722 0.13913848996162415 -0.20753340423107147 -10.041589736938477 3.9629383087158203 37.315773010253906 0.389991875457107 0.1682579219341278 2712
seq2_frame00032.png 0.6976793113160485 0.6817724704742432 0.1286388635635376 -0.178554967045784 -12.087957382202148 3.923137664794922 36.44252395629883 0.431779212923083 0.22227080166339874 2658
seq2_frame00033.png 0.7108217920070273 0.6516838669776917 0.150870680809021 -0.21743613481521606 -8.329780578613281 6.088481426239014 36.68146896362305 1.0680571710824038 0.49008944630622864 1306
seq2_frame00034.png 0.665369366653428 0.6410595178604126 0.2535686194896698 -0.2864076495170593 -13.881567001342773 4.284918785095215 40.791629791259766 18.13998864302963 15.959630966186523 70
seq2_frame00035.png 0.6824655692854178 0.701015055179596 0.12700122594833374 -0.1633688360452652 -11.845088958740234 1.9887661933898926 34.93319320678711 0.2834677115530592 0.11323448270559311 2447
seq2_frame00036.png 0.6815571256432278 0.7061218619346619 0.11173761636018753 -0.15616168081760406 -12.557632446289062 1.8623172044754028 34.123538970947266 0.36342822923829604 0.17387263476848602 2403
seq2_frame00037.png 0.697798139645227 0.6922571063041687 0.1237228661775589 -0.13620027899742126 -12.803824424743652 2.6234188079833984 33.339603424072266 0.21307895693765483 0.06797183305025101 2716
seq2_frame00038.png 0.7312067467768476 0.6534739136695862 0.13245269656181335 -0.14410006999969482 -11.378562927246094 5.506253719329834 32.688995361328125 0.32853554085262476 0.15247462689876556 2985
seq2_frame00039.png 0.7333439144067141 0.6528516411781311 0.12729333341121674 -0.14066918194293976 -11.05350112915039 5.435770034790039 31.824506759643555 0.3981067004800375 0.17358413338661194 2999
seq2_frame00040.png 0.7386044622139748 0.6532710194587708 0.09791574627161026 -0.13458400964736938 -11.69107437133789 6.101151943206787 30.360076904296875 0.5896212027432283 0.24114637076854706 3161
seq2_frame00041.png 0.7454330169787888 0.6506738066673279 0.09702037274837494 -0.1074257493019104 -11.894192695617676 5.792766094207764 29.214433670043945 0.48434141392859215 0.1945255994796753 3330
seq2_frame00042.png 0.7501302679891483 0.6507521867752075 0.08773310482501984 -0.07828851789236069 -12.457402229309082 5.431951999664307 27.78590202331543 0.3690141767210293 0.14260420203208923 3449
seq2_frame00043.png 0.731446309047516 0.6693881154060364 0.09984239190816879 -0.08329031616449356 -10.33337688446045 3.97617506980896 27.825231552124023 0.5315971982792361 0.1771029531955719 3094
seq2_frame00044.png 0.7432557569317912 0.664680004119873 0.05739264190196991 -0.04977418854832649 -11.874724388122559 4.6146464347839355 25.693538665771484 0.18044852859071225 0.1341715157032013 3493
seq2_frame00045.png 0.7284007714687489 0.6729024052619934 0.0857895165681839 -0.09630649536848068 -7.520627498626709 4.056823253631592 26.556209564208984 0.36033273948167865 0.09726537019014359 2802
seq2_frame00046.png 0.7267780712370733 0.6865549683570862 -0.002427633386105299 -0.020737439393997192 -11.90009593963623 3.6402738094329834 23.63709831237793 0.15989503529490262 0.06356368213891983 3164
seq2_frame00047.png 0.7309253197315251 0.6819716691970825 -0.025098059326410294 0.005734819453209639 -11.643033027648926 3.900495767593384 22.533199310302734 0.07681055316792461 0.0467798225581646 3230
seq2_frame00048.png 0.7507305395403342 0.6575928330421448 -0.03222426399588585 0.054193150252103806 -11.938627243041992 4.558871269226074 21.203922271728516 0.1364448614401332 0.08294250816106796 3492
seq2_frame00049.png 0.7337499018993352 0.6717690825462341 -0.06692036986351013 0.07654418796300888 -11.870596885681152 3.73215913772583 20.06792640686035 0.16872118716729292 0.08240283280611038 3241
seq2_frame00050.png 0.7460456364623435 0.6608185768127441 -0.06281890720129013 0.05280642211437225 -9.204233169555664 4.572709560394287 20.428194046020508 0.19405577286147183 0.07052209228277206 3097
seq2_frame00051.png 0.7346494557937947 0.6590611338615417 -0.11783957481384277 0.10973765701055527 -10.659530639648438 4.362478256225586 18.79527473449707 0.10472840445160961 0.05212681367993355 3341
seq2_frame00052.png 0.7202446709282908 0.6464203596115112 -0.1672215461730957 0.1882159262895584 -12.29005241394043 3.6963489055633545 17.024568557739258 0.03794933477643751 0.10327604413032532 3260
seq2_frame00053.png 0.7151566886101663 0.6435438990592957 -0.17772293090820312 0.20692212879657745 -11.25840950012207 3.729429244995117 16.89188575744629 0.12445960033426656 0.07240378111600876 3392
seq2_frame00054.png 0.6898844967272294 0.6569079160690308 -0.19334369897842407 0.23483970761299133 -10.661086082458496 2.5446183681488037 17.105772018432617 0.18827190997536686 0.08250105381011963 3102
seq2_frame00055.png 0.7026556100097182 0.641902506351471 -0.19518272578716278 0.23693867027759552 -8.86898136138916 3.5713157653808594 17.787935256958008 0.3032219793344848 0.14709687232971191 3145
seq2_frame00056.png 0.6766670112005151 0.652726948261261 -0.22403016686439514 0.25667068362236023 -8.353357315063477 2.5317649841308594 17.963516235351562 0.11059551693833072 0.12701623141765594 3211
seq2_frame00057.png 0.6805843106691137 0.6359549164772034 -0.24547499418258667 0.26853007078170776 -7.516910552978516 3.327747344970703 18.513416290283203 0.20274585455899077 0.16879777610301971 3217
seq2_frame00058.png 0.6865224421906588 0.6433662176132202 -0.22491978108882904 0.2533336281776428 -4.789551734924316 3.235349178314209 19.855178833007812 0.2234024943834382 0.16104869544506073 2719
seq2_frame00059.png 0.665446385202945 0.656417965888977 -0.24010737240314484 0.2620019316673279 -3.8182990550994873 2.414942502975464 20.85843849182129 0.31133293569558074 0.18566672503948212 2544
seq2_frame00060.png 0.6641853902965438 0.6400607228279114 -0.26644232869148254 0.2796221077442169 -3.6143505573272705 2.8098905086517334 21.671863555908203 0.23020715038534273 0.12520907819271088 2577
seq2_frame00061.png 0.6596367308671608 0.6220864653587341 -0.2840259075164795 0.31179648637771606 -3.728849172592163 3.324484348297119 22.62162971496582 0.2724818058403433 0.21146371960639954 2569
seq3_frame00001.png 0.6287393243288621 0.5386843085289001 -0.34453338384628296 0.44249609112739563 -1.441545009613037 8.500799179077148 38.213199615478516 0.11630700916770266 0.6863785982131958 1768
seq3_frame00002.png 0.6280050995187709 0.5440911650657654 -0.347795695066452 0.4342954456806183 -1.210708737373352 8.009993553161621 39.2099723815918 0.5563096764699885 1.73585844039917 1760
seq3_frame00003.png 0.624047914083858 0.5494886636734009 -0.35126468539237976 0.4303946793079376 -1.104008436203003 7.554886817932129 39.311973571777344 0.507893933899206 1.8923925161361694 1687
seq3_frame00004.png 0.6233332977105651 0.5508722066879272 -0.3627151846885681 0.42003941535949707 -0.7471630573272705 6.661287784576416 37.613182067871094 0.18757768527925853 0.4046550989151001 1952
seq3_frame00005.png 0.6145694755802728 0.5559614896774292 -0.3770817220211029 0.41354626417160034 -1.6078755855560303 5.462955951690674 36.97496795654297 0.2898736019013114 0.5168074369430542 1931
seq3_frame00006.png 0.6145406990042079 0.5356394052505493 -0.40371495485305786 0.41526421904563904 -3.6178317070007324 5.659379482269287 36.72296142578125 0.16799207781360728 1.0087963342666626 1932
seq3_frame00007.png 0.6170088329798613 0.5480667948722839 -0.3786984384059906 0.41893962025642395 -2.6901049613952637 5.7046589851379395 35.796058654785156 0.2056798476943344 0.42386549711227417 2113
seq3_frame00008.png 0.6242721433436986 0.5547775030136108 -0.3728424608707428 0.4043447971343994 -1.8112680912017822 5.526984691619873 35.03817367553711 0.1452591138423289 0.5014099478721619 2008
seq3_frame00009.png 0.6356381422543183 0.5790300369262695 -0.34857842326164246 0.37307021021842957 0.8379184603691101 4.634263515472412 34.601173400878906 0.232517728676364 0.34086063504219055 1941
seq3_frame00010.png 0.6366829056837116 0.5788230895996094 -0.34817880392074585 0.37198156118392944 0.5928674340248108 4.788339614868164 34.09964370727539 0.2695281759111359 0.5807527899742126 2005
seq3_frame00011.png 0.6491576615790648 0.582616925239563 -0.3327857255935669 0.3583372235298157 1.5477805137634277 4.986957550048828 33.41461181640625 0.260349015316447 0.40074148774147034 1976
seq3_frame00012.png 0.6402062475913758 0.5838550925254822 -0.346574991941452 0.3593536615371704 0.24176281690597534 4.423865795135498 33.316646575927734 0.5335917202385856 0.8886684775352478 2006
seq3_frame00013.png 0.6416438435375257 0.5804324150085449 -0.34439072012901306 0.3643985688686371 -0.4411229193210602 4.606903076171875 32.377986907958984 0.24053770478328124 0.4625765383243561 2078
seq3_frame00014.png 0.6411178109761231 0.5820738077163696 -0.34911230206489563 0.358160138130188 -0.8051682710647583 4.368408679962158 31.988868713378906 0.3279116991214793 0.7199389934539795 2193
seq3_frame00015.png 0.6528098580517572 0.5800256133079529 -0.3430362343788147 0.34602850675582886 -0.5045922994613647 4.557945728302002 31.353036880493164 0.33966632128093904 0.49685749411582947 2128
seq3_frame00016.png 0.6562408930716211 0.5767784714698792 -0.33977627754211426 0.34817609190940857 -0.9356694221496582 4.942335605621338 30.62798500061035 0.22828861428050962 0.28252068161964417 2309
seq3_frame00017.png 0.6596446600644157 0.5920643210411072 -0.3179527819156647 0.3365037739276886 -0.001406839000992477 4.524084091186523 30.237308502197266 0.3112322170857495 0.4381401240825653 2038
seq3_frame00018.png 0.6586203804573602 0.6013527512550354 -0.3182992935180664 0.32137149572372437 0.24128146469593048 3.8979568481445312 29.695968627929688 0.39269161444826034 0.5059053897857666 1992
seq3_frame00019.png 0.6723121048253304 0.588260293006897 -0.3228788375854492 0.31256282329559326 -0.18568557500839233 4.562326431274414 28.869096755981445 0.3123107733248033 0.1891392171382904 2126
seq3_frame00020.png 0.668411414411582 0.5945121645927429 -0.32588857412338257 0.3059054911136627 -0.3374352753162384 4.161888599395752 28.35036849975586 0.20578391469768453 0.3528171181678772 2074
seq3_frame00021.png 0.6646117517835822 0.594714879989624 -0.32620376348495483 0.31336337327957153 -1.4059325456619263 3.939948797225952 28.014217376708984 0.2051476398878155 0.34065884351730347 2151
seq3_frame00022.png 0.6618187805964452 0.5979653000831604 -0.330707311630249 0.308327853679657 -1.7987300157546997 3.720503091812134 27.29607582092285 0.1680916491651014 0.34088432788848877 2151
seq3_frame00023.png 0.6667698082337972 0.5939236283302307 -0.31350958347320557 0.3230859339237213 -2.4554622173309326 4.331439971923828 26.96492576599121 0.35054008916130514 0.4574950337409973 2155
seq3_frame00024.png 0.6545140371414699 0.6064464449882507 -0.32034942507743835 0.3181358277797699 -3.032580852508545 3.498466730117798 26.50922203063965 0.32583628210914745 0.6331532597541809 2067
seq3_frame00025.png 0.6661538143181901 0.5950771570205688 -0.3200056552886963 0.3157826364040375 -3.5217349529266357 3.9341635704040527 25.754281997680664 0.2111731207158097 0.41008877754211426 2170
seq3_frame00026.png 0.6629967113462193 0.6112825870513916 -0.3138236403465271 0.29712557792663574 -3.137491464614868 3.221796989440918 25.669761657714844 0.3447844808468058 0.5481217503547668 2087
seq3_frame00027.png 0.6701160481430476 0.6071184873580933 -0.32018908858299255 0.2825430631637573 -3.425957202911377 3.310037612915039 25.156030654907227 0.5533887567436031 0.44802144169807434 2011
seq3_frame00028.png 0.6647345728912798 0.6179328560829163 -0.3169143497943878 0.2754129469394684 -3.5863142013549805 2.9799230098724365 24.525861740112305 0.3362237992175468 0.3659786581993103 2011
seq3_frame00029.png 0.6783633885716349 0.6016142964363098 -0.29473406076431274 0.30168721079826355 -4.455594062805176 4.41571569442749 23.84217643737793 0.3326798114923829 0.3433941602706909 2185
seq3_frame00030.png 0.6824716249488412 0.6115995645523071 -0.27566149830818176 0.29015371203422546 -4.007431507110596 4.272665023803711 23.55263328552246 0.33530316442262315 0.34744635224342346 2150
seq3_frame00031.png 0.6921241080616858 0.6055333018302917 -0.27873584628105164 0.27676698565483093 -4.271203517913818 4.372461795806885 23.21575927734375 0.30356218145208963 0.2502764165401459 2174
seq3_frame00032.png 0.6828884817183601 0.6243928074836731 -0.2725939452648163 0.2636086046695709 -4.097965240478516 3.5684814453125 22.762773513793945 0.36313202314389964 0.28351590037345886 2235
seq3_frame00033.png 0.7033507216413574 0.6119685173034668 -0.23966532945632935 0.2708372175693512 -4.008505344390869 4.631243705749512 22.588436126708984 0.3339118335443504 0.32422882318496704 2018
seq3_frame00034.png 0.694967926162368 0.6223665475845337 -0.23903273046016693 0.2693377137184143 -4.564075469970703 4.210084915161133 22.02342987060547 0.3787354569006615 0.2891937494277954 1978
seq3_frame00035.png 0.7006497805228652 0.6158640384674072 -0.2469530701637268 0.2623271346092224 -5.229408264160156 4.302309036254883 21.709590911865234 0.43497280660774 0.3717319965362549 2214
seq3_frame00036.png 0.686126481578075 0.6211150884628296 -0.25976085662841797 0.2756279706954956 -6.587150573730469 3.8206229209899902 20.813175201416016 0.19802810149300282 0.20918075740337372 2326
seq3_frame00037.png 0.6732923775460098 0.6237409114837646 -0.27402055263519287 0.28729328513145447 -8.132914543151855 3.4079039096832275 20.288345336914062 0.5500546639332848 0.25039973855018616 2524
seq3_frame00038.png 0.6758739896093476 0.6189723014831543 -0.28564417362213135 0.28013408184051514 -8.704811096191406 3.51423716545105 19.597158432006836 0.19483668226310114 0.13793779909610748 2473
seq3_frame00039.png 0.6744448767839536 0.6189257502555847 -0.2929355502128601 0.27612265944480896 -9.511039733886719 3.504415273666382 19.106746673583984 0.13939670378076877 0.08390860259532928 2544
seq3_frame00040.png 0.6807958223051022 0.6221341490745544 -0.2725542485713959 0.27419042587280273 -9.478588104248047 3.6097424030303955 18.96848487854004 0.4507573204187866 0.21773146092891693 2629
seq3_frame00041.png 0.6789923154558677 0.6248251795768738 -0.2791133224964142 0.2658172845840454 -10.265384674072266 3.4589650630950928 18.582643508911133 0.32912939378444567 0.16487601399421692 2589
seq3_frame00042.png 0.6906737983842975 0.6236897110939026 -0.26435717940330505 0.2531721591949463 -9.966214179992676 3.7411482334136963 18.2871036529541 0.17260493678302533 0.09613799303770065 2534
seq3_frame00043.png 0.6948140922979776 0.6219745874404907 -0.2636106312274933 0.246759831905365 -10.561984062194824 3.855018138885498 18.005502700805664 0.1905100775890154 0.14649200439453125 2534
seq3_frame00044.png 0.6842917269739874 0.6445342898368835 -0.2417401522397995 0.24058693647384644 -10.534456253051758 2.9732112884521484 17.938777923583984 0.3103419712965471 0.1577504277229309 2531
seq3_frame00045.png 0.7046188641610274 0.6195767521858215 -0.2577165961265564 0.23069258034229279 -11.358258247375488 4.382394790649414 17.557071685791016 0.15425834164107027 0.04929855093359947 2456
seq3_frame00046.png 0.6941109557267249 0.6393250226974487 -0.23630955815315247 0.23158396780490875 -11.51538372039795 3.502392530441284 17.358848571777344 0.19905958011959374 0.10518421977758408 2559
seq3_frame00047.png 0.7050316249396206 0.6333978176116943 -0.23135456442832947 0.2195737659931183 -11.946228981018066 3.859959363937378 17.519296646118164 0.2077097879197901 0.1302357017993927 2609
seq3_frame00048.png 0.7030953574046214 0.6384104490280151 -0.22313115000724792 0.21977612376213074 -12.400257110595703 3.720167398452759 17.06634521484375 0.25080233184747325 0.13508029282093048 2826
seq3_frame00049.png 0.7131515048668606 0.6221873760223389 -0.23119671642780304 0.2254902869462967 -13.486785888671875 4.169332504272461 16.58699607849121 0.28100502815087297 0.1398225724697113 2765
seq3_frame00050.png 0.7137500014691446 0.6258158087730408 -0.214846670627594 0.22968757152557373 -13.82681655883789 4.0427565574646 16.35390853881836 0.07661929453095104 0.07014036923646927 2885
seq3_frame00051.png 0.7098900738749963 0.6409637331962585 -0.20739097893238068 0.20545220375061035 -13.893956184387207 3.5099380016326904 16.98682403564453 0.045973006122417434 0.10389500856399536 2720
seq3_frame00052.png 0.69668656161824 0.6676729917526245 -0.18470433354377747 0.18634618818759918 -13.355228424072266 2.501377820968628 17.38364028930664 0.36905678536206254 0.16753078997135162 2895
seq3_frame00053.png 0.7169188979487374 0.6605744957923889 -0.16671286523342133 0.14790330827236176 -12.622062683105469 3.4109251499176025 18.400976181030273 0.26774389571217583 0.1411570906639099 2891
seq3_frame00054.png 0.7231704471608172 0.6584748029708862 -0.1559915542602539 0.138210266828537 -12.725288391113281 4.269284725189209 18.492835998535156 0.41404075808131036 0.11582496762275696 3096
seq3_frame00055.png 0.7479341110177826 0.6287878751754761 -0.15381929278373718 0.14683327078819275 -13.719087600708008 5.123129844665527 17.8637638092041 0.45689648654386444 0.20644904673099518 3166
seq3_frame00056.png 0.7545615126081854 0.634954035282135 -0.11847203224897385 0.11590787023305893 -12.562524795532227 5.494491100311279 18.985553741455078 0.15005097179276886 0.06061995401978493 3445
seq3_frame00057.png 0.7658523199514854 0.622192919254303 -0.11807390302419662 0.11137689650058746 -13.307710647583008 6.03682804107666 18.882570266723633 0.6414505457951362 0.2605537176132202 3407
seq3_frame00058.png 0.7550136903594362 0.6308419704437256 -0.1299465000629425 0.12290921062231064 -14.576433181762695 5.760282039642334 18.35775375366211 0.43398944613024326 0.1646982729434967 3342
seq3_frame00059.png 0.7714225243351799 0.6134271621704102 -0.11934415251016617 0.11988086998462677 -15.226385116577148 5.990079402923584 18.542137145996094 0.6767440542272961 0.30323922634124756 3265
seq3_frame00060.png 0.7640208862822819 0.6266132593154907 -0.11134888231754303 0.10596829652786255 -15.3829984664917 6.002510070800781 19.088590621948242 0.41052571861883963 0.17330333590507507 3368
seq3_frame00061.png 0.762812325902006 0.6240039467811584 -0.11731882393360138 0.12236344814300537 -16.679943084716797 5.795803070068359 18.4815731048584 0.6875192112515202 0.2735791504383087 3036
seq3_frame00062.png 0.7645196296816417 0.62348872423172 -0.12539176642894745 0.10511153191328049 -17.177352905273438 6.632972717285156 18.58970832824707 0.14655182052424637 0.04865880310535431 3031
seq3_frame00063.png 0.7752070028938047 0.6140144467353821 -0.10987342149019241 0.09984093904495239 -17.57061767578125 6.72528076171875 19.06243324279785 0.3372950183393281 0.16050124168395996 2980
seq3_frame00064.png 0.7690040538227368 0.6269638538360596 -0.0861080214381218 0.09019144624471664 -17.342208862304688 6.277569770812988 20.030763626098633 0.42004884327126213 0.16490720212459564 3106
seq3_frame00065.png 0.7719121335390983 0.629791796207428 -0.0522688552737236 0.06915167719125748 -16.622621536254883 5.995198726654053 21.5443115234375 0.3122875613537958 0.15617628395557404 3214
seq3_frame00066.png 0.7600916731552724 0.646465539932251 -0.04168033227324486 0.051046330481767654 -16.26152992248535 5.516719341278076 22.3988037109375 0.3047161632567045 0.11125712841749191 1473
seq3_frame00067.png 0.7675104246679157 0.6374439597129822 -0.03471731022000313 0.0582030788064003 -17.514450073242188 5.507222652435303 22.5460262298584 0.3743777161689141 0.1701308935880661 3125
seq3_frame00068.png 0.768968770286784 0.6392214298248291 0.006089258007705212 -0.006780297961086035 -14.70307445526123 6.309837341308594 24.99736213684082 0.5198013015000654 0.23681454360485077 3267
seq3_frame00069.png 0.7767517878038841 0.6232559680938721 0.06528041511774063 -0.06282591074705124 -11.337700843811035 7.326505184173584 27.15140724182129 0.8592056743541638 0.3582947254180908 3049
seq3_frame00070.png 0.7824107147083382 0.6194707155227661 0.01733049936592579 -0.061556290835142136 -13.353010177612305 8.307747840881348 26.348155975341797 0.7848424700133261 0.3708589971065521 3113
seq3_frame00071.png 0.7971395776477637 0.6029491424560547 -0.003520150203257799 -0.03175504878163338 -16.035886764526367 9.111010551452637 25.244800567626953 0.736498764593946 0.35189059376716614 3144
seq3_frame00072.png 0.7762762050086395 0.6289427280426025 0.008321266621351242 -0.04191669449210167 -16.27035903930664 8.02559757232666 26.28622055053711 0.30663400567044996 0.15756294131278992 3226
seq3_frame00073.png 0.7764817329831623 0.6295766234397888 0.015925899147987366 -0.021348867565393448 -17.675247192382812 7.189416408538818 26.280481338500977 0.4303622154745698 0.19777368009090424 3200
seq3_frame00074.png 0.78183595685928 0.6224455237388611 0.021239710971713066 -0.029034769162535667 -17.647262573242188 7.747226238250732 26.64668083190918 0.5798253240912548 0.26453518867492676 3080
seq3_frame00075.png 0.769602487827214 0.6371560096740723 0.02437025122344494 -0.03391605615615845 -18.12457847595215 7.070136547088623 27.358991622924805 0.20512277373036844 0.057798728346824646 2959
seq3_frame00076.png 0.7757026875231452 0.6293801665306091 0.015674905851483345 -0.04382063448429108 -18.499561309814453 7.842737197875977 27.38639259338379 0.7518807774916378 0.31797945499420166 3012
seq3_frame00077.png 0.7828286529929996 0.6200913786888123 0.046655066311359406 -0.022119300439953804 -19.19508171081543 7.296645641326904 27.78404998779297 0.5574437013156222 0.24904289841651917 2963
seq3_frame00078.png 0.7825138221029823 0.619714617729187 0.04465041682124138 -0.040400803089141846 -19.20276641845703 7.9481730461120605 28.331193923950195 0.49982246456924917 0.21039272844791412 2810
seq3_frame00079.png 0.775439117012719 0.6227526068687439 0.07264762371778488 -0.07480418682098389 -17.637649536132812 7.882848262786865 30.48586654663086 0.3362020813504203 0.18757940828800201 2976
seq3_frame00080.png 0.7711261865243674 0.6169241070747375 0.10264638811349869 -0.11930112540721893 -14.575288772583008 8.451485633850098 32.397403717041016 0.669227964654226 0.3208943009376526 2924
seq3_frame00081.png 0.7881948978590457 0.6007153391838074 0.061792101711034775 -0.11862356215715408 -17.003971099853516 10.93984603881836 31.39691162109375 0.27482848274834515 0.14539939165115356 2961
seq3_frame00082.png 0.7764374487023589 0.6137902140617371 0.07488741725683212 -0.12164827436208725 -17.134639739990234 9.999446868896484 32.279136657714844 0.2838144770555696 0.14266516268253326 2863
seq3_frame00083.png 0.7795476760463087 0.607017993927002 0.08120319992303848 -0.13130366802215576 -17.105403900146484 11.201050758361816 33.01704788208008 0.20824534411982787 0.08442045003175735 2815
seq3_frame00084.png 0.7754656494997424 0.6071446537971497 0.09464454650878906 -0.1451578587293625 -16.462696075439453 11.01285171508789 33.987510681152344 0.1282131094483059 0.06284112483263016 2760
seq3_frame00085.png 0.7834844197068009 0.6072030663490295 0.06974548101425171 -0.11221491545438766 -19.95582389831543 10.987103462219238 32.98340606689453 0.48003487293519337 0.22273461520671844 2664
seq3_frame00086.png 0.7740562588982111 0.5987879633903503 0.1023915633559227 -0.1783420443534851 -15.584810256958008 12.22333812713623 35.73161315917969 0.38566425692681633 0.2140893042087555 2607
seq3_frame00087.png 0.7631411022906426 0.6079326868057251 0.10941474884748459 -0.1898997724056244 -15.224809646606445 11.755030632019043 37.07509994506836 0.4122143761694195 0.26005956530570984 2547
seq3_frame00088.png 0.7426436295492543 0.6184971332550049 0.14618031680583954 -0.2111232578754425 -12.628301620483398 9.769153594970703 39.08558654785156 0.5452821759724442 0.3165462911128998 2223
seq3_frame00089.png 0.732615057799717 0.6205695271492004 0.15859046578407288 -0.2302556037902832 -11.53782844543457 9.536602973937988 40.15180969238281 0.49790467551635653 0.26675984263420105 2666
seq3_frame00090.png 0.7163075328668542 0.6383459568023682 0.1681877076625824 -0.22612126171588898 -11.567136764526367 7.506134510040283 41.120914459228516 0.15724206709130803 0.11746823042631149 2503
seq3_frame00091.png 0.7357696926815048 0.6131680607795715 0.17515647411346436 -0.22800908982753754 -11.85704517364502 9.860147476196289 41.71223831176758 0.285370773010554 0.17491449415683746 2624
seq3_frame00092.png 0.7213212724733133 0.6247915029525757 0.17512641847133636 -0.2422022670507431 -11.528570175170898 9.215692520141602 42.6382942199707 0.2178453484210527 0.1449587047100067 2543
seq3_frame00093.png 0.7145318137903527 0.628146231174469 0.183424174785614 -0.2474513202905655 -11.119582176208496 8.598013877868652 43.82741165161133 0.2964776210963468 0.17597849667072296 2669
seq3_frame00094.png 0.7000586104965341 0.6550185084342957 0.161090686917305 -0.23434694111347198 -13.995518684387207 6.732657432556152 43.6788215637207 0.11883879487438243 0.05982135608792305 2465
seq3_frame00095.png 0.6875905277501841 0.6701698899269104 0.16734008491039276 -0.22380539774894714 -14.812235832214355 4.9607133865356445 44.439266204833984 0.3568277585399779 0.23129957914352417 2518
seq3_frame00096.png 0.7031315529414589 0.6527294516563416 0.16730989515781403 -0.2270631343126297 -15.100313186645508 6.780139446258545 44.86909103393555 0.15923837663922938 0.09427118301391602 2461
seq3_frame00097.png 0.6955503975459727 0.6571625471115112 0.1909271776676178 -0.21884685754776 -14.650854110717773 5.297773361206055 45.98821258544922 0.49456647392036573 0.3379282057285309 2343
seq3_frame00098.png 0.6937202238704675 0.664359986782074 0.16936951875686646 -0.22066272795200348 -16.412755966186523 5.419000625610352 46.04739761352539 0.3336564485024154 0.21610842645168304 2332
seq3_frame00099.png 0.7151317329092386 0.6658782958984375 0.12916289269924164 -0.16884782910346985 -22.818693161010742 6.139275550842285 43.850128173828125 0.47167114621395406 0.24650229513645172 2243
seq3_frame00100.png 0.7104892952812015 0.6700722575187683 0.1393718421459198 -0.16365689039230347 -23.155353546142578 5.076213359832764 44.457908630371094 1.253863075942492 0.7749816179275513 2173
seq3_frame00101.png 0.7150795271345907 0.6581372618675232 0.15981554985046387 -0.1731347292661667 -21.96342658996582 5.565374851226807 46.043670654296875 0.8458348853627763 0.5529690980911255 2156
seq3_frame00102.png 0.7137670758316651 0.6726006865501404 0.12621130049228668 -0.14904876053333282 -26.05608558654785 4.742861747741699 44.117950439453125 0.9007702569397475 0.5029050707817078 2136
seq3_frame00103.png 0.7125655356235017 0.6775811910629272 0.11524051427841187 -0.14090308547019958 -27.849950790405273 4.981659889221191 44.38066482543945 1.3550183909937925 0.8288713097572327 2102
seq3_frame00104.png 0.696838425691488 0.6782481670379639 0.15622544288635254 -0.17317403852939606 -24.46727752685547 4.0685014724731445 47.42728805541992 0.527632593631161 0.2756541967391968 2216
seq3_frame00105.png 0.709687153653704 0.6383901834487915 0.17128942906856537 -0.2438483089208603 -17.800065994262695 9.297755241394043 50.61955261230469 0.9576804603213516 0.6564197540283203 2182
seq3_frame00106.png 0.6786407695912531 0.6569483280181885 0.2038027048110962 -0.25754621624946594 -14.861839294433594 5.498673439025879 52.87146759033203 0.7919950120956517 0.49920040369033813 2269
seq3_frame00107.png 0.6870722616140262 0.6539450287818909 0.18727892637252808 -0.25537070631980896 -16.912893295288086 7.365385055541992 52.50639724731445 1.0175595548360898 0.7016875743865967 2090
seq3_frame00108.png 0.6845558575030223 0.6710338592529297 0.1589018851518631 -0.23631969094276428 -21.01776123046875 6.103525161743164 51.88645553588867 0.5846208639405442 0.4222659766674042 1839
seq3_frame00109.png 0.6944964227460954 0.6531997919082642 0.18139466643333435 -0.24104098975658417 -19.44408416748047 7.267462253570557 53.1687126159668 0.9316737680045876 0.7060269713401794 1888
seq3_frame00110.png 0.689640665975443 0.6650430560112 0.195805162191391 -0.20922188460826874 -21.765352249145508 4.073508262634277 53.06260681152344 0.06964729222427457 0.06971931457519531 1847
seq3_frame00111.png 0.7044808857930717 0.6682363152503967 0.15410731732845306 -0.18280558288097382 -27.247879028320312 5.657286167144775 51.68382263183594 1.1670432607419905 0.9362282156944275 1648
seq3_frame00112.png 0.7049928198630855 0.6631542444229126 0.16808724403381348 -0.18697132170200348 -26.4797420501709 5.468469619750977 52.29573059082031 0.8336732532978925 0.556239902973175 1877
seq3_frame00113.png 0.6931694879451159 0.6590688228607178 0.17810186743736267 -0.23113654553890228 -22.810129165649414 6.814033031463623 55.376747131347656 0.5647219615673583 0.4931694269180298 1831
seq3_frame00114.png 0.6833688259220057 0.6636230945587158 0.19459891319274902 -0.23397180438041687 -21.38945960998535 4.896803855895996 56.369815826416016 0.7557610186312927 0.5370568633079529 1734
seq3_frame00115.png 0.6880168789408888 0.6310613751411438 0.22023169696331024 -0.2826521694660187 -15.080999374389648 8.685673713684082 59.248695373535156 0.4454960470454669 0.40202000737190247 2007
seq3_frame00116.png 0.679762834024865 0.6405537128448486 0.22928877174854279 -0.27393433451652527 -16.02800941467285 6.657763481140137 60.0000114440918 0.461185578538368 0.48283112049102783 1965
seq3_frame00117.png 0.6962332636005183 0.6526882648468018 0.2031428962945938 -0.21906666457653046 -23.24106216430664 5.588937759399414 58.05734634399414 0.8565829350737318 0.7752360701560974 1702
seq3_frame00118.png 0.688237705949452 0.661855161190033 0.1871722936630249 -0.23074477910995483 -24.011812210083008 5.926270484924316 58.42890548706055 0.41979145719734373 0.3440244495868683 1638
seq3_frame00119.png 0.6936246128224618 0.6684224009513855 0.1788792759180069 -0.20024633407592773 -27.991125106811523 4.635288238525391 57.959983825683594 1.128840198445111 1.0555787086486816 1575
seq3_frame00120.png 0.6850142438453181 0.6645554900169373 0.2042408436536789 -0.21773189306259155 -24.874740600585938 3.9513113498687744 60.10123825073242 0.7378198725898146 0.7299575805664062 1523
seq3_frame00121.png 0.6893314279384825 0.6587268114089966 0.21154174208641052 -0.2148284912109375 -25.14069938659668 3.9503796100616455 60.616939544677734 0.5549784832729235 0.4631912112236023 1585
seq3_frame00122.png 0.6658595659170414 0.6622096300125122 0.23338109254837036 -0.25227510929107666 -19.87343406677246 3.0890207290649414 63.87549591064453 0.7540123834820637 0.9333416223526001 1630
seq3_frame00123.png 0.6808015415881075 0.6564918160438538 0.216487854719162 -0.2421998232603073 -23.108137130737305 4.896283149719238 62.905391693115234 0.5761234149219607 0.5732020139694214 1451
seq3_frame00124.png 0.6744712809195881 0.6749173998832703 0.1990882307291031 -0.2234700471162796 -26.92984962463379 3.1577932834625244 62.42669677734375 0.5689036381649929 0.5479573011398315 1484
seq3_frame00125.png 0.672431361649407 0.6817495822906494 0.18161192536354065 -0.22376471757888794 -28.446815490722656 3.8178985118865967 62.90461730957031 1.7498974535650287 1.8061591386795044 1412
seq3_frame00126.png 0.6708696731952257 0.6859808564186096 0.18002676963806152 -0.21668970584869385 -29.918657302856445 2.70731782913208 61.82858657836914 0.6417936027183706 0.6343592405319214 1374
seq3_frame00127.png 0.7034823093914884 0.6739313006401062 0.1493176966905594 -0.16921445727348328 -36.158626556396484 5.064640998840332 59.75752258300781 2.093385532490854 1.8931326866149902 1303
seq3_frame00128.png 0.6837708078901104 0.665218710899353 0.20474962890148163 -0.21913275122642517 -28.831132888793945 4.167603969573975 64.281494140625 0.42994263908829006 0.41150206327438354 1406
seq3_frame00129.png 0.689324173604499 0.6502328515052795 0.2244368940591812 -0.2272828221321106 -26.786636352539062 5.031590461730957 66.07964324951172 0.7267025124160024 0.7019392848014832 1427
seq3_frame00130.png 0.67395285407848 0.6414966583251953 0.2504195272922516 -0.26750612258911133 -20.305707931518555 5.475710391998291 69.44383239746094 0.4820919871749837 0.585858166217804 1508
seq3_frame00131.png 0.6566568548949021 0.6544151902198792 0.24976442754268646 -0.2795715928077698 -19.596057891845703 3.6067416667938232 70.1344223022461 0.364641228146208 0.45994439721107483 1516
seq3_frame00132.png 0.643585025744627 0.64737468957901 0.263479620218277 -0.31190192699432373 -15.081731796264648 4.302318096160889 72.5497817993164 0.3653269684667067 0.5277736783027649 1558
seq3_frame00133.png 0.6605277007289986 0.6541612148284912 0.23580074310302734 -0.2831507623195648 -21.489831924438477 5.2079081535339355 70.36871337890625 0.4444752272492409 0.5552082657814026 1425
seq3_frame00134.png 0.6133037572046618 0.6751925349235535 0.2631765902042389 -0.3141840398311615 -15.127535820007324 -0.674352765083313 73.77525329589844 0.4311178585123554 0.32031404972076416 1349
seq3_frame00135.png 0.6420088661944893 0.6804894804954529 0.22718438506126404 -0.2704550325870514 -24.592041015625 1.5122816562652588 71.4581527709961 0.5432102807764032 0.579648494720459 1201
seq3_frame00136.png 0.6253614952391627 0.6743950247764587 0.2631146311759949 -0.2913503348827362 -18.850250244140625 -0.5896024703979492 74.35737609863281 0.24331230905104023 0.2764438986778259 1302
seq3_frame00137.png 0.6552053616830276 0.6614421606063843 0.23440414667129517 -0.2797408998012543 -23.5284366607666 4.043467044830322 72.64810180664062 0.21339846838455126 0.9744162559509277 1230
seq3_frame00138.png 0.6508494446746066 0.6703183054924011 0.21978463232517242 -0.28064781427383423 -25.1450138092041 4.068321704864502 73.60047912597656 0.7200448922442382 0.7455955743789673 1162
seq3_frame00139.png 0.6592039183458972 0.6692671179771423 0.2115088701248169 -0.26980680227279663 -27.672555923461914 4.744465351104736 73.31470489501953 0.6502313943034222 0.678429365158081 1153
seq3_frame00140.png 0.6347287869749154 0.6621890068054199 0.25650250911712646 -0.3046826422214508 -19.638442993164062 2.3294546604156494 76.89844512939453 0.5687407808419703 0.3779044449329376 1263
seq3_frame00141.png 0.6400435010014551 0.6361797451972961 0.29310500621795654 -0.3157676160335541 -14.17975902557373 3.1310555934906006 79.07243347167969 0.6314844993832942 0.5086901783943176 1282
seq3_frame00142.png 0.6513516926513757 0.621930718421936 0.302139550447464 -0.31249764561653137 -13.9933443069458 4.953419208526611 79.57600402832031 0.24959453562271813 0.2454945594072342 1313
seq3_frame00143.png 0.6617618966620299 0.638418972492218 0.2638338804244995 -0.29134875535964966 -21.360980987548828 5.385937213897705 78.5833511352539 0.3089748929259132 0.4535626173019409 1173
seq3_frame00144.png 0.6562099049009341 0.6436940431594849 0.2700865864753723 -0.286530464887619 -21.353261947631836 3.950443744659424 81.39857482910156 0.8125288018965314 1.9583311080932617 1196
seq3_frame00145.png 0.6809156566182788 0.6462205052375793 0.24603861570358276 -0.24128401279449463 -29.853099822998047 3.945449113845825 76.16011810302734 0.6888572879986079 1.3387205600738525 980
seq3_frame00146.png 0.6574205872525272 0.663938045501709 0.24105951189994812 -0.262440025806427 -28.425865173339844 2.640270709991455 77.40023040771484 0.4805978299331905 1.478252649307251 1009
seq3_frame00147.png 0.677821176634832 0.6812249422073364 0.1769062727689743 -0.21259179711341858 -40.91215896606445 4.254092216491699 73.10275268554688 1.6741188526012645 1.8770556449890137 837
seq3_frame00148.png 0.6843884288127141 0.6641274094581604 0.18571248650550842 -0.23676615953445435 -38.154090881347656 7.556964874267578 74.7271957397461 0.6367576188659556 1.2508028745651245 886
seq3_frame00149.png 0.6823217444052933 0.6605350375175476 0.2032494843006134 -0.23836955428123474 -36.23653793334961 6.628137588500977 77.47478485107422 0.8248393641018331 0.9887919425964355 889
seq3_frame00150.png 0.6814099931202198 0.6511675119400024 0.21823805570602417 -0.2530483305454254 -33.75592803955078 7.111514091491699 78.30810546875 0.6465351413845346 1.9310051202774048 1018
seq3_frame00151.png 0.7030186795776274 0.6629143357276917 0.15764224529266357 -0.2036130130290985 -46.458473205566406 8.251110076904297 70.86925506591797 1.1799037598971842 2.2203598022460938 687
seq3_frame00152.png 0.7304562561611396 0.6605545282363892 0.12194787710905075 -0.12340998649597168 -56.889503479003906 7.294289588928223 65.24909973144531 2.3089211163738925 2.2513442039489746 313
seq3_frame00153.png 0.7009293923542463 0.6782526969909668 0.13017192482948303 -0.17811964452266693 -54.140380859375 7.822353363037109 69.7040023803711 1.2218055830730372 1.669431447982788 300
seq3_frame00154.png 0.6989941471457886 0.6871914863586426 0.1375270038843155 -0.14234276115894318 -54.40117645263672 2.2997043132781982 70.18262481689453 2.2362536665770687 2.4710049629211426 357
seq3_frame00155.png 0.6897596565238348 0.6890795230865479 0.1262434870004654 -0.1829308420419693 -53.43738555908203 6.449226379394531 71.59923553466797 1.1604205385680169 1.1576350927352905 409
seq3_frame00156.png 0.6798597026478165 0.6907844543457031 0.17667263746261597 -0.17144809663295746 -49.3400764465332 -0.2116553634405136 76.08238220214844 1.006848751000452 1.1657297611236572 594
seq3_frame00157.png 0.6702762325474451 0.689009964466095 0.19699911773204803 -0.19283774495124817 -45.93359375 -0.35243111848831177 78.59119415283203 0.8424898002167626 1.4576237201690674 709
seq3_frame00158.png 0.7092212179642515 0.668185293674469 0.157478466629982 -0.16041861474514008 -52.56202697753906 4.458676338195801 75.77561950683594 1.981042367579073 2.1416501998901367 454
seq3_frame00159.png 0.6939597344625722 0.6539410352706909 0.21303750574588776 -0.21306346356868744 -41.994422912597656 5.016800403594971 82.8199234008789 0.8453371886878646 0.640538215637207 712
seq3_frame00160.png 0.6801097314667803 0.6292062997817993 0.24872079491615295 -0.28229087591171265 -29.13808822631836 9.219804763793945 89.17076873779297 0.4639189348668425 0.6606854200363159 940
seq3_frame00161.png 0.6598971464304237 0.6107290387153625 0.29958048462867737 -0.3190568685531616 -17.740076065063477 7.899393081665039 93.22642517089844 0.40237708949560286 0.3022491931915283 1027
seq3_frame00162.png 0.6732634228661895 0.6027483344078064 0.29425954818725586 -0.3111626207828522 -19.052806854248047 10.046314239501953 93.2419204711914 0.4382939327308058 0.23586046695709229 900
seq3_frame00163.png 0.674507233163908 0.6197935342788696 0.2721885144710541 -0.29463428258895874 -24.44468879699707 8.27980899810791 93.70628356933594 0.6567761562713225 1.2389240264892578 876
seq3_frame00164.png 0.6938332068885428 0.6429694294929504 0.1930629014968872 -0.26060035824775696 -41.36795425415039 12.471271514892578 85.09069061279297 0.3917492884666366 1.6313914060592651 792
seq3_frame00165.png 0.6753507930733038 0.6183338165283203 0.24698302149772644 -0.3171182870864868 -25.920061111450195 13.322089195251465 93.16592407226562 1.1696865439507855 1.0531419515609741 958
seq3_frame00166.png 0.6765482900861745 0.6139925122261047 0.2520727813243866 -0.3189904987812042 -25.486515045166016 13.664345741271973 94.54685974121094 0.9190850890340194 1.2424743175506592 999
seq3_frame00167.png 0.6537435976316472 0.5980634093284607 0.29443037509918213 -0.3581204116344452 -13.54919719696045 12.456460952758789 97.9543685913086 0.1500079496051257 0.4428340494632721 978
seq3_frame00168.png 0.6528563631942925 0.5887006521224976 0.2751777768135071 -0.38921377062797546 -11.129803657531738 17.578916549682617 98.57854461669922 1.5440883792252063 1.9918043613433838 933
seq3_frame00169.png 0.611707910585882 0.5802708268165588 0.322490394115448 -0.4302314817905426 2.396491289138794 12.680773735046387 100.17997741699219 0.40992391491993807 0.8429542183876038 884
seq3_frame00170.png 0.6242694426533456 0.6098644733428955 0.2879912257194519 -0.3942260146141052 -9.240196228027344 11.218233108520508 100.40946960449219 0.3858076642189602 0.8417657613754272 930
seq3_frame00171.png 0.6394213283714676 0.643524706363678 0.20644471049308777 -0.3666017949581146 -26.139310836791992 15.16209602355957 97.48741149902344 0.5954482612397483 0.7654868364334106 1025
seq3_frame00172.png 0.6224465021905369 0.6478137373924255 0.23987242579460144 -0.36791151762008667 -21.640581130981445 9.884861946105957 99.9722900390625 0.22006960219230998 1.066415786743164 1085
seq3_frame00173.png 0.5959548605641132 0.5900437235832214 0.31314125657081604 -0.44567790627479553 1.5442079305648804 12.041373252868652 100.8009262084961 0.5326148431047151 1.3493659496307373 1005
seq3_frame00174.png 0.6068133418127215 0.5754927396774292 0.3366105258464813 -0.4327574074268341 3.521940231323242 12.656614303588867 103.02289581298828 0.16345560490510233 1.0527427196502686 956
seq3_frame00175.png 0.6054581594057423 0.5762971043586731 0.32655665278434753 -0.44120609760284424 3.1244874000549316 14.096672058105469 104.54875946044922 0.14255670680853103 1.9410653114318848 1025
seq3_frame00176.png 0.6057392864900707 0.5879267454147339 0.347762793302536 -0.4080234169960022 0.1861661672592163 9.097223281860352 104.88473510742188 0.738994078157675 1.9108078479766846 909
seq3_frame00177.png 0.6100908219453717 0.5811675786972046 0.3313579261302948 -0.4245413541793823 -0.36910635232925415 12.947060585021973 103.8887939453125 0.5591060519657269 0.8019911050796509 969
seq3_frame00178.png 0.618652438998828 0.5922418832778931 0.3102821707725525 -0.41260597109794617 -5.959638595581055 12.911503791809082 104.38373565673828 0.9084420534815528 0.881375789642334 1026
seq3_frame00179.png 0.6924811865711319 0.6268026232719421 0.17667974531650543 -0.31043922901153564 -41.175846099853516 18.903501510620117 93.47640991210938 2.3344888623147773 2.082563877105713 795
seq7_frame00001.png 0.6040003732232121 0.5461888909339905 -0.395796537399292 0.424507200717926 -2.6094584465026855 5.471558570861816 41.698360443115234 0.21372571715511685 0.35154539346694946 2050
seq7_frame00002.png 0.6065217465316222 0.5449292659759521 -0.39489322900772095 0.4233708083629608 -2.1729094982147217 5.436633586883545 41.15571212768555 0.35714747009007264 0.8023256063461304 2019
seq7_frame00003.png 0.6070677220793901 0.5482701063156128 -0.3907932639122009 0.4220772981643677 -1.8442184925079346 5.473556995391846 41.50310516357422 0.3565772826965088 0.47281646728515625 2115
seq7_frame00004.png 0.6196248425410651 0.5427389740943909 -0.38336092233657837 0.41777247190475464 -1.0098304748535156 6.326580047607422 40.65852737426758 0.6937586957800326 0.89948970079422 2054
seq7_frame00005.png 0.6352231420554298 0.5287119150161743 -0.37375447154045105 0.4210260212421417 -0.6002832651138306 8.277791976928711 40.586055755615234 0.538571835278024 0.29510048031806946 2235
seq7_frame00006.png 0.630491821325928 0.5362363457679749 -0.3682394027709961 0.42347419261932373 -0.5145517587661743 7.798155784606934 39.381202697753906 0.41332761696285225 0.7070156931877136 2215
seq7_frame00007.png 0.6297989388711239 0.5319666862487793 -0.37326592206954956 0.4254848062992096 -1.052669882774353 7.829998970031738 39.22489547729492 0.32573462968439065 0.31057319045066833 2093
seq7_frame00008.png 0.6473583603978655 0.5573959350585938 -0.3474818170070648 0.3866436183452606 3.057077646255493 6.945668697357178 38.46099090576172 0.6010450142951919 0.19600194692611694 2000
seq7_frame00009.png 0.6497007419402999 0.5423583388328552 -0.35023948550224304 0.40133363008499146 1.615540862083435 7.986564636230469 38.17818069458008 0.40821417983246633 0.2607825994491577 2027
seq7_frame00010.png 0.6574340162907749 0.5385084748268127 -0.34470516443252563 0.3987073004245758 2.044874906539917 8.077154159545898 36.491920471191406 0.7150213414705467 0.8502949476242065 2007
seq7_frame00011.png 0.6553796490903996 0.5482758283615112 -0.34341925382614136 0.38978758454322815 2.6212031841278076 7.668150901794434 36.73240661621094 0.5283369568893186 0.38224318623542786 1990
seq7_frame00012.png 0.6583021483997245 0.5298495888710022 -0.3418879210948944 0.4111086130142212 1.1597700119018555 9.012299537658691 35.40547561645508 0.28591782847438973 0.08717254549264908 1980
seq7_frame00013.png 0.6546067740992313 0.5414353013038635 -0.3382945954799652 0.4048389494419098 1.5899360179901123 8.132837295532227 35.731842041015625 0.07663624327185045 0.6808477640151978 2061
seq7_frame00014.png 0.6565155554773678 0.5364345908164978 -0.3405364751815796 0.4065220057964325 1.270626425743103 7.991289138793945 34.04184341430664 0.24845696228036723 0.2327464520931244 2105
seq7_frame00015.png 0.6778756466794962 0.5462618470191956 -0.315557599067688 0.37749961018562317 4.1543288230896 8.299911499023438 33.47836685180664 0.49270972968318005 0.38547107577323914 2001
seq7_frame00016.png 0.6685787119149655 0.5354783535003662 -0.3257766366004944 0.4001687169075012 1.8676713705062866 8.787729263305664 32.97120666503906 0.2573538439632642 0.4895641505718231 2009
seq7_frame00017.png 0.6614744248480949 0.5598333477973938 -0.31106990575790405 0.3902224600315094 2.789820671081543 7.3359856605529785 31.950687408447266 0.4774463913223172 0.18884345889091492 1958
seq7_frame00018.png 0.6677385585538527 0.5437373518943787 -0.3146275281906128 0.3993549942970276 1.9573991298675537 8.23330020904541 30.904306411743164 0.30764844884475556 0.3550841510295868 2134
seq7_frame00019.png 0.667809147348863 0.5426639914512634 -0.3159772455692291 0.3996313512325287 1.567815899848938 8.05968189239502 30.257612228393555 0.5243526620865269 0.3076186776161194 2199
seq7_frame00020.png 0.6547864070300277 0.531923770904541 -0.3360482454299927 0.4187879264354706 -0.7568970918655396 7.821756362915039 30.051427841186523 0.1512327946223794 0.26569026708602905 2240
seq7_frame00021.png 0.6673583584229935 0.558323860168457 -0.3028566837310791 0.3888252377510071 1.8918797969818115 7.283788204193115 29.310630798339844 0.18658737455067279 0.12444951385259628 2116
seq7_frame00022.png 0.6789451861798897 0.5370305776596069 -0.2958648204803467 0.4038509130477905 0.8335983753204346 8.849215507507324 28.322254180908203 0.4496366891472285 0.20070776343345642 2192
seq7_frame00023.png 0.675125035954609 0.5465129613876343 -0.29919394850730896 0.39498457312583923 0.6320597529411316 8.158641815185547 28.196125030517578 0.4255893273073325 0.40006381273269653 2366
seq7_frame00024.png 0.6454753239797056 0.5193094611167908 -0.3429988920688629 0.4427539110183716 -4.490114688873291 7.782174110412598 27.399700164794922 0.3733384068371614 0.1826511174440384 2593
seq7_frame00025.png 0.6283444379810219 0.55763179063797 -0.34878847002983093 0.4154234826564789 -3.8767411708831787 5.3071980476379395 27.585243225097656 0.1849967542270664 0.3895857036113739 2581
seq7_frame00026.png 0.6111939162028988 0.5483875870704651 -0.3775275647640228 0.42800241708755493 -6.264976978302002 4.57350492477417 26.551721572875977 0.12170012386830208 0.09713040292263031 2691
seq7_frame00027.png 0.6314219860149265 0.5642536282539368 -0.3465825617313385 0.4034905433654785 -4.455020904541016 4.824416160583496 26.69588279724121 0.20112098990804178 0.29939258098602295 2812
seq7_frame00028.png 0.6388777930070189 0.5559160113334656 -0.3378015458583832 0.41070976853370667 -5.059458255767822 5.5950541496276855 25.990524291992188 0.0957042237840352 0.23274338245391846 2866
seq7_frame00029.png 0.6507187012667932 0.5798056125640869 -0.31328529119491577 0.3771510720252991 -3.346956729888916 4.950223922729492 26.443737030029297 0.27013328798291675 0.4910489320755005 2838
seq7_frame00030.png 0.6737862108321666 0.5740801692008972 -0.29622682929039 0.3587391972541809 -2.4086711406707764 5.914574146270752 25.425796508789062 0.24430143250064917 0.130886510014534 2792
seq7_frame00031.png 0.6817860793545718 0.5926787853240967 -0.2615923285484314 0.3398074209690094 -1.089621663093567 5.924030780792236 25.67440414428711 0.398508107495908 0.4593517780303955 2604
seq7_frame00032.png 0.6604466523360699 0.5741103887557983 -0.31466740369796753 0.3676844835281372 -4.896305561065674 5.268908500671387 24.629283905029297 0.2837922522603406 0.15957775712013245 2884
seq7_frame00033.png 0.6578966739896833 0.5838645100593567 -0.32016804814338684 0.3518047630786896 -4.963576316833496 4.560332775115967 24.337907791137695 0.15487471285281101 0.16152195632457733 2834
seq7_frame00034.png 0.6590212102888785 0.575859785079956 -0.33221009373664856 0.35172855854034424 -5.86478328704834 4.697765827178955 23.484437942504883 0.23814118883867946 0.10156597197055817 2956
seq7_frame00035.png 0.666310099957513 0.58944171667099 -0.31465891003608704 0.3310272991657257 -5.062689781188965 4.375470161437988 23.516258239746094 0.173360646521877 0.07962366193532944 2890
seq7_frame00036.png 0.6772411008403106 0.580311119556427 -0.3103345036506653 0.3290531635284424 -5.3479390144348145 5.243009567260742 22.68755531311035 0.12375250233239836 0.07855957746505737 2921
seq7_frame00037.png 0.6855264746502647 0.5756561756134033 -0.29230237007141113 0.33650079369544983 -5.686940670013428 5.593109130859375 22.318702697753906 0.0434007728892465 0.08842512965202332 3043
seq7_frame00038.png 0.6776645819270488 0.5705479979515076 -0.3095162510871887 0.345608651638031 -7.019049644470215 5.382894992828369 21.262672424316406 0.22888150671697846 0.08661234378814697 3182
seq7_frame00039.png 0.6789807193754384 0.5680273771286011 -0.30869150161743164 0.3479076027870178 -7.66825008392334 5.331740379333496 20.72764778137207 0.15266554686270858 0.05250164121389389 3296
seq7_frame00040.png 0.6786737774008319 0.5610109567642212 -0.3195543587207794 0.35007649660110474 -8.536344528198242 5.435481071472168 19.799243927001953 0.2254346624245021 0.08120676875114441 3407
seq7_frame00041.png 0.6856368637110374 0.5650944113731384 -0.30153948068618774 0.34589630365371704 -8.404500961303711 5.55446720123291 19.474647521972656 0.06483937932722111 0.032959457486867905 3330
seq7_frame00042.png 0.6774808189779143 0.5688137412071228 -0.3064122498035431 0.3515426516532898 -9.087717056274414 5.122110366821289 18.59368324279785 0.17794312982578697 0.08828893303871155 3478
seq7_frame00043.png 0.6905110630037974 0.5810593962669373 -0.2914351224899292 0.3172224462032318 -8.238946914672852 4.947480201721191 18.949504852294922 0.03843087978818994 0.03748345002532005 3327
seq7_frame00044.png 0.6935581029154264 0.5744732618331909 -0.2848322093486786 0.3283720314502716 -8.914484977722168 5.221649169921875 18.053009033203125 0.1723236050263722 0.06108028069138527 3596
seq7_frame00045.png 0.708929073021898 0.5851058959960938 -0.2588726282119751 0.2967416048049927 -7.807009220123291 5.379587650299072 18.420942306518555 0.0398113350576329 0.03421890735626221 3329
seq7_frame00046.png 0.7181013987650411 0.575744092464447 -0.2526770532131195 0.29833436012268066 -8.272992134094238 5.959452152252197 17.720840454101562 0.08537216194200255 0.06373236328363419 3356
seq7_frame00047.png 0.7182960003132267 0.580751359462738 -0.24175576865673065 0.2972085773944855 -8.76616382598877 5.57314395904541 17.621097564697266 0.0359018154850076 0.021298853680491447 3414
seq7_frame00048.png 0.7263844701415612 0.5802730321884155 -0.23433642089366913 0.28413960337638855 -8.814828872680664 6.028866291046143 17.39154052734375 0.16050425615235603 0.04435369372367859 3375
seq7_frame00049.png 0.7229599261141304 0.5923216342926025 -0.22488181293010712 0.2755216956138611 -9.105568885803223 5.419540882110596 17.592182159423828 0.019113180489636505 0.021172720938920975 3329
seq7_frame00050.png 0.7254586864034931 0.5783542990684509 -0.24211595952510834 0.28389403223991394 -10.470407485961914 5.82441520690918 16.69718360900879 0.088021048040351 0.07221752405166626 3464
seq7_frame00051.png 0.7243724994394631 0.593158483505249 -0.23233939707279205 0.26356378197669983 -10.330170631408691 5.426726818084717 17.143579483032227 0.11859488241581892 0.06521867215633392 3455
seq7_frame00052.png 0.7239655628845696 0.5946197509765625 -0.2343454509973526 0.25958317518234253 -10.871454238891602 5.459425449371338 16.84299087524414 0.22816084171826279 0.07978782802820206 3527
seq7_frame00053.png 0.7363326672360879 0.5936698913574219 -0.21464881300926208 0.24350814521312714 -10.748827934265137 5.62816047668457 17.167871475219727 0.045346276235109256 0.04307522997260094 3456
seq7_frame00054.png 0.7509651691794359 0.5927985906600952 -0.18900485336780548 0.22117482125759125 -10.026057243347168 6.071205139160156 17.464252471923828 0.2018797412155082 0.08373048901557922 3421
seq7_frame00055.png 0.7449524720983856 0.5967440009117126 -0.18926821649074554 0.23047767579555511 -11.075615882873535 5.769937038421631 17.112951278686523 0.04335794746974839 0.032074008136987686 3507
seq7_frame00056.png 0.7427938962639603 0.6042784452438354 -0.17766022682189941 0.22702771425247192 -11.406563758850098 5.489737033843994 16.92115020751953 0.051797896834288766 0.05059751123189926 3418
seq7_frame00057.png 0.7409238644027821 0.5987060070037842 -0.2027982771396637 0.22683872282505035 -12.63026237487793 5.524460792541504 16.285282135009766 0.10031108632760964 0.02828630805015564 3716
seq7_frame00058.png 0.7443691781323155 0.5988635420799255 -0.20603995025157928 0.21171781420707703 -12.97751235961914 5.815638065338135 15.996211051940918 0.1046898712457159 0.025189252570271492 3661
seq7_frame00059.png 0.7426065061143236 0.6129425764083862 -0.1842089146375656 0.19724099338054657 -12.920555114746094 5.24889612197876 16.67251968383789 0.20083494905612104 0.10777822136878967 3689
seq7_frame00060.png 0.7371170677917168 0.6204120516777039 -0.18797960877418518 0.19081677496433258 -13.445647239685059 5.048032760620117 16.439647674560547 0.06871595857834631 0.06256860494613647 3466
seq7_frame00061.png 0.7439434231883522 0.6063104867935181 -0.1839762032032013 0.21234072744846344 -14.721678733825684 5.080886363983154 15.797344207763672 0.0699105680023308 0.06262726336717606 3521
seq7_frame00062.png 0.7361131947494105 0.6196701526641846 -0.18734824657440186 0.19760288298130035 -15.184967994689941 4.85643196105957 15.913641929626465 0.09244708399369199 0.0685395747423172 3426
seq7_frame00063.png 0.7324885088802949 0.6191103458404541 -0.19544044137001038 0.2048560082912445 -16.21506690979004 4.815967559814453 15.316377639770508 0.06211025851644484 0.04143508896231651 3392
seq7_frame00064.png 0.741099289842574 0.6176124215126038 -0.1700112372636795 0.20105436444282532 -16.405345916748047 4.772655010223389 15.521675109863281 0.1891018980214424 0.12254511564970016 3420
seq7_frame00065.png 0.749082874871293 0.6074116230010986 -0.18007633090019226 0.19364525377750397 -17.015155792236328 5.4981794357299805 15.042179107666016 0.18415628077339782 0.08867406100034714 3575
seq7_frame00066.png 0.7671625356854457 0.5977646112442017 -0.17080548405647278 0.1580020785331726 -16.62093162536621 6.59207010269165 15.621885299682617 0.2956498608658794 0.1333908587694168 3614
seq7_frame00067.png 0.7660564097363604 0.6068041324615479 -0.15249334275722504 0.14728231728076935 -16.654788970947266 6.213889122009277 16.166837692260742 0.3014730507005649 0.13285361230373383 3703
seq7_frame00068.png 0.7718601046683167 0.6109521985054016 -0.12784136831760406 0.12093763798475266 -16.174638748168945 6.458905220031738 17.29562759399414 0.4451322060700315 0.18811579048633575 3831
seq7_frame00069.png 0.7857523674285893 0.6033284068107605 -0.09858455508947372 0.09417611360549927 -15.355072975158691 6.767459392547607 18.200111389160156 0.8066058005865139 0.30302098393440247 3950
seq7_frame00070.png 0.7796844826908724 0.6212272047996521 -0.0648992657661438 0.04423719644546509 -13.449012756347656 6.911495685577393 20.19103240966797 0.46873026952858754 0.18801577389240265 4218
seq7_frame00071.png 0.7813026115033682 0.6196075081825256 -0.0565478540956974 0.04954991862177849 -14.336278915405273 6.886689186096191 20.29167938232422 0.6580036693312208 0.2532450258731842 4177
seq7_frame00072.png 0.7795358786971922 0.6245859861373901 -0.03790551424026489 0.027916423976421356 -13.957983016967773 6.6285176277160645 21.409931182861328 0.5859834333191088 0.23548029363155365 4238
seq7_frame00073.png 0.7817422984046619 0.6231926679611206 -0.021046891808509827 0.008176720701158047 -13.47902774810791 6.989431381225586 22.20223617553711 0.7040246301851204 0.2784312069416046 4088
seq7_frame00074.png 0.7713435526704946 0.6353735327720642 -0.0306173674762249 0.019802557304501534 -14.823665618896484 6.385068416595459 22.301210403442383 0.37969368441644674 0.15091653168201447 4137
seq7_frame00075.png 0.7805858769904204 0.6240624785423279 -0.03354288637638092 -0.010327322408556938 -14.246191024780273 7.9177470207214355 22.81800079345703 0.6345744662916374 0.24704337120056152 4220
seq7_frame00076.png 0.7668490818657536 0.6409510374069214 -0.033075135201215744 0.005504237487912178 -15.700358390808105 6.456460952758789 23.18352508544922 0.769461524332692 0.31764596700668335 3833
seq7_frame00077.png 0.7747342071190789 0.6316955089569092 -0.02466631680727005 0.011802551336586475 -16.26487159729004 6.927064895629883 23.296470642089844 0.9305190391480324 0.37916305661201477 3967
seq7_frame00078.png 0.7811887592177478 0.6239908337593079 0.009929472580552101 -0.01676095277070999 -14.937104225158691 7.303415298461914 25.034500122070312 0.92717619515784 0.3857765197753906 3937
seq7_frame00079.png 0.7939082867221181 0.6079172492027283 -0.0020173194352537394 0.011925027705729008 -17.126367568969727 7.998064041137695 24.03910255432129 0.9713273917264487 0.407997727394104 3733
seq7_frame00080.png 0.7796309962822604 0.6245183944702148 0.04302797093987465 -0.0173456110060215 -15.225122451782227 6.79919958114624 26.426820755004883 0.7649906319123898 0.3326656222343445 3689
seq7_frame00081.png 0.7768401854693039 0.6288850903511047 0.0314130038022995 -0.006006856448948383 -16.6075382232666 6.441527843475342 26.1143856048584 0.8323112175278569 0.3697282671928406 3706
seq7_frame00082.png 0.7715949917223198 0.6336281299591064 0.05405024066567421 -0.01533389650285244 -16.361488342285156 5.884334564208984 27.244400024414062 0.7604473288147148 0.34416860342025757 3579
seq7_frame00083.png 0.770833478614696 0.6266636252403259 0.08890991657972336 -0.07213510572910309 -13.492263793945312 6.909175872802734 29.165773391723633 1.027382434079626 0.4543622136116028 3424
seq7_frame00084.png 0.7664545953576575 0.6279837489128113 0.10700803995132446 -0.0820554792881012 -12.918266296386719 6.294802188873291 30.20803451538086 1.087344558081462 0.48740556836128235 3550
seq7_frame00085.png 0.7769866178879572 0.6194925904273987 0.08109508454799652 -0.0770995020866394 -14.861001014709473 7.744698524475098 29.393569946289062 0.8382831507399752 0.3774891793727875 3528
seq7_frame00086.png 0.7762452803870652 0.6274800300598145 0.04109032452106476 -0.04498470947146416 -18.46107292175293 7.470092296600342 27.776077270507812 0.7807180496108432 0.34655219316482544 3583
seq7_frame00087.png 0.7803976998580213 0.622722327709198 0.04926397278904915 -0.02773893065750599 -19.882617950439453 7.049053192138672 27.407121658325195 0.7550596969417499 0.33075249195098877 3638
seq7_frame00088.png 0.7875945855587854 0.6159863471984863 0.0159709844738245 0.0007150566671043634 -22.586580276489258 7.077974796295166 25.904985427856445 0.7967589089591769 0.35194292664527893 3291
seq7_frame00089.png 0.779341331906291 0.6231479048728943 0.03735276684165001 -0.054023243486881256 -20.3082218170166 8.453524589538574 28.10051155090332 0.46441230931267014 0.2100607007741928 3588
seq7_frame00090.png 0.7941765441405207 0.6074850559234619 0.006311262026429176 -0.014344049617648125 -23.842998504638672 8.588693618774414 25.857707977294922 0.7785271063520031 0.34429535269737244 3131
seq7_frame00091.png 0.7956521183651485 0.6038461327552795 0.044918082654476166 -0.01702832244336605 -23.18099021911621 7.995651721954346 27.18280792236328 0.5094203210961451 0.21688951551914215 3269
seq7_frame00092.png 0.7930519394718846 0.6039826273918152 0.06927818059921265 -0.03839488327503204 -22.255950927734375 8.222498893737793 28.940492630004883 0.6856715383593259 0.31431031227111816 3318
seq7_frame00093.png 0.7792451883441228 0.6145736575126648 0.0830681324005127 -0.09042000770568848 -19.958938598632812 8.611624717712402 30.84075355529785 0.6510381036774242 0.2950294315814972 3498
seq7_frame00094.png 0.771197146784601 0.629905641078949 0.04455458000302315 -0.0805523470044136 -22.402978897094727 8.608681678771973 29.127408981323242 0.579406708200327 0.26156187057495117 3215
seq7_frame00095.png 0.7657402025096591 0.6344715356826782 0.061027586460113525 -0.08581104874610901 -22.163442611694336 7.641645431518555 29.788898468017578 0.5919722285607407 0.2798011898994446 3315
seq7_frame00096.png 0.7692092310560389 0.6330693364143372 0.04408079385757446 -0.07481490075588226 -23.99212074279785 8.289231300354004 28.485363006591797 0.41949445069015395 0.1776881366968155 2937
seq7_frame00097.png 0.7508597550342573 0.6377785205841064 0.10640425980091095 -0.13463406264781952 -19.144926071166992 7.278011322021484 32.535369873046875 0.5758324381911476 0.2738259434700012 3494
seq7_frame00098.png 0.7526129672124464 0.6272741556167603 0.10854853689670563 -0.16827990114688873 -18.00279426574707 8.915447235107422 32.82554626464844 0.3461742642603447 0.16018541157245636 3554
seq7_frame00099.png 0.7238458180049233 0.6380763649940491 0.1474369913339615 -0.21718227863311768 -14.291013717651367 7.750288963317871 35.06904220581055 0.2665405551186371 0.18420983850955963 3398
seq7_frame00100.png 0.7187963475616965 0.6485229730606079 0.14095257222652435 -0.2070802003145218 -15.519418716430664 6.85285758972168 34.54703140258789 0.2341015855118665 0.11472836136817932 3249
seq7_frame00101.png 0.7161266702304826 0.6470991373062134 0.149430513381958 -0.21469955146312714 -15.544418334960938 6.873901844024658 34.88629913330078 0.20694714127006264 0.13050231337547302 3444
seq7_frame00102.png 0.7217671359188157 0.6369786858558655 0.17157988250255585 -0.2094535082578659 -15.50565242767334 6.737210750579834 35.11981964111328 0.15188425059489583 0.1067059338092804 3472
seq7_frame00103.png 0.7099825503462918 0.6466024518013 0.17411118745803833 -0.21798013150691986 -15.429272651672363 6.195518970489502 35.4039192199707 0.27507634391002256 0.11564284563064575 3283
