seq1_frame00001.png 0.7130714431296504 0.6814930438995361 -0.12398257851600647 0.10828018188476562 -3.1545588970184326 2.3019490242004395 9.812084197998047 0.24180803992762429 0.025156743824481964 2380
seq1_frame00002.png 0.7111988822316392 0.6827098727226257 -0.12562432885169983 0.11100410670042038 -3.2110519409179688 2.272543430328369 9.861502647399902 0.18364784522684177 0.018841123208403587 2256
seq1_frame00003.png 0.7104949157901668 0.6838809251785278 -0.12352947890758514 0.11065376549959183 -3.192580461502075 2.24379825592041 9.94421672821045 0.14970156492804038 0.019186191260814667 2113
seq1_frame00004.png 0.707844329716614 0.6873992681503296 -0.11665520071983337 0.11327025294303894 -3.15907621383667 2.1426596641540527 10.045919418334961 0.08973672619281342 0.020218241959810257 2323
seq1_frame00005.png 0.740271870187076 0.6584992408752441 -0.10642898082733154 0.0839591845870018 -2.016819715499878 3.0600757598876953 9.995063781738281 0.1271956914064517 0.03917267918586731 2545
seq1_frame00006.png 0.7445199692797669 0.6539899110794067 -0.11425812542438507 0.07023002207279205 -1.398397445678711 3.0900442600250244 9.741785049438477 0.15516076704494497 0.05607037991285324 2244
seq1_frame00007.png 0.7444346887954992 0.6502061486244202 -0.11788193881511688 0.09567045420408249 -1.163905382156372 3.079101085662842 9.608220100402832 0.25849555277171415 0.04891210421919823 2129
seq1_frame00008.png 0.7294311922430691 0.6657040119171143 -0.10203409194946289 0.11982196569442749 -0.7094846963882446 2.6998698711395264 9.516524314880371 0.1896915354458849 0.045443344861269 2019
seq1_frame00009.png 0.7233881852549261 0.6413410305976868 -0.15790016949176788 0.2011435627937317 -2.0133399963378906 2.9460418224334717 9.04883861541748 0.34530421555396146 0.04917892813682556 2497
seq1_frame00010.png 0.7036611385587217 0.6529415845870972 -0.17956416308879852 0.21513941884040833 -1.7216050624847412 2.6183741092681885 9.14814567565918 0.19769492966776636 0.06409196555614471 2549
seq1_frame00011.png 0.6957292542779477 0.6711728572845459 -0.17314520478248596 0.18843692541122437 -0.48124220967292786 2.2543399333953857 9.257649421691895 0.19248745737437375 0.05672084912657738 2246
seq1_frame00012.png 0.6746890381262985 0.6573460102081299 -0.21825122833251953 0.25506332516670227 -1.3770709037780762 2.259347438812256 9.164202690124512 0.1433702330314898 0.04969227313995361 2585
seq1_frame00013.png 0.6634956985539678 0.6467174887657166 -0.2541649341583252 0.2773627042770386 -1.3993911743164062 2.2008252143859863 9.18094253540039 0.09640164346121037 0.030613426119089127 2752
seq1_frame00014.png 0.6676008243484581 0.6228609681129456 -0.28913435339927673 0.2876712381839752 -1.0379658937454224 2.4305036067962646 9.228751182556152 0.1134373292003056 0.03370067477226257 2841
seq1_frame00015.png 0.6462734778744499 0.609874427318573 -0.3247406780719757 0.323924720287323 -1.418304681777954 2.3451497554779053 9.2088623046875 0.18810335638129827 0.03339662030339241 2745
seq1_frame00016.png 0.6314317845600936 0.5834181904792786 -0.34654471278190613 0.37526506185531616 -1.8032840490341187 2.6223669052124023 9.244583129882812 0.38765632428693286 0.08838547766208649 2496
seq1_frame00017.png 0.6250849910376106 0.5701127052307129 -0.3646395206451416 0.3889450430870056 -1.6316993236541748 2.643545389175415 9.45693588256836 0.4110042854279901 0.08730384707450867 2386
seq1_frame00018.png 0.6367138380515099 0.5522003173828125 -0.3533841669559479 0.40594327449798584 -1.1002153158187866 3.232327938079834 9.597052574157715 0.3252187102782167 0.06718230992555618 2548
seq1_frame00019.png 0.626078439895533 0.5525403618812561 -0.3626525104045868 0.41377291083335876 -0.7120624780654907 3.182004690170288 9.843645095825195 0.4478041707372552 0.07573600113391876 2699
seq1_frame00020.png 0.6237450415216775 0.5428053140640259 -0.3781004250049591 0.4163467288017273 -0.2422764152288437 3.2602438926696777 9.998669624328613 0.28459981540798884 0.09414759278297424 2590
seq1_frame00021.png 0.5987099571119724 0.5484709739685059 -0.39608633518218994 0.4287675619125366 -0.07589121162891388 2.9009644985198975 10.349366188049316 0.21004804715324843 0.06170327216386795 2498
seq1_frame00022.png 0.5979738680851604 0.5301832556724548 -0.4066707491874695 0.44266438484191895 0.16812299191951752 3.198535919189453 10.4625825881958 0.449131521952912 0.10655122250318527 2144
seq1_frame00023.png 0.5917343488405317 0.5152844190597534 -0.41206979751586914 0.46317484974861145 0.4407029449939728 3.377222776412964 10.642717361450195 0.2986198725769243 0.04103138670325279 2152
seq1_frame00024.png 0.5942209082446498 0.5200392603874207 -0.4151425063610077 0.45179349184036255 1.427827000617981 3.300701141357422 10.854666709899902 0.2563473515560393 0.10208185762166977 1917
seq1_frame00025.png 0.576015256971492 0.49727699160575867 -0.44829997420310974 0.4689873456954956 1.2123689651489258 3.2719013690948486 11.33694839477539 0.8782887960083564 0.2083623707294464 1841
seq1_frame00026.png 0.5673428703347629 0.5036123991012573 -0.4602564871311188 0.4611513614654541 1.9727451801300049 3.009446620941162 11.769562721252441 1.695777275737669 0.3680003583431244 1641
seq1_frame00027.png 0.5522783872606889 0.4741845726966858 -0.4604969620704651 0.5080159306526184 1.5011953115463257 3.2640295028686523 11.951128005981445 2.596922232586415 0.6457440853118896 1446
seq1_frame00028.png 0.5358654009333271 0.4629647135734558 -0.4852478504180908 0.5128805041313171 1.395641565322876 3.0659101009368896 12.2795991897583 0.761170901979913 0.17264613509178162 1371
seq1_frame00029.png 0.5234055828230693 0.4865720272064209 -0.4792092442512512 0.5095613598823547 2.1306533813476562 3.0967094898223877 12.49293327331543 0.5753889561427729 0.1474679410457611 1394
seq1_frame00030.png 0.5006136006922166 0.46766120195388794 -0.49339765310287476 0.53594571352005 1.5393621921539307 2.9832959175109863 12.358845710754395 0.2916276531771088 0.0549902506172657 1409
seq1_frame00031.png 0.5373610049895948 0.508550763130188 -0.4578709304332733 0.4929233193397522 3.7881813049316406 2.7020528316497803 11.51099681854248 0.6836217345563816 0.1383635252714157 1734
seq1_frame00032.png 0.5459302720847641 0.5427094101905823 -0.46165409684181213 0.4407971501350403 5.2644362449646 1.6521943807601929 10.957198143005371 0.8612900559897814 0.16692617535591125 1794
seq1_frame00033.png 0.5501375167709818 0.5521718263626099 -0.4446256458759308 0.44131967425346375 6.150600910186768 1.618284821510315 10.264028549194336 1.199683560846718 0.23820674419403076 1786
seq1_frame00034.png 0.5525571669220206 0.5469769835472107 -0.44682809710502625 0.4425397217273712 6.632418155670166 1.8875263929367065 10.135008811950684 0.7564173037609957 0.12674325704574585 1825
seq1_frame00035.png 0.5549771769996314 0.5507446527481079 -0.4542161822319031 0.4270460307598114 7.166158676147461 1.5158900022506714 9.83588981628418 0.7255671535490464 0.14591644704341888 1708
seq1_frame00036.png 0.553525632891775 0.5397565960884094 -0.448366641998291 0.44859734177589417 7.609529495239258 1.6853904724121094 9.7728271484375 1.036964122268096 0.20786280930042267 1572
seq3_frame00001.png 0.6367886598097479 0.6199575662612915 -0.3314891457557678 0.3166508674621582 1.0110750198364258 2.0395965576171875 14.745752334594727 0.290043236052651 0.08000531792640686 3158
seq3_frame00002.png 0.6349804174697529 0.6228381395339966 -0.3301328122615814 0.3160455822944641 1.0220938920974731 1.9505395889282227 14.730244636535645 0.22834314907216394 0.11384840309619904 3124
seq3_frame00003.png 0.6342662911389694 0.6295168995857239 -0.3215891122817993 0.3130418658256531 1.2267426252365112 1.887357234954834 14.771049499511719 0.1493708343618237 0.06946409493684769 3294
seq3_frame00004.png 0.6391446726855107 0.6357475519180298 -0.31066834926605225 0.30133751034736633 1.5952271223068237 1.8733835220336914 14.592334747314453 0.11318011654915909 0.05022049695253372 3864
seq3_frame00005.png 0.63440457074594 0.6403539776802063 -0.30257534980773926 0.3097188174724579 1.0173120498657227 1.8381917476654053 13.99589729309082 0.2775127737725866 0.09668244421482086 4370
seq3_frame00006.png 0.6448452675569968 0.6502189040184021 -0.2723679840564728 0.295305997133255 1.1833471059799194 1.9644222259521484 13.475065231323242 0.3179189189223391 0.10603054612874985 4484
seq3_frame00007.png 0.6409539902027985 0.6537076234817505 -0.28435811400413513 0.28457826375961304 0.681638240814209 1.6441991329193115 12.984618186950684 0.17853276725022946 0.05932096764445305 4407
seq3_frame00008.png 0.6604581991812966 0.641050398349762 -0.26498642563819885 0.28745710849761963 0.36708903312683105 2.271296501159668 12.300346374511719 0.25529358143315334 0.07201603055000305 4644
seq3_frame00009.png 0.6714951483481116 0.654800534248352 -0.22957009077072144 0.2600538432598114 1.0659903287887573 2.294987201690674 11.631908416748047 0.26819818333326106 0.019518254324793816 4177
seq3_frame00010.png 0.6703813683836948 0.6552082896232605 -0.2469211220741272 0.24560301005840302 0.7488478422164917 2.030958652496338 10.991900444030762 0.31291062935257435 0.07017531991004944 4363
seq3_frame00011.png 0.6765569808049969 0.6460045576095581 -0.23664917051792145 0.262575626373291 0.6095088124275208 2.3750953674316406 10.256980895996094 0.43229878754768003 0.05930950492620468 4615
seq3_frame00012.png 0.6745059570406329 0.6490440368652344 -0.2635052502155304 0.2331276386976242 0.8561141490936279 1.9307031631469727 9.54886531829834 0.23300085783843663 0.053850628435611725 4393
seq3_frame00013.png 0.6714320746182743 0.6591796278953552 -0.2565843164920807 0.2209652215242386 1.2031145095825195 1.7359817028045654 8.819963455200195 0.2834391634967627 0.06718236953020096 4282
seq3_frame00014.png 0.6827878484250451 0.6612409353256226 -0.2343014031648636 0.20411761105060577 1.6490516662597656 1.8846657276153564 8.063950538635254 0.5054446173906688 0.1307251751422882 4124
seq3_frame00015.png 0.6958667609354975 0.6797807812690735 -0.17398566007614136 0.15295904874801636 2.5358192920684814 1.8646481037139893 7.287939548492432 0.4387037174005801 0.08939523249864578 3311
seq3_frame00016.png 0.7079429276738907 0.6750732660293579 -0.1508256494998932 0.1426340788602829 2.311452627182007 2.0490963459014893 6.850344181060791 0.19073172523171025 0.04409155994653702 3427
seq3_frame00017.png 0.7054424994366619 0.6923052668571472 -0.08295819908380508 0.12720926105976105 2.2410454750061035 1.9397281408309937 6.7265496253967285 0.8936226774167407 0.1225069910287857 3106
seq3_frame00018.png 0.6991739169399863 0.6840835213661194 -0.1295434981584549 0.1624932885169983 0.7314214110374451 2.009099006652832 7.0073771476745605 0.19230776470226424 0.028227731585502625 3176
seq3_frame00019.png 0.6986794223778482 0.6798050999641418 -0.15216106176376343 0.16296958923339844 -0.14445924758911133 1.9504014253616333 7.3744893074035645 0.15424257350904105 0.05059587582945824 3765
seq3_frame00020.png 0.6935873010203554 0.6841763257980347 -0.15359410643577576 0.1650703102350235 -0.9404644966125488 1.812793493270874 7.577444553375244 0.47148075469083994 0.05731284245848656 4139
seq3_frame00021.png 0.698159587577182 0.6826845407485962 -0.13407136499881744 0.1689372956752777 -1.5833001136779785 1.9199676513671875 8.026965141296387 0.3817684877789703 0.07949072122573853 4580
seq3_frame00022.png 0.6974267320397378 0.6927040815353394 -0.12586526572704315 0.13384659588336945 -1.6857129335403442 1.7439032793045044 8.270258903503418 0.3383634093359062 0.03724386543035507 4674
seq3_frame00023.png 0.7092700860322301 0.6832314133644104 -0.08660824596881866 0.15043216943740845 -2.1959569454193115 1.9834377765655518 8.465718269348145 0.0717958069349601 0.008944539353251457 4652
seq3_frame00024.png 0.7262593901628416 0.6731101274490356 -0.09026075899600983 0.1064099371433258 -1.656369924545288 2.3873865604400635 8.769157409667969 0.050858142178763686 0.015266120433807373 4492
seq3_frame00025.png 0.7270587823987802 0.6638485789299011 -0.13379859924316406 0.1130865216255188 -1.869875431060791 2.5300326347351074 8.766486167907715 0.0690338491893362 0.052598170936107635 4977
seq3_frame00026.png 0.718712305271045 0.6755491495132446 -0.13669884204864502 0.09164810180664062 -1.0421100854873657 2.2307467460632324 8.665177345275879 0.26656774247318493 0.03694160282611847 4593
seq3_frame00027.png 0.7240845048645149 0.6526502370834351 -0.17963838577270508 0.13220949470996857 -1.4033173322677612 2.5050039291381836 8.219343185424805 0.3005592994556641 0.06044100970029831 4771
seq3_frame00028.png 0.6927780493523303 0.6710313558578491 -0.2048102468252182 0.166818305850029 -1.455937147140503 1.9420892000198364 8.001745223999023 0.05602029109773222 0.0111776702105999 4046
seq3_frame00029.png 0.6889200672017609 0.6723141074180603 -0.18829140067100525 0.19475440680980682 -0.8930706977844238 1.8826342821121216 7.7810959815979 0.48519049181978935 0.16053733229637146 3982
seq3_frame00030.png 0.6833345782664895 0.6572951674461365 -0.236270934343338 0.2125866413116455 -0.8109982013702393 1.9745246171951294 7.572819232940674 0.39420863681551715 0.057240020483732224 4296
seq3_frame00031.png 0.6721466252824079 0.6345950961112976 -0.2658783495426178 0.2735264003276825 -1.034714937210083 2.23197603225708 7.278733253479004 0.20804870937692554 0.028926929458975792 4845
seq3_frame00032.png 0.6585394205409781 0.6242606043815613 -0.28438398241996765 0.30943554639816284 -0.9130420088768005 2.2128350734710693 7.321929931640625 0.03754933515306203 0.00935250986367464 4665
seq3_frame00033.png 0.6394806271515098 0.5950797200202942 -0.32391098141670227 0.36335426568984985 -1.2071144580841064 2.3751933574676514 7.0414509773254395 0.1309627675173385 0.03070193901658058 4776
seq3_frame00034.png 0.6247672213737069 0.5779225826263428 -0.3435988128185272 0.39700284600257874 -1.0891778469085693 2.4165470600128174 7.155525207519531 0.2289899893309053 0.05067918077111244 4571
seq3_frame00035.png 0.6249709520716573 0.5825082659721375 -0.3443295955657959 0.38927173614501953 -0.21113628149032593 2.4735636711120605 7.308591842651367 0.27088092689276866 0.030987216159701347 4723
seq3_frame00036.png 0.594034021589829 0.5629639625549316 -0.3780851662158966 0.43272024393081665 -0.47867298126220703 2.4350192546844482 7.478109836578369 0.38705409370120814 0.04583412781357765 4330
seq3_frame00037.png 0.5757404258190579 0.5302463173866272 -0.4246635437011719 0.4549974799156189 -0.5661474466323853 2.3353171348571777 7.5250372886657715 0.09510767612914335 0.05043980851769447 3084
seq3_frame00038.png 0.553690280154474 0.5045368671417236 -0.4364110827445984 0.49841243028640747 -0.614072859287262 2.649449110031128 7.569185256958008 0.29177938476230364 0.048046547919511795 2926
seq3_frame00039.png 0.5262490280349188 0.48068028688430786 -0.4781838655471802 0.5131750106811523 -0.6909378170967102 2.393688917160034 7.883441925048828 0.2990788559530638 0.05454489588737488 1462
seq3_frame00040.png 0.5109016907183435 0.4970076382160187 -0.4535573422908783 0.5350222587585449 0.02071004919707775 2.5406055450439453 8.03555965423584 0.2745316630041405 0.05610918253660202 2143
seq3_frame00041.png 0.5125710998089787 0.5067762732505798 -0.4474102556705475 0.5294079184532166 0.9610854387283325 2.5957117080688477 8.195780754089355 0.21845923835313402 0.03306688740849495 2620
seq3_frame00042.png 0.5058591890222308 0.48811060190200806 -0.4572519361972809 0.5447707772254944 1.4188919067382812 2.7612876892089844 8.419901847839355 0.22157287079973426 0.038679469376802444 3568
seq3_frame00043.png 0.47960710334577134 0.4787726402282715 -0.47891736030578613 0.558025062084198 1.5678163766860962 2.496260643005371 8.630976676940918 0.3560115242537349 0.06547238677740097 3392
seq3_frame00044.png 0.4712504175490577 0.4681199789047241 -0.4726756513118744 0.5791065096855164 2.0405352115631104 2.967527389526367 8.669703483581543 0.272629401959439 0.032430440187454224 4000
seq3_frame00045.png 0.4403213303323526 0.44316616654396057 -0.5036691427230835 0.5966894030570984 1.8505429029464722 2.67842698097229 8.97442626953125 0.596491892800585 0.09022263437509537 3801
seq3_frame00046.png 0.44574697806685215 0.43646299839019775 -0.48843467235565186 0.6101158857345581 2.654125213623047 3.1958935260772705 8.813498497009277 0.5249451809970255 0.07476496696472168 3713
seq3_frame00047.png 0.42318959228579917 0.42303895950317383 -0.510077178478241 0.6178752183914185 2.751314640045166 2.8631012439727783 9.156729698181152 0.36124368928180267 0.04860817641019821 3883
seq3_frame00048.png 0.42225131162824725 0.43257927894592285 -0.503618597984314 0.6172093152999878 3.6089842319488525 3.07442307472229 9.01598834991455 0.3788314797554384 0.05021923780441284 3860
seq3_frame00049.png 0.3883556058518965 0.42308270931243896 -0.5206645727157593 0.6317352056503296 3.577265739440918 3.1415395736694336 9.372604370117188 0.08790940379589038 0.01585213840007782 3958
seq3_frame00050.png 0.39072460600575615 0.4139590859413147 -0.522671103477478 0.6346551179885864 4.144345283508301 3.1361305713653564 9.220407485961914 0.38382018589219224 0.04566643387079239 3820
seq3_frame00051.png 0.34978958536112936 0.38808614015579224 -0.54551100730896 0.655327558517456 3.757279872894287 3.2309730052948 9.667800903320312 0.6489879797093626 0.08950535207986832 4023
seq3_frame00052.png 0.35970621871758934 0.3837409019470215 -0.549140453338623 0.6494605541229248 4.544072151184082 3.063234567642212 9.507309913635254 0.2958667460524538 0.03539002686738968 3801
seq3_frame00053.png 0.370319991249941 0.37381711602211 -0.5356575846672058 0.6604503989219666 5.256530284881592 3.5901167392730713 9.322724342346191 0.33459672009120284 0.0381326824426651 3157
seq3_frame00054.png 0.41552316142741 0.3867619037628174 -0.5192221999168396 0.638877272605896 6.939209461212158 3.5157644748687744 8.705272674560547 0.13879622076297624 0.035142067819833755 2622
seq3_frame00055.png 0.37877353100310807 0.3837739825248718 -0.5518875122070312 0.6361353397369385 6.644659042358398 3.5740678310394287 9.698055267333984 0.3502869452751915 0.05726449191570282 2746
seq3_frame00056.png 0.319275576606989 0.33847227692604065 -0.572407066822052 0.6751665472984314 4.868796348571777 3.411626100540161 11.109220504760742 0.15400961336553337 0.014812582172453403 3501
seq3_frame00057.png 0.29222846402232544 0.33778977394104004 -0.5785186290740967 0.6825078129768372 4.39287805557251 3.5091309547424316 11.920907020568848 0.09795210307290987 0.02380179427564144 3823
seq3_frame00058.png 0.24884881923939356 0.3009403944015503 -0.5941904187202454 0.7031692266464233 3.129181146621704 3.5657477378845215 12.993926048278809 0.2963404837044176 0.03968220576643944 3863
seq3_frame00059.png 0.2526144776175496 0.29073432087898254 -0.6107472777366638 0.6918433308601379 3.6179652214050293 3.1932246685028076 13.550371170043945 0.3459451594384584 0.0467267706990242 3893
seq3_frame00060.png 0.23120762912772175 0.29657670855522156 -0.6092254519462585 0.6981616020202637 3.691202402114868 3.382166862487793 14.258026123046875 0.28191373679517556 0.042288150638341904 3724
seq3_frame00061.png 0.25190447366294877 0.2916267216205597 -0.6192768812179565 0.6841009855270386 4.759702682495117 3.0203137397766113 14.58664608001709 0.2442675216786371 0.0371248796582222 4133
seq3_frame00062.png 0.24098984769316142 0.298830509185791 -0.6150240302085876 0.6887450814247131 5.159305095672607 3.2833845615386963 15.189875602722168 0.3550161042234849 0.0694819763302803 4300
seq3_frame00063.png 0.24101298680667432 0.29813235998153687 -0.6187834143638611 0.6856652498245239 5.81940221786499 3.2241103649139404 15.463160514831543 0.3541752705840593 0.03376951813697815 4548
seq3_frame00064.png 0.2410452656411617 0.27744805812835693 -0.6126670241355896 0.6996848583221436 5.933499813079834 3.8122963905334473 16.042444229125977 0.1707958571276843 0.0259323138743639 4616
seq3_frame00065.png 0.22400218520121448 0.25513264536857605 -0.6336348056793213 0.6951526999473572 5.621304512023926 3.253718852996826 16.739688873291016 0.2369233607735809 0.03762275353074074 4555
seq3_frame00066.png 0.19998562975949377 0.2002297341823578 -0.6554455757141113 0.7002177834510803 4.25493860244751 2.9237353801727295 17.49024772644043 0.3420978686254636 0.03877835348248482 4559
seq3_frame00067.png 0.1660000878090596 0.15710808336734772 -0.6744138598442078 0.7020876407623291 2.5628795623779297 2.493833065032959 18.195486068725586 0.22348937919215753 0.0405394621193409 4007
